1.42671 37.1456 33.5256 0.000989137 -0.850171 0.526506
1.44566 37.7049 34.4288 0.000989113 -0.850168 0.526511
1.44376 38.2617 35.3278 0.000985875 -0.850165 0.526515
1.44539 38.8046 36.2045 0.000989731 -0.850167 0.526512
1.46592 39.4066 37.1765 0.000985939 -0.850167 0.526512
1.47762 39.9908 38.1198 0.000986503 -0.850168 0.52651
1.51625 40.5845 39.0784 0.000987645 -0.850171 0.526506
1.4797 41.1497 39.9911 0.00099862 -0.850168 0.526511
1.48224 41.6944 40.8707 0.000990734 -0.850166 0.526514
1.46073 42.2495 41.7669 0.000996042 -0.850163 0.526518
1.44966 42.8701 42.769 0.000982918 -0.850167 0.526512
1.47238 43.4824 43.7578 0.000975164 -0.850164 0.526517
2.24598 43.6947 44.099 0.000992545 -0.850165 0.526515
3.45177 43.6786 44.0708 0.000997453 -0.850166 0.526515
4.49982 43.6714 44.0573 0.000991935 -0.850164 0.526516
5.53403 43.7031 44.1065 0.000991784 -0.850162 0.52652
6.55566 43.7125 44.1197 0.00100142 -0.850168 0.526511
7.56848 43.7067 44.1084 0.00098669 -0.850164 0.526517
8.57782 43.7008 44.097 0.000980145 -0.85017 0.526508
9.5911 43.7024 44.0976 0.000977118 -0.850172 0.526505
10.7386 43.7054 44.1003 0.000988083 -0.850167 0.526511
11.8145 43.7011 44.0914 0.000989734 -0.850169 0.526509
12.8906 43.7205 44.1207 0.000980535 -0.850161 0.526522
14.0475 43.7161 44.1115 0.000984556 -0.850167 0.526513
15.0655 43.7155 44.1086 0.00098636 -0.850165 0.526515
16.087 43.7038 44.0878 0.000988196 -0.850165 0.526515
17.0908 43.7088 44.094 0.000979353 -0.850162 0.526521
18.1627 43.6984 44.0751 0.000981428 -0.850165 0.526515
19.2446 43.7161 44.1016 0.000988384 -0.850164 0.526517
20.2587 43.7148 44.0976 0.000992869 -0.850165 0.526515
21.399 43.7048 44.0795 0.000989095 -0.850169 0.526509
22.4635 43.7272 44.1135 0.000986187 -0.850162 0.526521
23.6373 43.7273 44.1115 0.000984768 -0.850162 0.52652
24.7011 43.7163 44.0918 0.000981128 -0.850164 0.526517
25.8599 43.7067 44.0742 0.000984205 -0.850161 0.526521
26.9864 43.7122 44.0809 0.000989288 -0.850167 0.526513
28.029 43.7177 44.0878 0.000994515 -0.850167 0.526512
29.1564 43.723 44.0943 0.000990274 -0.85017 0.526507
30.1924 43.7216 44.0901 0.0009802 -0.850163 0.526518
31.3191 43.7318 44.1044 0.000994152 -0.850166 0.526513
32.3266 43.7331 44.1046 0.000989635 -0.850168 0.526511
33.3376 43.7208 44.0828 0.00097414 -0.850167 0.526512
34.3914 43.7222 44.0831 0.000977117 -0.850164 0.526517
35.4755 43.724 44.084 0.000987909 -0.850168 0.526511
36.5384 43.718 44.0723 0.000982002 -0.850163 0.526519
37.5631 43.707 44.0527 0.000989227 -0.850166 0.526513
38.7449 43.7406 44.1048 0.000985366 -0.850168 0.52651
39.8753 43.7115 44.0556 0.000988814 -0.850162 0.526521
40.9733 43.7258 44.0766 0.000989035 -0.850163 0.526518
42.1185 43.7313 44.0834 0.000984051 -0.850164 0.526517
43.1381 43.7316 44.0819 0.000989837 -0.850166 0.526514
44.161 43.731 44.0791 0.000987232 -0.850166 0.526514
45.221 43.7318 44.0784 0.000989786 -0.850166 0.526513
46.2764 43.7234 44.0628 0.000992968 -0.85017 0.526507
47.2978 43.7219 44.0585 0.00098711 -0.850167 0.526512
48.3865 43.7042 44.0279 0.000991741 -0.85017 0.526507
48.5262 43.1907 43.1984 0.000996638 -0.850168 0.526511
48.5248 42.6339 42.2993 0.000998411 -0.850168 0.526511
48.5232 42.0692 41.3875 0.000991923 -0.85017 0.526508
48.5274 41.5311 40.5186 0.00099974 -0.85017 0.526507
48.5251 40.9915 39.6473 0.000984854 -0.85017 0.526507
48.5232 40.4459 38.7663 0.000994594 -0.850173 0.526502
48.5064 39.889 37.8671 0.000994802 -0.850167 0.526513
48.5219 39.3621 37.0162 0.000997221 -0.850174 0.526501
48.5041 38.8096 36.1242 0.000994823 -0.850171 0.526505
48.5094 38.233 35.1931 0.000990237 -0.850171 0.526506
48.5234 37.6915 34.3186 0.000985493 -0.850167 0.526513
48.5249 37.0968 33.3584 0.000982099 -0.850172 0.526504
48.5344 36.5322 32.4467 0.000981774 -0.850167 0.526513
48.5532 35.9978 31.5838 0.000995623 -0.85017 0.526508
48.5605 35.3642 30.5607 0.000977808 -0.850172 0.526504
48.5616 34.7249 29.5284 0.000988123 -0.850168 0.52651
48.5625 34.0843 28.494 0.000981181 -0.850174 0.5265
48.5627 33.4425 27.4576 0.000988278 -0.850167 0.526511
48.5625 32.7989 26.4183 0.000989131 -0.850167 0.526512
48.5618 32.1544 25.3777 0.000988775 -0.850165 0.526515
48.5607 31.6188 24.5129 0.000995019 -0.850171 0.526507
48.5585 30.9938 23.5037 0.000990133 -0.850169 0.526508
48.5541 30.3599 22.4801 0.000982112 -0.85017 0.526508
48.5502 29.8278 21.6209 0.000986669 -0.850168 0.52651
48.5001 29.2969 20.7637 0.000988689 -0.850171 0.526506
48.2757 28.8085 19.9755 0.000993064 -0.850168 0.526511
47.1881 28.7929 19.9524 0.000992425 -0.850167 0.526512
46.1136 28.7957 19.9589 0.000987034 -0.850166 0.526515
45.0774 28.8082 19.9811 0.00098952 -0.850167 0.526512
43.9932 28.7969 19.9649 0.000994365 -0.850166 0.526514
42.921 28.797 19.9669 0.000991189 -0.850168 0.52651
41.8135 28.7975 19.97 0.000993091 -0.850171 0.526506
40.7048 28.7976 19.9722 0.000988946 -0.850171 0.526506
39.6185 28.7973 19.9737 0.000989045 -0.850168 0.52651
38.528 28.7975 19.9761 0.000992148 -0.850167 0.526512
37.4383 28.7975 19.9782 0.000990335 -0.850167 0.526513
36.3495 28.7973 19.9798 0.000991103 -0.850167 0.526512
35.2685 28.797 19.9814 0.000990517 -0.850169 0.526509
34.1874 28.7961 19.9819 0.000988505 -0.850166 0.526514
33.1396 28.7911 19.9759 0.000989939 -0.850168 0.52651
32.0514 28.7607 19.9289 0.000991487 -0.850169 0.526509
30.9839 28.7685 19.9435 0.000988324 -0.850169 0.52651
29.8053 28.7668 19.9429 0.000987031 -0.850168 0.526511
28.6581 28.7702 19.9506 0.000989586 -0.850166 0.526513
27.6256 28.7726 19.9564 0.000987561 -0.85017 0.526507
26.6149 28.7694 19.9532 0.000990842 -0.85017 0.526508
25.6138 28.7729 19.9606 0.000989329 -0.850169 0.526509
24.5152 28.7716 19.9606 0.000989793 -0.850169 0.526509
23.4819 28.7827 19.9805 0.00098975 -0.850167 0.526512
22.4543 28.7751 19.9701 0.000989067 -0.850169 0.526509
21.4372 28.7828 19.9844 0.000992971 -0.850168 0.526511
20.2533 28.7745 19.9733 0.000991767 -0.850166 0.526514
19.2509 28.7811 19.9859 0.000989138 -0.850169 0.526508
18.2264 28.7744 19.977 0.00099221 -0.850168 0.52651
17.0461 28.7772 19.9838 0.000988898 -0.850167 0.526512
15.9687 28.7765 19.9846 0.000987897 -0.850169 0.526509
14.8773 28.77 19.9762 0.00098663 -0.850169 0.526509
13.7945 28.7667 19.9728 0.000989905 -0.850169 0.526509
12.7457 28.7448 19.9394 0.000988668 -0.85017 0.526507
11.7457 28.7527 19.9541 0.000988471 -0.850169 0.526509
10.7074 28.763 19.9727 0.000987851 -0.850168 0.52651
9.66869 28.745 19.9455 0.000989699 -0.850168 0.52651
8.66106 28.7464 19.9497 0.000989216 -0.850168 0.526511
7.61393 28.7481 19.9544 0.000988106 -0.850167 0.526512
6.60386 28.7474 19.9551 0.000987587 -0.850165 0.526515
5.60264 28.7402 19.9454 0.000991834 -0.850169 0.526508
4.52397 28.7465 19.9576 0.000985683 -0.850169 0.526508
3.47592 28.7416 19.9516 0.000987041 -0.850169 0.526509
2.42018 28.7467 19.9618 0.000986982 -0.850167 0.526513
1.50455 28.8456 20.1232 0.000988242 -0.850168 0.52651
1.457 29.3719 20.9733 0.000987193 -0.850169 0.526509
1.45549 29.9565 21.9172 0.000986902 -0.85017 0.526508
1.45462 30.4979 22.7915 0.000989577 -0.850167 0.526512
1.45375 31.1062 23.7737 0.000986145 -0.850169 0.526509
1.45335 31.645 24.6437 0.000991801 -0.850168 0.526511
1.45338 32.2554 25.6293 0.000993272 -0.850168 0.526511
1.45388 32.7831 26.4814 0.000996998 -0.850169 0.526509
1.45541 33.4081 27.4905 0.000990505 -0.85017 0.526508
1.45756 33.9422 28.353 0.000986097 -0.850167 0.526511
1.46111 34.5625 29.3547 0.000994407 -0.850166 0.526515
1.46519 35.113 30.2435 0.000981555 -0.850169 0.52651
1.46907 35.6478 31.1071 0.000999684 -0.85017 0.526508
1.47158 36.2235 32.0366 0.000993916 -0.850171 0.526506
1.46005 36.8073 32.9793 0.000987631 -0.85017 0.526508
1.42993 37.0914 33.4381 0.000990009 -0.850173 0.526503
0.52387 37.1021 33.4572 0.000984217 -0.850169 0.526509
0.524807 37.688 34.4032 0.000991406 -0.850169 0.526509
0.52891 38.3289 35.4381 0.000996337 -0.85017 0.526507
0.54332 38.955 36.4491 0.000990653 -0.850165 0.526515
0.552704 39.4949 37.3208 0.00098962 -0.850167 0.526512
0.56432 40.0996 38.2972 0.000981814 -0.850166 0.526514
0.589118 40.6956 39.2595 0.000988654 -0.850166 0.526514
0.545916 41.2506 40.1557 0.000986082 -0.850166 0.526514
0.535356 41.7815 41.013 0.000991059 -0.850169 0.52651
0.531242 42.3393 41.9137 0.000980764 -0.85017 0.526507
0.532073 42.9725 42.9361 0.000986702 -0.850167 0.526513
0.537774 43.5856 43.926 0.000979493 -0.850167 0.526513
0.761444 44.1684 44.8668 0.000988558 -0.850165 0.526516
1.84032 44.1828 44.8879 0.000994808 -0.850166 0.526514
2.95269 44.1784 44.8787 0.0010009 -0.850166 0.526513
4.05257 44.1597 44.8465 0.00099821 -0.850166 0.526514
5.09148 44.1787 44.8752 0.000994053 -0.850156 0.52653
6.1674 44.1958 44.9007 0.000999275 -0.850166 0.526514
7.31505 44.1916 44.8919 0.000989241 -0.850162 0.52652
8.40619 44.1797 44.8705 0.000982791 -0.850168 0.52651
9.42214 44.1824 44.8731 0.000980244 -0.850159 0.526525
10.5726 44.1957 44.8923 0.0009913 -0.850168 0.52651
11.6091 44.1887 44.8791 0.000991187 -0.850164 0.526517
12.6368 44.1969 44.8904 0.000984229 -0.850167 0.526512
13.7056 44.191 44.8789 0.000987737 -0.850166 0.526514
14.8513 44.2038 44.8974 0.000980547 -0.850165 0.526515
15.8938 44.1962 44.8832 0.000983641 -0.850164 0.526517
17.018 44.1962 44.8811 0.000984749 -0.850163 0.526519
18.1393 44.1963 44.8792 0.00098363 -0.850162 0.52652
19.2192 44.1955 44.8758 0.000989496 -0.850165 0.526516
20.3148 44.1954 44.8737 0.000990257 -0.850164 0.526517
21.3858 44.1882 44.86 0.000985085 -0.85016 0.526523
22.4156 44.2035 44.8828 0.000981754 -0.850167 0.526513
23.5151 44.2089 44.8895 0.000975126 -0.850172 0.526505
24.6173 44.1976 44.8691 0.000985181 -0.850162 0.526521
25.6663 44.1991 44.8695 0.000984361 -0.850173 0.526503
26.7435 44.2059 44.8785 0.000984416 -0.850166 0.526513
27.8381 44.1949 44.8587 0.00098609 -0.850164 0.526518
28.8995 44.2107 44.8823 0.000987149 -0.850161 0.526523
30.0742 44.211 44.8806 0.000986705 -0.850166 0.526513
31.1318 44.209 44.8754 0.000993146 -0.850162 0.52652
32.1969 44.2126 44.8792 0.000978641 -0.85017 0.526508
33.2309 44.2034 44.8623 0.00098536 -0.850165 0.526515
34.2637 44.1968 44.8497 0.000984705 -0.850161 0.526522
35.2685 44.2109 44.8706 0.00100013 -0.850161 0.526522
36.432 44.2027 44.8552 0.000983185 -0.850163 0.526519
37.4452 44.2013 44.851 0.000983189 -0.850169 0.526509
38.5353 44.2197 44.8787 0.000988573 -0.850167 0.526512
39.5924 44.214 44.8675 0.000992241 -0.850167 0.526513
40.7398 44.2201 44.8753 0.000980561 -0.850168 0.52651
41.742 44.2199 44.873 0.000984231 -0.850161 0.526521
42.7896 44.2223 44.8749 0.000989766 -0.850164 0.526516
43.8416 44.2102 44.8534 0.000989111 -0.850164 0.526518
44.9889 44.2137 44.857 0.000988671 -0.850166 0.526514
46.0864 44.2214 44.8674 0.000983527 -0.850162 0.526521
47.2743 44.2233 44.8682 0.000988099 -0.850159 0.526524
48.3467 44.2158 44.854 0.000981464 -0.850168 0.52651
49.342 44.1728 44.7827 0.000993918 -0.850166 0.526514
49.4471 43.6352 43.9145 0.00099413 -0.850172 0.526505
49.4387 43.054 42.9759 0.000986266 -0.850171 0.526506
49.4314 42.5041 42.0881 0.000987391 -0.850167 0.526512
49.4366 41.9543 41.2003 0.000984818 -0.850173 0.526503
49.4429 41.4013 40.3073 0.000984256 -0.85017 0.526507
49.4616 40.8636 39.439 0.000990216 -0.850166 0.526514
49.4427 40.3358 38.5868 0.000992281 -0.85017 0.526507
49.4395 39.8056 37.7306 0.000999822 -0.850169 0.526508
49.4316 39.2505 36.8343 0.000997409 -0.85017 0.526507
49.4279 38.723 35.9826 0.000990536 -0.850172 0.526503
49.4324 38.1776 35.1018 0.000985765 -0.850164 0.526517
49.4405 37.5394 34.0714 0.000983992 -0.850172 0.526505
49.4552 37.0019 33.2035 0.000990023 -0.850168 0.526511
49.4526 36.4034 32.237 0.000991257 -0.850172 0.526504
49.463 35.8115 31.2813 0.000975037 -0.850171 0.526505
49.4609 35.1705 30.2461 0.000991169 -0.850169 0.526509
49.4613 34.5278 29.2085 0.000987583 -0.850173 0.526502
49.4616 33.8852 28.1708 0.000997638 -0.850166 0.526514
49.4616 33.2417 27.1317 0.000989406 -0.850168 0.526511
49.4613 32.5977 26.0917 0.00099272 -0.850168 0.52651
49.4605 31.9533 25.0512 0.000990296 -0.850172 0.526504
49.4595 31.309 24.011 0.000984558 -0.850169 0.526509
49.4586 30.6669 22.9741 0.000987399 -0.850171 0.526506
49.463 30.0195 21.9288 0.000984911 -0.850171 0.526506
49.4502 29.4449 21.0009 0.000989382 -0.85017 0.526507
49.4372 28.8465 20.0347 0.000987141 -0.850168 0.52651
49.2143 28.3401 19.2174 0.000992986 -0.850167 0.526512
48.1626 28.3215 19.1894 0.000987091 -0.850168 0.52651
47.1394 28.3059 19.1661 0.000985337 -0.850168 0.526511
46.0398 28.3147 19.1823 0.000992226 -0.850167 0.526513
44.956 28.3197 19.1924 0.00099143 -0.850168 0.52651
43.8683 28.3194 19.1941 0.000992819 -0.850166 0.526514
42.7627 28.3182 19.1942 0.000991847 -0.850168 0.526511
41.6723 28.3173 19.1947 0.000993584 -0.850168 0.52651
40.583 28.3159 19.1946 0.000988928 -0.850169 0.526508
39.4911 28.3147 19.1947 0.000991016 -0.850165 0.526515
38.3987 28.314 19.1956 0.00099004 -0.850168 0.52651
37.3068 28.3136 19.197 0.000991425 -0.850168 0.526511
36.215 28.3131 19.1982 0.000991204 -0.85017 0.526508
35.1226 28.3124 19.1992 0.000989869 -0.850167 0.526512
34.0285 28.3108 19.1987 0.000987868 -0.850168 0.526511
32.8134 28.3002 19.1838 0.000989167 -0.850168 0.526511
31.7673 28.2827 19.1575 0.000987202 -0.850173 0.526503
30.7421 28.2863 19.1653 0.000987591 -0.850171 0.526506
29.6681 28.2934 19.1788 0.000988925 -0.850168 0.52651
28.5901 28.2865 19.1697 0.000984549 -0.850172 0.526504
27.5437 28.2931 19.1823 0.000988959 -0.850168 0.52651
26.5089 28.2829 19.1677 0.000991391 -0.850168 0.526511
25.4626 28.2977 19.1936 0.000986294 -0.85017 0.526507
24.3688 28.278 19.1639 0.000990607 -0.850165 0.526516
23.2503 28.2996 19.2008 0.00098767 -0.850169 0.52651
22.227 28.2841 19.1777 0.000985712 -0.85017 0.526507
21.2214 28.2982 19.2023 0.000988679 -0.850169 0.526509
20.2116 28.2836 19.1808 0.000987471 -0.850167 0.526512
19.188 28.2917 19.1957 0.000988793 -0.850167 0.526512
18.1353 28.2829 19.1834 0.00099091 -0.850168 0.526511
17.0992 28.289 19.1952 0.000989614 -0.85017 0.526508
16.0113 28.2826 19.1871 0.00098748 -0.85017 0.526507
15.01 28.276 19.1782 0.000987464 -0.850169 0.526508
13.9118 28.2776 19.1829 0.000989293 -0.850169 0.526509
12.8615 28.2711 19.1743 0.000984476 -0.850168 0.52651
11.7833 28.2685 19.1721 0.000989574 -0.850169 0.52651
10.7426 28.2684 19.1739 0.000989797 -0.850168 0.52651
9.72656 28.2635 19.1679 0.000994711 -0.850166 0.526513
8.69016 28.2644 19.1714 0.000991512 -0.850168 0.526511
7.61828 28.2614 19.1685 0.000988974 -0.85017 0.526508
6.61005 28.2617 19.1709 0.000988385 -0.85017 0.526508
5.49528 28.2607 19.1714 0.000990445 -0.850168 0.526511
4.46515 28.2621 19.1756 0.000989925 -0.850168 0.52651
3.41876 28.2619 19.1772 0.000989935 -0.850168 0.52651
2.37891 28.267 19.1874 0.000987118 -0.850167 0.526513
1.347 28.2626 19.1823 0.000985633 -0.850168 0.526511
0.563595 28.4441 19.4768 0.000992196 -0.850167 0.526512
0.550978 28.9775 20.3381 0.000987579 -0.850167 0.526512
0.549031 29.5994 21.3423 0.000989804 -0.850166 0.526515
0.547757 30.2401 22.3768 0.000993713 -0.850167 0.526512
0.546881 30.8828 23.4147 0.000988258 -0.850166 0.526514
0.546459 31.5264 24.4538 0.000986993 -0.850168 0.52651
0.546256 32.1679 25.4897 0.000994001 -0.850167 0.526512
0.546229 32.8097 26.526 0.00100275 -0.850167 0.526512
0.546882 33.454 27.5663 0.000993664 -0.850167 0.526512
0.548369 34.0976 28.6056 0.000987471 -0.850167 0.526513
0.550649 34.7412 29.6448 0.00098584 -0.850167 0.526511
0.553558 35.2692 30.4975 0.000989886 -0.850169 0.526509
0.558592 35.889 31.4983 0.000984408 -0.850169 0.526508
0.555836 36.4514 32.4064 0.000992842 -0.850168 0.526511
0.527694 36.978 33.2567 0.000983674 -0.850163 0.526519
0.526491 37.0034 33.2978 0.000984592 -0.850173 0.526503
1.92375 37.1591 33.5466 0.000989306 -0.850168 0.52651
3.07682 37.1601 33.546 0.000987304 -0.850166 0.526513
4.08661 37.1609 33.5454 0.00098619 -0.850169 0.526509
5.19049 37.1619 33.5449 0.000982243 -0.850165 0.526515
6.27647 37.1628 33.5443 0.000989077 -0.850167 0.526511
7.28099 37.1636 33.5438 0.000991998 -0.850168 0.526511
8.40164 37.1646 33.5432 0.000990341 -0.85017 0.526508
9.44614 37.1654 33.5426 0.000984336 -0.850175 0.5265
10.5283 37.1664 33.5421 0.000980757 -0.85017 0.526508
11.5553 37.1672 33.5415 0.000992901 -0.850175 0.526499
12.6805 37.1682 33.541 0.000989071 -0.850171 0.526506
13.6955 37.169 33.5404 0.000990516 -0.850171 0.526506
14.7533 37.1699 33.5399 0.000989433 -0.850167 0.526512
15.8248 37.1708 33.5393 0.000990371 -0.850168 0.52651
16.9342 37.1717 33.5387 0.000990338 -0.850172 0.526505
17.9821 37.1726 33.5382 0.000993125 -0.850171 0.526506
18.9868 37.1735 33.5377 0.00098628 -0.850168 0.526511
20.0064 37.1743 33.5371 0.000999802 -0.850168 0.526511
21.0113 37.1752 33.5366 0.000986168 -0.850161 0.526522
22.1092 37.1761 33.536 0.000985677 -0.850163 0.526519
23.1378 37.177 33.5355 0.000977052 -0.850167 0.526513
24.1792 37.1778 33.535 0.000980244 -0.850167 0.526512
25.2367 37.1787 33.5344 0.000987931 -0.850176 0.526498
26.3152 37.1796 33.5339 0.000988312 -0.850168 0.526511
27.4035 37.1805 33.5333 0.000988698 -0.85017 0.526507
28.4928 37.1814 33.5327 0.000993356 -0.850173 0.526502
29.6842 37.1824 33.5321 0.000997665 -0.850176 0.526497
30.7064 37.1833 33.5316 0.00098785 -0.850172 0.526504
31.7585 37.1842 33.531 0.000986553 -0.850171 0.526506
32.8383 37.1851 33.5305 0.000988094 -0.85017 0.526508
33.8812 37.186 33.5299 0.000987421 -0.850167 0.526513
34.8944 37.1868 33.5294 0.000983809 -0.85017 0.526508
35.927 37.1877 33.5289 0.000988156 -0.850172 0.526504
36.9654 37.1886 33.5283 0.000993397 -0.850167 0.526513
37.9826 37.1894 33.5278 0.000985126 -0.850175 0.526499
39.0179 37.1903 33.5273 0.000982264 -0.850169 0.526508
40.0301 37.1912 33.5267 0.000992401 -0.850174 0.526501
41.0776 37.192 33.5262 0.000983936 -0.850173 0.526503
42.21 37.193 33.5256 0.000993941 -0.85017 0.526508
43.3042 37.1939 33.525 0.000999063 -0.850175 0.5265
44.466 37.1949 33.5244 0.000981938 -0.850171 0.526505
45.6534 37.1959 33.5238 0.000986676 -0.850175 0.526499
46.7363 37.1968 33.5232 0.000988751 -0.850169 0.52651
47.9108 37.1978 33.5226 0.00098587 -0.850172 0.526504
47.9441 37.1978 33.5226 0.00098169 -0.850168 0.52651
47.9657 37.6694 34.284 0.000991591 -0.850167 0.526512
46.8438 37.6684 34.2846 0.00100237 -0.850172 0.526504
45.777 37.6675 34.2852 0.000992536 -0.85017 0.526507
44.7018 37.6666 34.2857 0.000994857 -0.850167 0.526512
43.5658 37.6657 34.2863 0.000982136 -0.850167 0.526512
42.4875 37.6648 34.2869 0.000992505 -0.850166 0.526513
41.4717 37.6639 34.2874 0.000988228 -0.850173 0.526503
40.3731 37.663 34.288 0.000983184 -0.850168 0.526511
39.3517 37.6621 34.2885 0.000991393 -0.850167 0.526513
38.1965 37.6612 34.2891 0.00098447 -0.850169 0.526509
37.1766 37.6603 34.2896 0.000989511 -0.850175 0.526499
36.1705 37.6595 34.2902 0.000994729 -0.850171 0.526506
35.0416 37.6585 34.2908 0.000992439 -0.850171 0.526505
34.0118 37.6576 34.2913 0.000990359 -0.850171 0.526506
32.9924 37.6568 34.2918 0.000989826 -0.850167 0.526512
31.9455 37.6559 34.2924 0.000992618 -0.850173 0.526502
30.9206 37.655 34.2929 0.000996112 -0.850178 0.526494
29.9068 37.6542 34.2934 0.000995028 -0.850178 0.526495
28.7144 37.6532 34.2941 0.000996494 -0.850171 0.526505
27.6381 37.6523 34.2946 0.000976965 -0.850173 0.526503
26.4883 37.6513 34.2952 0.000990091 -0.85017 0.526507
25.4802 37.6505 34.2957 0.00097688 -0.850165 0.526516
24.3404 37.6495 34.2963 0.00098037 -0.850169 0.52651
23.1253 37.6485 34.297 0.000988856 -0.850168 0.52651
22.125 37.6477 34.2975 0.000980016 -0.850168 0.52651
21.1211 37.6468 34.298 0.000982708 -0.850166 0.526514
20.0661 37.6459 34.2985 0.000983822 -0.850161 0.526523
18.8503 37.6449 34.2992 0.00100427 -0.850166 0.526515
17.759 37.644 34.2997 0.000998996 -0.850166 0.526513
16.7546 37.6431 34.3003 0.000991079 -0.850171 0.526506
15.5668 37.6421 34.3009 0.000983266 -0.850174 0.5265
14.5258 37.6413 34.3014 0.000991414 -0.850162 0.52652
13.4883 37.6404 34.302 0.000997356 -0.850168 0.526511
12.2939 37.6394 34.3026 0.000990281 -0.850167 0.526511
11.194 37.6385 34.3032 0.000980543 -0.850166 0.526514
10.1368 37.6376 34.3037 0.000982785 -0.850169 0.526508
9.11084 37.6367 34.3042 0.000992527 -0.850173 0.526503
8.02438 37.6358 34.3048 0.000986982 -0.850165 0.526516
6.95884 37.6349 34.3054 0.000995319 -0.850168 0.52651
5.92887 37.634 34.3059 0.000984348 -0.850166 0.526514
4.88849 37.6332 34.3064 0.000978448 -0.85017 0.526507
3.84194 37.6323 34.307 0.000987908 -0.850167 0.526511
2.81306 37.6314 34.3075 0.000983984 -0.850164 0.526518
1.95265 37.6307 34.308 0.000987656 -0.850167 0.526512
2.0904 38.1024 35.0693 0.000983326 -0.850168 0.526511
3.141 38.1033 35.0688 0.000987734 -0.850167 0.526512
4.24155 38.1042 35.0682 0.000996104 -0.850168 0.526511
5.33539 38.1051 35.0676 0.000991307 -0.850168 0.526511
6.41967 38.106 35.0671 0.00100284 -0.850171 0.526505
7.54051 38.107 35.0665 0.000984978 -0.850169 0.52651
8.65235 38.1079 35.0659 0.000989956 -0.850167 0.526512
9.66188 38.1087 35.0654 0.000988713 -0.850163 0.526518
10.7217 38.1096 35.0648 0.000986404 -0.850173 0.526503
11.7795 38.1105 35.0643 0.000980279 -0.850168 0.526511
12.847 38.1114 35.0637 0.00098941 -0.850165 0.526516
13.9454 38.1123 35.0632 0.00098528 -0.85017 0.526507
15.0223 38.1132 35.0626 0.000988587 -0.850168 0.526511
16.1386 38.1142 35.062 0.00099437 -0.85017 0.526508
17.164 38.115 35.0615 0.000986588 -0.850166 0.526513
18.2419 38.116 35.0609 0.00100239 -0.85016 0.526523
19.3083 38.1169 35.0604 0.000990975 -0.850161 0.526521
20.4273 38.1178 35.0598 0.000983549 -0.850164 0.526518
21.4716 38.1187 35.0592 0.000980049 -0.850169 0.526509
22.4968 38.1195 35.0587 0.000985309 -0.850166 0.526514
23.5061 38.1204 35.0582 0.000986759 -0.850166 0.526514
24.6357 38.1213 35.0576 0.000985072 -0.85017 0.526508
25.705 38.1222 35.057 0.000981479 -0.850168 0.52651
26.7951 38.1231 35.0565 0.000983722 -0.850166 0.526513
27.8211 38.124 35.0559 0.000990655 -0.850171 0.526506
28.9087 38.1249 35.0554 0.000986399 -0.850174 0.526501
30.0246 38.1258 35.0548 0.000981409 -0.850182 0.526489
31.0496 38.1267 35.0543 0.000995973 -0.850176 0.526498
32.1828 38.1276 35.0537 0.000992139 -0.850169 0.526509
33.2794 38.1286 35.0531 0.000996447 -0.850168 0.526511
34.4081 38.1295 35.0525 0.000989253 -0.850169 0.52651
35.4313 38.1304 35.052 0.000992671 -0.850174 0.526501
36.4327 38.1312 35.0515 0.000983492 -0.85017 0.526507
37.5618 38.1322 35.0509 0.000981604 -0.850168 0.526511
38.6921 38.1331 35.0503 0.000992855 -0.850168 0.526511
39.7995 38.1341 35.0497 0.000987085 -0.850165 0.526515
40.9282 38.135 35.0491 0.000986976 -0.85017 0.526507
41.9316 38.1359 35.0486 0.000984296 -0.850167 0.526512
43.025 38.1368 35.048 0.00099109 -0.850169 0.526509
44.115 38.1377 35.0475 0.000985877 -0.850169 0.526508
45.1661 38.1386 35.0469 0.000990317 -0.850167 0.526512
46.3555 38.1396 35.0463 0.000984872 -0.850168 0.526511
47.4412 38.1405 35.0457 0.000979116 -0.850171 0.526506
47.9672 38.1409 35.0455 0.000982425 -0.850173 0.526502
47.9683 38.6125 35.8069 0.000990798 -0.850169 0.526509
46.8935 38.6116 35.8074 0.00098617 -0.85017 0.526508
45.8678 38.6107 35.808 0.000984378 -0.850171 0.526506
44.7345 38.6098 35.8086 0.000991086 -0.850171 0.526506
43.656 38.6089 35.8091 0.00099105 -0.850169 0.52651
42.5858 38.608 35.8097 0.000990638 -0.850166 0.526514
41.442 38.607 35.8103 0.0009927 -0.850165 0.526516
40.4179 38.6061 35.8108 0.00098386 -0.850172 0.526504
39.284 38.6052 35.8114 0.000986511 -0.850172 0.526504
38.1103 38.6042 35.812 0.00098836 -0.85017 0.526507
37.0528 38.6033 35.8126 0.000993428 -0.85017 0.526508
35.9568 38.6024 35.8131 0.000994345 -0.850172 0.526505
34.9245 38.6015 35.8137 0.0009905 -0.850173 0.526502
33.8769 38.6006 35.8142 0.000993661 -0.85017 0.526508
32.8759 38.5998 35.8147 0.000998073 -0.850179 0.526493
31.7619 38.5988 35.8153 0.000993857 -0.850173 0.526503
30.7087 38.5979 35.8159 0.000995215 -0.850173 0.526502
29.7016 38.5971 35.8164 0.000988097 -0.850169 0.526509
28.5118 38.5961 35.817 0.000988242 -0.850167 0.526512
27.4161 38.5952 35.8176 0.000987524 -0.850168 0.526511
26.4117 38.5944 35.8181 0.000983878 -0.850167 0.526512
25.391 38.5935 35.8186 0.00098246 -0.85016 0.526523
24.3812 38.5927 35.8192 0.000980003 -0.850165 0.526516
23.1758 38.5917 35.8198 0.000988723 -0.850169 0.52651
22.1561 38.5908 35.8203 0.00098696 -0.850164 0.526517
21.1177 38.5899 35.8208 0.000980691 -0.850169 0.526509
20.0637 38.5891 35.8214 0.000986868 -0.850164 0.526517
18.9495 38.5881 35.822 0.000989394 -0.850164 0.526516
17.7743 38.5871 35.8226 0.0010002 -0.850165 0.526515
16.739 38.5862 35.8231 0.000999595 -0.85016 0.526523
15.6518 38.5853 35.8237 0.000985026 -0.850165 0.526515
14.631 38.5845 35.8242 0.000983533 -0.850163 0.526519
13.5725 38.5836 35.8248 0.000983995 -0.850167 0.526512
12.5094 38.5827 35.8253 0.000984215 -0.850166 0.526515
11.3624 38.5817 35.8259 0.000993128 -0.850167 0.526512
10.3254 38.5808 35.8265 0.000997488 -0.850166 0.526514
9.27935 38.58 35.827 0.000987663 -0.850171 0.526506
8.18358 38.579 35.8276 0.000989866 -0.850166 0.526514
7.04473 38.5781 35.8282 0.000990814 -0.850173 0.526503
5.88211 38.5771 35.8288 0.000993113 -0.850162 0.52652
4.77956 38.5762 35.8294 0.00099055 -0.850171 0.526505
3.77011 38.5753 35.8299 0.00098799 -0.850164 0.526516
2.67158 38.5744 35.8305 0.000993196 -0.850166 0.526514
1.96809 38.5738 35.8308 0.000986474 -0.850167 0.526512
1.90888 39.0453 36.5923 0.000987153 -0.850162 0.52652
3.07685 39.0463 36.5917 0.000983899 -0.850166 0.526514
4.2548 39.0473 36.5911 0.000991796 -0.850171 0.526506
5.2626 39.0481 36.5905 0.00099165 -0.850171 0.526506
6.27306 39.049 36.59 0.000985787 -0.850164 0.526517
7.31126 39.0499 36.5895 0.000995707 -0.850168 0.52651
8.44168 39.0508 36.5889 0.000988048 -0.850169 0.526509
9.53092 39.0517 36.5883 0.000988547 -0.85017 0.526507
10.6455 39.0527 36.5877 0.000989428 -0.850168 0.52651
11.682 39.0535 36.5872 0.000998793 -0.850168 0.526511
12.7301 39.0544 36.5866 0.000983832 -0.85017 0.526507
13.7869 39.0553 36.5861 0.000989455 -0.850169 0.526509
14.8876 39.0562 36.5855 0.000996791 -0.850163 0.526519
15.899 39.0571 36.585 0.000995652 -0.850164 0.526518
16.9527 39.058 36.5844 0.000993574 -0.85016 0.526523
17.9595 39.0588 36.5839 0.000998046 -0.850166 0.526513
18.984 39.0597 36.5834 0.000986701 -0.850168 0.526511
20.0032 39.0606 36.5828 0.000983682 -0.850166 0.526514
21.0205 39.0614 36.5823 0.000979157 -0.850169 0.526509
22.0808 39.0623 36.5818 0.000977839 -0.850168 0.52651
23.099 39.0631 36.5812 0.000984388 -0.850165 0.526515
24.1681 39.064 36.5807 0.000980038 -0.85017 0.526507
25.2749 39.065 36.5801 0.000993071 -0.850167 0.526512
26.2766 39.0658 36.5796 0.00098178 -0.850165 0.526516
27.3084 39.0667 36.5791 0.000981011 -0.850171 0.526506
28.3428 39.0675 36.5785 0.000975386 -0.850171 0.526505
29.5273 39.0685 36.5779 0.000989281 -0.850174 0.526501
30.6209 39.0694 36.5774 0.000985929 -0.850168 0.526511
31.733 39.0704 36.5768 0.000992945 -0.850173 0.526502
32.8581 39.0713 36.5762 0.00099027 -0.850172 0.526504
34.1044 39.0724 36.5755 0.000991791 -0.850182 0.526489
35.1203 39.0732 36.575 0.000991507 -0.850176 0.526498
36.2086 39.0741 36.5744 0.000978992 -0.850173 0.526503
37.2829 39.075 36.5739 0.000994896 -0.850172 0.526503
38.3293 39.0759 36.5733 0.000985145 -0.850168 0.526511
39.4327 39.0769 36.5728 0.000993574 -0.850167 0.526513
40.4637 39.0777 36.5722 0.000986753 -0.850165 0.526515
41.6649 39.0787 36.5716 0.00099059 -0.850172 0.526503
42.6972 39.0796 36.5711 0.000990305 -0.850169 0.526508
43.7011 39.0804 36.5705 0.000993554 -0.850174 0.526502
44.7316 39.0813 36.57 0.000992214 -0.850175 0.5265
45.7911 39.0822 36.5694 0.000989052 -0.850169 0.526509
46.8459 39.0831 36.5689 0.000979344 -0.85017 0.526508
47.9557 39.084 36.5683 0.000990851 -0.850166 0.526514
47.9931 39.0841 36.5683 0.000994823 -0.850169 0.526509
47.8935 39.5555 37.3298 0.00100145 -0.850166 0.526514
46.8667 39.5547 37.3303 0.000993123 -0.850171 0.526505
45.7872 39.5538 37.3309 0.000993788 -0.850173 0.526503
44.6826 39.5528 37.3315 0.000990252 -0.850171 0.526506
43.5246 39.5518 37.3321 0.000985492 -0.850168 0.526511
42.5191 39.551 37.3326 0.000986654 -0.850169 0.526509
41.5156 39.5502 37.3331 0.000992261 -0.85017 0.526507
40.4061 39.5492 37.3337 0.000989093 -0.850166 0.526515
39.3864 39.5484 37.3342 0.000997006 -0.850168 0.526511
38.2913 39.5474 37.3348 0.00099142 -0.85017 0.526508
37.2062 39.5465 37.3353 0.000998892 -0.85017 0.526507
36.0868 39.5456 37.3359 0.000999166 -0.850169 0.526509
35.0324 39.5447 37.3365 0.00100497 -0.850176 0.526498
33.9122 39.5437 37.3371 0.00099478 -0.850175 0.526499
32.8614 39.5429 37.3376 0.000997837 -0.850174 0.5265
31.7777 39.5419 37.3382 0.000987666 -0.850166 0.526514
30.6731 39.541 37.3388 0.000982213 -0.850169 0.52651
29.6107 39.5401 37.3393 0.000977321 -0.850168 0.52651
28.4705 39.5392 37.3399 0.000981864 -0.850166 0.526513
27.3666 39.5383 37.3405 0.000987068 -0.850164 0.526516
26.2979 39.5374 37.341 0.000987015 -0.850172 0.526505
25.2615 39.5365 37.3416 0.000979581 -0.850174 0.526501
24.2084 39.5356 37.3421 0.000980489 -0.85017 0.526508
23.1085 39.5347 37.3427 0.000974333 -0.850166 0.526514
22.0838 39.5339 37.3432 0.000980756 -0.850165 0.526516
20.9474 39.5329 37.3438 0.000979896 -0.850167 0.526512
19.8917 39.532 37.3443 0.000981552 -0.850169 0.526508
18.754 39.5311 37.3449 0.000988152 -0.850168 0.526511
17.6479 39.5301 37.3455 0.000985199 -0.850168 0.526511
16.645 39.5293 37.346 0.00100071 -0.850163 0.526518
15.6316 39.5284 37.3466 0.000995006 -0.850162 0.52652
14.5248 39.5275 37.3471 0.00100331 -0.85016 0.526524
13.4347 39.5266 37.3477 0.000998685 -0.850169 0.526508
12.3504 39.5257 37.3483 0.000997018 -0.85017 0.526508
11.3273 39.5248 37.3488 0.000992094 -0.850169 0.52651
10.2821 39.5239 37.3493 0.000990898 -0.850166 0.526514
9.24035 39.523 37.3499 0.000985864 -0.85017 0.526507
8.02723 39.522 37.3505 0.000991602 -0.85017 0.526507
6.90719 39.5211 37.3511 0.000989105 -0.850164 0.526516
5.89896 39.5202 37.3516 0.000989601 -0.850172 0.526504
4.83311 39.5193 37.3522 0.000979531 -0.850168 0.526511
3.75442 39.5184 37.3527 0.000984967 -0.850167 0.526512
2.71458 39.5176 37.3533 0.000991532 -0.850166 0.526515
1.98591 39.5169 37.3537 0.00098942 -0.850169 0.526509
1.95545 39.9885 38.1151 0.000990055 -0.850166 0.526514
2.9718 39.9893 38.1146 0.000999727 -0.85017 0.526507
4.01609 39.9902 38.114 0.000987369 -0.850167 0.526512
5.09543 39.9911 38.1135 0.000993001 -0.850169 0.526509
6.23169 39.9921 38.1129 0.000988507 -0.850165 0.526515
7.2914 39.993 38.1123 0.000977755 -0.850166 0.526514
8.38661 39.9939 38.1118 0.000988837 -0.850169 0.526509
9.55151 39.9949 38.1112 0.000989739 -0.850168 0.526511
10.5557 39.9957 38.1106 0.000985205 -0.850167 0.526513
11.702 39.9967 38.11 0.00099831 -0.850164 0.526518
12.8414 39.9976 38.1094 0.000992606 -0.850164 0.526517
13.9294 39.9986 38.1089 0.000991547 -0.850157 0.526528
15.0881 39.9995 38.1083 0.00100335 -0.850161 0.526523
16.2005 40.0005 38.1077 0.00099233 -0.850163 0.526519
17.3482 40.0014 38.1071 0.000991649 -0.850166 0.526514
18.4544 40.0024 38.1065 0.000981337 -0.850169 0.52651
19.5486 40.0033 38.1059 0.000975292 -0.850168 0.52651
20.5688 40.0041 38.1054 0.000981814 -0.850174 0.526502
21.6986 40.0051 38.1048 0.000974369 -0.85017 0.526507
22.7736 40.006 38.1043 0.000984753 -0.850171 0.526506
23.8109 40.0068 38.1037 0.000974628 -0.85017 0.526507
24.9702 40.0078 38.1031 0.00098529 -0.850168 0.526511
26.0422 40.0087 38.1026 0.000991458 -0.85017 0.526507
27.044 40.0095 38.1021 0.000983935 -0.85017 0.526507
28.0734 40.0104 38.1015 0.000980041 -0.850173 0.526502
29.1455 40.0113 38.101 0.000978325 -0.85017 0.526508
30.3182 40.0123 38.1004 0.000974997 -0.850168 0.52651
31.4125 40.0132 38.0998 0.000983964 -0.850173 0.526503
32.4401 40.0141 38.0993 0.000990954 -0.85017 0.526508
33.5017 40.0149 38.0987 0.000992131 -0.850172 0.526504
34.6559 40.0159 38.0981 0.000984596 -0.850177 0.526496
35.7641 40.0169 38.0975 0.00099401 -0.850172 0.526504
36.8467 40.0178 38.097 0.000995275 -0.850174 0.526502
37.9558 40.0187 38.0964 0.000992972 -0.85017 0.526507
38.9797 40.0196 38.0959 0.000983106 -0.850172 0.526505
40.0223 40.0205 38.0953 0.00098177 -0.850171 0.526505
41.0435 40.0213 38.0948 0.00099739 -0.85017 0.526508
42.1654 40.0223 38.0942 0.000992262 -0.850176 0.526498
43.3059 40.0232 38.0936 0.000984905 -0.850165 0.526515
44.3348 40.0241 38.0931 0.000979358 -0.850171 0.526506
45.439 40.025 38.0925 0.000990336 -0.850167 0.526513
46.5747 40.026 38.0919 0.000986464 -0.850169 0.52651
47.635 40.0269 38.0913 0.0009861 -0.850169 0.526509
47.9113 40.0271 38.0912 0.000996411 -0.850173 0.526502
48.03 40.4987 38.8526 0.000992991 -0.850173 0.526502
47.0059 40.4979 38.8531 0.000981773 -0.850168 0.526511
45.8497 40.4969 38.8537 0.000994915 -0.850169 0.526508
44.7431 40.496 38.8543 0.000988594 -0.85017 0.526508
43.6338 40.495 38.8549 0.00098685 -0.850173 0.526503
42.4923 40.4941 38.8555 0.000984927 -0.850167 0.526512
41.3744 40.4931 38.856 0.000989867 -0.850168 0.52651
40.2952 40.4922 38.8566 0.000990527 -0.850167 0.526512
39.1891 40.4913 38.8572 0.000997899 -0.850172 0.526504
38.1214 40.4904 38.8577 0.000996096 -0.850179 0.526494
37.088 40.4895 38.8583 0.000993872 -0.850178 0.526494
35.9869 40.4886 38.8589 0.000998232 -0.850172 0.526505
34.8775 40.4877 38.8594 0.000988825 -0.850171 0.526506
33.6744 40.4866 38.8601 0.000987061 -0.850165 0.526516
32.477 40.4856 38.8607 0.000990939 -0.850168 0.526511
31.313 40.4847 38.8613 0.000985442 -0.850166 0.526515
30.1803 40.4837 38.8619 0.000989879 -0.850165 0.526516
29.0691 40.4828 38.8624 0.000987205 -0.850178 0.526495
28.0438 40.4819 38.863 0.000988715 -0.85017 0.526507
26.929 40.481 38.8636 0.00098122 -0.850174 0.526501
25.8662 40.4801 38.8641 0.000979284 -0.850166 0.526514
24.8596 40.4793 38.8646 0.000966105 -0.850174 0.526501
23.8394 40.4784 38.8652 0.000977418 -0.850168 0.526511
22.7113 40.4775 38.8657 0.000985362 -0.850171 0.526506
21.6621 40.4766 38.8663 0.000972008 -0.850172 0.526504
20.597 40.4757 38.8668 0.00098035 -0.850172 0.526505
19.5618 40.4748 38.8674 0.000979084 -0.850176 0.526497
18.3393 40.4738 38.868 0.000974635 -0.850178 0.526494
17.335 40.473 38.8685 0.00098579 -0.850173 0.526502
16.2833 40.4721 38.8691 0.000989016 -0.850166 0.526513
15.27 40.4713 38.8696 0.000988396 -0.850162 0.52652
14.2098 40.4704 38.8701 0.000993673 -0.850155 0.526531
13.106 40.4694 38.8707 0.00100065 -0.850156 0.52653
12.0267 40.4685 38.8713 0.000994228 -0.850163 0.526519
11.0033 40.4676 38.8718 0.00100518 -0.850164 0.526517
9.98867 40.4668 38.8724 0.00100065 -0.850165 0.526515
8.90105 40.4659 38.8729 0.000992608 -0.850169 0.52651
7.84997 40.465 38.8735 0.000991909 -0.850166 0.526515
6.69209 40.464 38.8741 0.000984779 -0.850165 0.526516
5.67425 40.4632 38.8746 0.000980087 -0.850171 0.526506
4.65634 40.4623 38.8751 0.000980875 -0.85017 0.526507
3.59148 40.4614 38.8757 0.000984581 -0.850162 0.52652
2.56886 40.4605 38.8762 0.000991995 -0.850165 0.526516
1.99264 40.4601 38.8765 0.000989847 -0.85017 0.526508
2.02926 40.9316 39.6379 0.000990823 -0.85017 0.526508
3.03331 40.9325 39.6374 0.000985553 -0.850168 0.526511
4.09476 40.9334 39.6369 0.000989554 -0.850166 0.526514
5.24888 40.9344 39.6363 0.000990027 -0.850163 0.526519
6.30294 40.9352 39.6357 0.000981571 -0.850167 0.526512
7.30656 40.9361 39.6352 0.000990624 -0.850171 0.526505
8.31876 40.9369 39.6347 0.000981163 -0.850167 0.526512
9.42396 40.9379 39.6341 0.000999412 -0.850167 0.526513
10.5325 40.9388 39.6335 0.000998853 -0.85016 0.526524
11.5763 40.9397 39.6329 0.000995305 -0.850166 0.526515
12.6764 40.9406 39.6324 0.00100286 -0.850164 0.526518
13.7029 40.9415 39.6318 0.00100356 -0.850164 0.526517
14.752 40.9424 39.6313 0.000984642 -0.850165 0.526515
15.7917 40.9432 39.6307 0.000987357 -0.850176 0.526497
16.8141 40.9441 39.6302 0.000984666 -0.850174 0.526502
17.8376 40.945 39.6297 0.000980298 -0.850174 0.526501
19.0816 40.946 39.629 0.000982188 -0.850169 0.526508
20.1973 40.9469 39.6285 0.000980118 -0.850173 0.526503
21.2873 40.9478 39.6279 0.000977628 -0.850177 0.526496
22.3576 40.9487 39.6274 0.000985993 -0.850168 0.526511
23.4053 40.9496 39.6268 0.000982259 -0.850176 0.526497
24.5004 40.9505 39.6262 0.000986674 -0.850174 0.526501
25.5565 40.9514 39.6257 0.000982252 -0.850175 0.5265
26.5596 40.9522 39.6252 0.000990471 -0.85017 0.526508
27.5648 40.9531 39.6247 0.000986609 -0.85017 0.526507
28.586 40.9539 39.6241 0.00098605 -0.850169 0.52651
29.6743 40.9548 39.6236 0.000984276 -0.850169 0.526509
30.7199 40.9557 39.623 0.000989011 -0.850167 0.526511
31.8708 40.9567 39.6224 0.000986136 -0.850164 0.526517
32.9603 40.9576 39.6219 0.000983412 -0.850161 0.526522
34.0927 40.9586 39.6213 0.000978401 -0.850162 0.52652
35.2526 40.9595 39.6207 0.000991383 -0.850163 0.526519
36.264 40.9604 39.6201 0.000985117 -0.850168 0.526511
37.4005 40.9613 39.6195 0.000995039 -0.85017 0.526507
38.5341 40.9623 39.6189 0.000997734 -0.850171 0.526506
39.7083 40.9633 39.6183 0.000997175 -0.850175 0.5265
40.7578 40.9642 39.6178 0.000992736 -0.850173 0.526502
41.7625 40.965 39.6173 0.000991753 -0.850173 0.526502
42.828 40.9659 39.6167 0.000990695 -0.85017 0.526507
43.937 40.9669 39.6161 0.000991824 -0.85017 0.526507
45.0207 40.9678 39.6156 0.000994151 -0.850169 0.526509
46.1245 40.9687 39.615 0.000988214 -0.850169 0.52651
47.216 40.9696 39.6144 0.000981789 -0.850176 0.526497
47.957 40.9702 39.614 0.000988593 -0.85017 0.526508
48.0448 41.4419 40.3754 0.000993144 -0.850168 0.526511
46.9465 41.4409 40.376 0.000994074 -0.850168 0.52651
45.8894 41.44 40.3765 0.000995412 -0.850165 0.526515
44.8112 41.4391 40.3771 0.000982879 -0.850166 0.526514
43.6859 41.4382 40.3777 0.000993108 -0.850169 0.526509
42.6699 41.4373 40.3782 0.000986847 -0.85017 0.526508
41.6317 41.4365 40.3788 0.000988676 -0.850171 0.526506
40.5623 41.4356 40.3793 0.000996205 -0.850176 0.526498
39.4753 41.4346 40.3799 0.000997158 -0.850171 0.526506
38.423 41.4337 40.3804 0.000986675 -0.85017 0.526508
37.4095 41.4329 40.381 0.000979617 -0.850165 0.526515
36.3598 41.432 40.3815 0.000989324 -0.850164 0.526516
35.3037 41.4311 40.3821 0.000991389 -0.850168 0.526511
34.079 41.4301 40.3827 0.00098673 -0.850164 0.526517
33.0658 41.4292 40.3832 0.000984186 -0.850168 0.52651
32.0052 41.4284 40.3838 0.00098458 -0.850165 0.526515
30.9713 41.4275 40.3843 0.000992362 -0.850162 0.52652
29.755 41.4265 40.3849 0.00098999 -0.850165 0.526515
28.6737 41.4256 40.3855 0.000994028 -0.850162 0.526521
27.5708 41.4246 40.3861 0.000990126 -0.850169 0.52651
26.5678 41.4238 40.3866 0.000991569 -0.850167 0.526513
25.5479 41.4229 40.3871 0.000980096 -0.850167 0.526512
24.4983 41.4221 40.3877 0.00098191 -0.850175 0.5265
23.4319 41.4212 40.3882 0.00098503 -0.850172 0.526504
22.3777 41.4203 40.3888 0.000982302 -0.85017 0.526507
21.371 41.4195 40.3893 0.000975495 -0.850173 0.526503
20.3556 41.4186 40.3898 0.000983713 -0.850168 0.526511
19.1994 41.4176 40.3904 0.000980933 -0.850172 0.526503
18.1053 41.4167 40.391 0.000982223 -0.850172 0.526504
16.9832 41.4158 40.3916 0.000974689 -0.850175 0.526499
15.9823 41.415 40.3921 0.000979203 -0.850173 0.526502
14.9468 41.4141 40.3926 0.000979276 -0.850178 0.526495
13.8657 41.4132 40.3932 0.000978684 -0.850175 0.5265
12.7925 41.4123 40.3937 0.000997257 -0.85017 0.526507
11.6347 41.4113 40.3943 0.000995985 -0.850158 0.526526
10.5769 41.4104 40.3949 0.000996063 -0.850158 0.526526
9.39609 41.4094 40.3955 0.000997918 -0.850156 0.52653
8.28524 41.4085 40.3961 0.000993453 -0.850161 0.526521
7.11135 41.4075 40.3967 0.000982481 -0.850163 0.526519
5.99198 41.4065 40.3973 0.000989589 -0.85017 0.526507
4.8958 41.4056 40.3979 0.000988742 -0.850167 0.526512
3.8687 41.4047 40.3984 0.000981362 -0.850167 0.526513
2.72399 41.4038 40.399 0.000986152 -0.850168 0.52651
1.98219 41.4032 40.3994 0.000985061 -0.850169 0.526509
1.96551 41.8747 41.1608 0.000980119 -0.850167 0.526512
3.04513 41.8756 41.1603 0.000983053 -0.850168 0.52651
4.04846 41.8765 41.1597 0.000991524 -0.850172 0.526504
5.11349 41.8774 41.1592 0.00099109 -0.850162 0.526521
6.29962 41.8783 41.1586 0.000993928 -0.850165 0.526515
7.39172 41.8793 41.158 0.00100006 -0.850166 0.526513
8.39734 41.8801 41.1575 0.000994411 -0.850157 0.526528
9.42804 41.881 41.1569 0.000997586 -0.850163 0.526519
10.5044 41.8819 41.1564 0.000992783 -0.850166 0.526513
11.6012 41.8828 41.1558 0.000997137 -0.850162 0.52652
12.6465 41.8837 41.1552 0.000987585 -0.85017 0.526507
13.7439 41.8846 41.1547 0.000983617 -0.85017 0.526507
14.8557 41.8856 41.1541 0.000980131 -0.850169 0.526509
15.9016 41.8864 41.1536 0.000977417 -0.850167 0.526512
16.9393 41.8873 41.153 0.000981647 -0.850173 0.526503
18.0838 41.8883 41.1524 0.000978375 -0.850173 0.526503
19.1375 41.8891 41.1519 0.000977224 -0.850173 0.526502
20.249 41.8901 41.1513 0.000990341 -0.850173 0.526503
21.3508 41.891 41.1507 0.000983831 -0.850177 0.526496
22.352 41.8918 41.1502 0.000987354 -0.850173 0.526502
23.4792 41.8928 41.1496 0.000984132 -0.850164 0.526517
24.6944 41.8938 41.149 0.000993551 -0.85017 0.526507
25.7775 41.8947 41.1484 0.000982229 -0.850163 0.526519
26.8753 41.8956 41.1479 0.000985687 -0.850165 0.526515
27.8849 41.8965 41.1473 0.000986036 -0.850164 0.526516
28.908 41.8973 41.1468 0.000986893 -0.850163 0.526519
29.9722 41.8982 41.1463 0.000983627 -0.850164 0.526517
31.0667 41.8991 41.1457 0.000986726 -0.850162 0.52652
32.0813 41.9 41.1452 0.000985107 -0.850166 0.526514
33.1248 41.9009 41.1446 0.000983345 -0.850168 0.526511
34.246 41.9018 41.144 0.000986226 -0.850166 0.526514
35.3051 41.9027 41.1435 0.000995018 -0.850168 0.526511
36.4598 41.9037 41.1429 0.000981645 -0.850161 0.526523
37.5363 41.9046 41.1423 0.000985441 -0.850162 0.526521
38.5457 41.9054 41.1418 0.000988792 -0.850165 0.526515
39.5494 41.9063 41.1413 0.000988405 -0.85017 0.526508
40.5573 41.9071 41.1408 0.000995532 -0.850177 0.526496
41.624 41.908 41.1402 0.000995961 -0.850169 0.526509
42.7591 41.909 41.1396 0.000991649 -0.85017 0.526508
43.7858 41.9098 41.1391 0.000993406 -0.850178 0.526494
44.8215 41.9107 41.1385 0.000990978 -0.850169 0.526509
46.0071 41.9117 41.1379 0.000988738 -0.850167 0.526512
47.2294 41.9127 41.1373 0.000988156 -0.850167 0.526512
48.0023 41.9134 41.1369 0.000992538 -0.850168 0.52651
48.0311 42.3849 41.8983 0.000990332 -0.850164 0.526517
47.0155 42.3841 41.8988 0.000987192 -0.850173 0.526502
45.9578 42.3832 41.8994 0.000988151 -0.850167 0.526513
44.9083 42.3823 41.8999 0.000991167 -0.850171 0.526505
43.7521 42.3813 41.9005 0.00098912 -0.850179 0.526493
42.6976 42.3805 41.9011 0.000990294 -0.850175 0.526499
41.6702 42.3796 41.9016 0.000991528 -0.850169 0.526509
40.5739 42.3787 41.9022 0.000987233 -0.850164 0.526518
39.4248 42.3777 41.9028 0.000993048 -0.850168 0.526511
38.3511 42.3768 41.9033 0.000979558 -0.850167 0.526512
37.3405 42.376 41.9039 0.000987098 -0.850161 0.526521
36.2271 42.375 41.9044 0.000983733 -0.850166 0.526513
35.1891 42.3741 41.905 0.000983965 -0.850163 0.526518
34.1767 42.3733 41.9055 0.000989631 -0.850168 0.52651
33.1369 42.3724 41.906 0.000983936 -0.850162 0.52652
32.0837 42.3715 41.9066 0.000983525 -0.850169 0.526509
31.0537 42.3707 41.9071 0.00098066 -0.850169 0.52651
30.0174 42.3698 41.9077 0.000985653 -0.850169 0.526509
29.0074 42.369 41.9082 0.000976702 -0.850169 0.526508
27.9906 42.3681 41.9087 0.000977167 -0.850167 0.526513
26.9608 42.3672 41.9093 0.000990247 -0.850168 0.526511
25.7981 42.3663 41.9099 0.000991452 -0.850165 0.526515
24.6112 42.3653 41.9105 0.000983264 -0.850159 0.526525
23.6112 42.3644 41.911 0.000980587 -0.850163 0.526518
22.5358 42.3635 41.9115 0.000985919 -0.850163 0.526519
21.5236 42.3627 41.9121 0.000987919 -0.850164 0.526517
20.4257 42.3618 41.9126 0.000975052 -0.85017 0.526508
19.3416 42.3609 41.9132 0.000982578 -0.850172 0.526505
18.2993 42.36 41.9137 0.000978162 -0.850166 0.526513
17.1549 42.359 41.9143 0.000982596 -0.850176 0.526498
16.133 42.3582 41.9149 0.000979426 -0.850177 0.526496
15.0406 42.3573 41.9154 0.000980388 -0.850166 0.526513
13.8406 42.3563 41.9161 0.000988593 -0.850177 0.526496
12.6864 42.3553 41.9167 0.000981685 -0.850175 0.526499
11.5673 42.3544 41.9172 0.000973848 -0.850171 0.526506
10.4995 42.3535 41.9178 0.00098404 -0.850169 0.52651
9.43881 42.3526 41.9183 0.000991822 -0.850163 0.526518
8.40532 42.3517 41.9189 0.00100227 -0.850159 0.526526
7.20572 42.3507 41.9195 0.000999777 -0.850158 0.526527
6.15465 42.3498 41.9201 0.000994644 -0.850162 0.52652
5.08742 42.3489 41.9206 0.000989379 -0.850166 0.526514
4.02086 42.348 41.9212 0.000984883 -0.850169 0.526508
3.00443 42.3471 41.9217 0.000981601 -0.850164 0.526517
2.00071 42.3463 41.9222 0.000994451 -0.850174 0.526501
1.95155 42.8178 42.6837 0.000986694 -0.850168 0.52651
2.96512 42.8187 42.6832 0.000985625 -0.850165 0.526515
3.99074 42.8195 42.6826 0.000991669 -0.850165 0.526516
5.16442 42.8205 42.682 0.000995963 -0.850163 0.526519
6.2913 42.8215 42.6814 0.00100134 -0.850156 0.526529
7.37491 42.8224 42.6808 0.000993552 -0.850164 0.526516
8.45814 42.8233 42.6803 0.000997834 -0.850166 0.526513
9.50259 42.8242 42.6797 0.000989715 -0.850167 0.526512
10.534 42.825 42.6792 0.000984342 -0.850174 0.526501
11.5768 42.8259 42.6787 0.000981708 -0.850177 0.526496
12.6758 42.8268 42.6781 0.000979641 -0.850171 0.526507
13.7494 42.8277 42.6775 0.000980127 -0.850178 0.526494
14.883 42.8287 42.6769 0.000981487 -0.85017 0.526507
15.9356 42.8296 42.6764 0.000982027 -0.850167 0.526512
17.0152 42.8305 42.6758 0.000993809 -0.850168 0.52651
18.0188 42.8313 42.6753 0.000989932 -0.850163 0.526518
19.0196 42.8321 42.6748 0.000986065 -0.850165 0.526516
20.0748 42.833 42.6743 0.000989331 -0.850165 0.526516
21.2273 42.834 42.6737 0.000985814 -0.85017 0.526508
22.3099 42.8349 42.6731 0.00098416 -0.850163 0.526518
23.3217 42.8358 42.6726 0.000982666 -0.850164 0.526517
24.4684 42.8367 42.672 0.000983744 -0.850164 0.526517
25.5862 42.8377 42.6714 0.000993971 -0.850165 0.526516
26.6319 42.8385 42.6708 0.000980968 -0.850167 0.526512
27.7644 42.8395 42.6703 0.000985321 -0.850167 0.526512
28.7722 42.8403 42.6697 0.000988558 -0.850162 0.52652
29.7935 42.8412 42.6692 0.000986253 -0.850168 0.526511
30.8633 42.8421 42.6686 0.000988768 -0.850166 0.526514
31.8659 42.8429 42.6681 0.000982347 -0.850169 0.526509
32.9582 42.8438 42.6676 0.000983718 -0.850164 0.526518
34.0091 42.8447 42.667 0.000994618 -0.850168 0.52651
35.1559 42.8457 42.6664 0.000985854 -0.850159 0.526525
36.1752 42.8465 42.6659 0.000991426 -0.850163 0.526519
37.248 42.8474 42.6653 0.000982798 -0.850162 0.52652
38.2626 42.8483 42.6648 0.000991077 -0.850165 0.526515
39.2946 42.8492 42.6643 0.000983512 -0.850166 0.526514
40.3601 42.85 42.6637 0.000991275 -0.850166 0.526514
41.3953 42.8509 42.6632 0.000988781 -0.850165 0.526515
42.4267 42.8518 42.6626 0.00098546 -0.850167 0.526512
43.4787 42.8527 42.6621 0.000993328 -0.85017 0.526507
44.4949 42.8535 42.6616 0.000994758 -0.850178 0.526495
45.5711 42.8544 42.661 0.00099122 -0.850173 0.526503
46.7281 42.8554 42.6604 0.000983556 -0.850166 0.526514
47.8312 42.8563 42.6598 0.000987977 -0.850172 0.526505
48.013 42.8565 42.6597 0.00098815 -0.85017 0.526507
48.0322 43.3281 43.4211 0.000992552 -0.850176 0.526498
46.9162 43.3271 43.4217 0.000988264 -0.850167 0.526512
45.7848 43.3262 43.4223 0.000992746 -0.850174 0.526501
44.7227 43.3253 43.4229 0.000996874 -0.850166 0.526514
43.6104 43.3243 43.4235 0.000980781 -0.850168 0.526511
42.5849 43.3235 43.424 0.00100094 -0.850163 0.526519
41.4889 43.3226 43.4246 0.000983102 -0.850165 0.526515
40.3991 43.3216 43.4251 0.000994109 -0.850166 0.526514
39.3852 43.3208 43.4256 0.000988544 -0.850165 0.526515
38.342 43.3199 43.4262 0.000984225 -0.850163 0.526518
37.3214 43.3191 43.4267 0.000992147 -0.850162 0.526521
36.191 43.3181 43.4273 0.00099085 -0.85017 0.526507
35.1762 43.3173 43.4278 0.000983282 -0.850167 0.526513
34.0089 43.3163 43.4284 0.000986229 -0.850163 0.526519
32.9829 43.3154 43.429 0.000988579 -0.850171 0.526505
31.9341 43.3145 43.4295 0.000978873 -0.850169 0.526509
30.9089 43.3137 43.4301 0.00098877 -0.850167 0.526512
29.8904 43.3128 43.4306 0.000986763 -0.850171 0.526505
28.7639 43.3119 43.4312 0.000983275 -0.850166 0.526514
27.6996 43.311 43.4317 0.000997044 -0.85017 0.526508
26.5384 43.31 43.4323 0.000992788 -0.850166 0.526514
25.3826 43.309 43.4329 0.000988377 -0.850172 0.526504
24.3777 43.3082 43.4334 0.000984779 -0.850166 0.526515
23.3262 43.3073 43.434 0.000987322 -0.850165 0.526515
22.0996 43.3063 43.4346 0.000984925 -0.850165 0.526515
21.0637 43.3054 43.4352 0.000987591 -0.850163 0.526519
19.9494 43.3045 43.4357 0.000976816 -0.850169 0.526509
18.8859 43.3036 43.4363 0.000989224 -0.850163 0.526519
17.7037 43.3026 43.4369 0.000988947 -0.850164 0.526516
16.6291 43.3017 43.4375 0.000989789 -0.850163 0.526519
15.606 43.3008 43.438 0.000989046 -0.850164 0.526517
14.4548 43.2999 43.4386 0.000988595 -0.850164 0.526517
13.4393 43.299 43.4391 0.000992321 -0.85017 0.526508
12.3206 43.2981 43.4397 0.000984361 -0.850173 0.526503
11.2327 43.2972 43.4403 0.000992168 -0.850173 0.526502
10.2052 43.2963 43.4408 0.000981228 -0.850177 0.526496
9.10195 43.2954 43.4414 0.000973913 -0.850176 0.526498
7.93592 43.2944 43.442 0.000993026 -0.850165 0.526516
6.89364 43.2935 43.4425 0.000996854 -0.850163 0.526518
5.77353 43.2926 43.4431 0.000995786 -0.850161 0.526522
4.68323 43.2917 43.4437 0.000990459 -0.850159 0.526525
3.6243 43.2908 43.4442 0.000989839 -0.850162 0.52652
2.34316 43.2897 43.4449 0.00098623 -0.850165 0.526516
1.98653 43.2894 43.4451 0.000984992 -0.850174 0.526501
1.94898 36.6876 32.7851 0.000983017 -0.850165 0.526516
3.09472 36.6886 32.7845 0.000991835 -0.850166 0.526514
4.15192 36.6894 32.784 0.000986507 -0.850168 0.52651
5.1678 36.6903 32.7834 0.000986383 -0.850169 0.526509
6.17949 36.6911 32.7829 0.000985287 -0.850167 0.526512
7.18226 36.692 32.7824 0.000994901 -0.850168 0.52651
8.21491 36.6929 32.7819 0.000980392 -0.850169 0.526509
9.32619 36.6938 32.7813 0.000988343 -0.850168 0.526511
10.4585 36.6947 32.7807 0.000988073 -0.850171 0.526505
11.5341 36.6956 32.7801 0.000983107 -0.850165 0.526515
12.5409 36.6965 32.7796 0.000985109 -0.850167 0.526512
13.5593 36.6973 32.7791 0.000991941 -0.850169 0.52651
14.6576 36.6983 32.7785 0.00100146 -0.850164 0.526516
15.669 36.6991 32.778 0.000988361 -0.850167 0.526513
16.7509 36.7 32.7774 0.000990922 -0.850164 0.526517
17.802 36.7009 32.7769 0.000989471 -0.850165 0.526515
18.9275 36.7019 32.7763 0.000978703 -0.850167 0.526512
20.0293 36.7028 32.7757 0.000993025 -0.850168 0.52651
21.042 36.7036 32.7752 0.000989024 -0.850167 0.526512
22.0571 36.7045 32.7746 0.000986016 -0.850168 0.526511
23.1381 36.7054 32.7741 0.000977579 -0.850167 0.526512
24.1663 36.7063 32.7736 0.000989965 -0.850166 0.526513
25.2188 36.7071 32.773 0.00098239 -0.850171 0.526506
26.3316 36.7081 32.7724 0.000989903 -0.850168 0.52651
27.4162 36.709 32.7719 0.000984299 -0.850169 0.52651
28.4305 36.7098 32.7713 0.000984727 -0.850172 0.526505
29.5592 36.7108 32.7707 0.000990781 -0.85017 0.526508
30.6737 36.7117 32.7702 0.000983844 -0.85017 0.526507
31.841 36.7127 32.7696 0.000988189 -0.850174 0.526501
33.008 36.7137 32.769 0.000992419 -0.850168 0.526511
34.1878 36.7147 32.7683 0.000983507 -0.850171 0.526505
35.2266 36.7156 32.7678 0.000988357 -0.850167 0.526512
36.373 36.7165 32.7672 0.000987732 -0.850164 0.526517
37.3782 36.7174 32.7667 0.000977213 -0.850172 0.526505
38.453 36.7183 32.7661 0.000989826 -0.850164 0.526517
39.5794 36.7192 32.7655 0.000992912 -0.85017 0.526508
40.6944 36.7202 32.7649 0.000978724 -0.850173 0.526503
41.8063 36.7211 32.7644 0.000989221 -0.850163 0.526518
42.9469 36.722 32.7638 0.000983248 -0.850168 0.526511
44.0639 36.723 32.7632 0.000992116 -0.850168 0.526511
45.2309 36.724 32.7626 0.000985798 -0.85017 0.526507
46.2418 36.7248 32.7621 0.000976377 -0.850168 0.52651
47.2974 36.7257 32.7615 0.000989309 -0.850169 0.526509
48.0279 36.7263 32.7611 0.000990662 -0.850173 0.526503
47.9677 36.2547 31.9997 0.000981847 -0.850171 0.526506
46.8882 36.2538 32.0003 0.000990157 -0.850169 0.526509
45.825 36.2529 32.0008 0.000988894 -0.850172 0.526504
44.702 36.252 32.0014 0.000991619 -0.850174 0.526502
43.6651 36.2511 32.002 0.000989156 -0.850169 0.52651
42.6594 36.2503 32.0025 0.000982261 -0.850169 0.526509
41.5878 36.2494 32.0031 0.000989449 -0.850173 0.526502
40.5144 36.2485 32.0036 0.000989095 -0.850164 0.526517
39.3774 36.2475 32.0042 0.000990303 -0.850165 0.526516
38.1431 36.2465 32.0048 0.000988368 -0.850175 0.526499
36.9655 36.2455 32.0055 0.000984941 -0.850167 0.526512
35.7623 36.2445 32.0061 0.000991907 -0.850171 0.526505
34.7433 36.2436 32.0066 0.000989407 -0.850166 0.526515
33.7398 36.2428 32.0071 0.000990009 -0.850166 0.526513
32.5333 36.2417 32.0078 0.0009894 -0.850176 0.526498
31.4974 36.2409 32.0083 0.000989582 -0.850168 0.526511
30.3344 36.2399 32.0089 0.00099064 -0.850168 0.52651
29.2127 36.2389 32.0095 0.000984835 -0.850172 0.526505
28.1594 36.2381 32.01 0.000992675 -0.850172 0.526505
27.0585 36.2371 32.0106 0.000987947 -0.85017 0.526507
26.0568 36.2363 32.0111 0.000982156 -0.85017 0.526508
24.8028 36.2352 32.0118 0.000991776 -0.850173 0.526502
23.7963 36.2344 32.0123 0.000986553 -0.850167 0.526512
22.6802 36.2335 32.0129 0.000988952 -0.850167 0.526513
21.617 36.2326 32.0134 0.000988877 -0.850166 0.526514
20.534 36.2317 32.014 0.000991027 -0.850169 0.526509
19.4827 36.2308 32.0146 0.000979793 -0.850172 0.526504
18.4523 36.2299 32.0151 0.000986345 -0.850164 0.526518
17.3861 36.229 32.0157 0.000988978 -0.850167 0.526513
16.3139 36.2281 32.0162 0.000987794 -0.850166 0.526514
15.2206 36.2272 32.0168 0.000982899 -0.850169 0.526509
14.0787 36.2262 32.0174 0.000988545 -0.850164 0.526517
12.9443 36.2253 32.018 0.000994274 -0.850165 0.526515
11.9339 36.2244 32.0185 0.000997973 -0.850168 0.526511
10.8944 36.2236 32.019 0.000990802 -0.850167 0.526512
9.84764 36.2227 32.0196 0.000985842 -0.850172 0.526504
8.79426 36.2218 32.0201 0.00099207 -0.850168 0.526511
7.78059 36.2209 32.0207 0.000987164 -0.850168 0.52651
6.65132 36.22 32.0212 0.000980638 -0.850173 0.526503
5.54993 36.2191 32.0218 0.000987801 -0.850165 0.526515
4.52722 36.2182 32.0223 0.000993671 -0.850168 0.526511
3.49237 36.2173 32.0229 0.000990359 -0.850168 0.526511
2.45415 36.2165 32.0234 0.000989232 -0.850166 0.526515
1.97256 36.2161 32.0237 0.000990335 -0.850167 0.526512
1.99143 35.7445 31.2622 0.000985802 -0.850169 0.52651
3.06058 35.7454 31.2617 0.000991502 -0.850166 0.526513
4.09628 35.7463 31.2611 0.000988338 -0.850168 0.52651
5.12432 35.7472 31.2606 0.000990327 -0.850167 0.526512
6.18556 35.748 31.2601 0.000985825 -0.850171 0.526506
7.23797 35.7489 31.2595 0.00098915 -0.850168 0.526511
8.45 35.7499 31.2589 0.000996267 -0.850165 0.526516
9.46153 35.7508 31.2583 0.000987932 -0.85017 0.526508
10.4906 35.7517 31.2578 0.00098362 -0.850164 0.526517
11.5659 35.7526 31.2573 0.000987032 -0.850168 0.52651
12.6552 35.7535 31.2567 0.000989568 -0.850165 0.526515
13.7038 35.7544 31.2561 0.000983095 -0.850171 0.526506
14.7803 35.7553 31.2556 0.000984885 -0.85017 0.526507
15.8231 35.7561 31.255 0.000990125 -0.85017 0.526508
16.8354 35.757 31.2545 0.00098809 -0.850169 0.526509
17.9053 35.7579 31.254 0.000984443 -0.850169 0.526509
19.0885 35.7589 31.2533 0.000982994 -0.850167 0.526513
20.1814 35.7598 31.2528 0.000992016 -0.850167 0.526511
21.2218 35.7607 31.2522 0.000994133 -0.850166 0.526514
22.3659 35.7616 31.2516 0.000988419 -0.850164 0.526516
23.3791 35.7625 31.2511 0.000991174 -0.850167 0.526513
24.4843 35.7634 31.2505 0.000993942 -0.850167 0.526512
25.6426 35.7644 31.2499 0.000995524 -0.850174 0.526501
26.7427 35.7653 31.2494 0.000989847 -0.850175 0.5265
27.7711 35.7662 31.2488 0.000988088 -0.850168 0.52651
28.9379 35.7672 31.2482 0.000992589 -0.850172 0.526503
30.0647 35.7681 31.2476 0.000987589 -0.850163 0.526519
31.2113 35.7691 31.247 0.000989963 -0.850176 0.526498
32.2987 35.77 31.2465 0.000990181 -0.850171 0.526505
33.3732 35.7709 31.2459 0.000992981 -0.850171 0.526506
34.4606 35.7718 31.2453 0.00098787 -0.850172 0.526504
35.5016 35.7727 31.2448 0.00099134 -0.850174 0.526501
36.5159 35.7735 31.2443 0.000991912 -0.85017 0.526507
37.6296 35.7745 31.2437 0.000984411 -0.850171 0.526505
38.7872 35.7754 31.2431 0.000987355 -0.850174 0.526501
39.961 35.7764 31.2425 0.000989972 -0.850173 0.526503
40.9667 35.7773 31.2419 0.000982617 -0.850172 0.526504
42.0062 35.7782 31.2414 0.000988193 -0.850169 0.526508
43.0367 35.779 31.2409 0.000993919 -0.850171 0.526505
44.0684 35.7799 31.2403 0.000986292 -0.85017 0.526507
45.0851 35.7807 31.2398 0.00098552 -0.850172 0.526504
46.1619 35.7816 31.2392 0.000990968 -0.850164 0.526517
47.2086 35.7825 31.2387 0.00098134 -0.850169 0.52651
47.9922 35.7832 31.2383 0.000990106 -0.850168 0.526511
48.0514 35.3117 30.4768 0.000978453 -0.85017 0.526507
46.987 35.3108 30.4774 0.00099422 -0.850171 0.526505
45.9457 35.3099 30.4779 0.000989874 -0.85017 0.526507
44.9327 35.3091 30.4785 0.000981235 -0.850171 0.526506
43.9093 35.3082 30.479 0.000982871 -0.850169 0.52651
42.9085 35.3074 30.4795 0.000985026 -0.850172 0.526505
41.8998 35.3065 30.48 0.00098964 -0.850169 0.526509
40.8375 35.3056 30.4806 0.000984987 -0.850168 0.52651
39.6799 35.3046 30.4812 0.000983797 -0.850172 0.526505
38.649 35.3038 30.4817 0.000988853 -0.85017 0.526507
37.6242 35.3029 30.4823 0.000995541 -0.850167 0.526512
36.6064 35.3021 30.4828 0.000989919 -0.85017 0.526508
35.5523 35.3012 30.4833 0.000987901 -0.850168 0.52651
34.4816 35.3003 30.4839 0.00099501 -0.850168 0.526511
33.4397 35.2994 30.4844 0.000983953 -0.85017 0.526507
32.4278 35.2985 30.485 0.000988825 -0.850169 0.526509
31.403 35.2977 30.4855 0.000994923 -0.850174 0.526502
30.3833 35.2968 30.486 0.000990098 -0.850169 0.526509
29.3574 35.296 30.4866 0.000991694 -0.850171 0.526506
28.2866 35.2951 30.4871 0.00099797 -0.850169 0.526508
27.2633 35.2942 30.4877 0.000992327 -0.850172 0.526504
26.2561 35.2934 30.4882 0.000991116 -0.850168 0.526511
25.1106 35.2924 30.4888 0.00098718 -0.850171 0.526505
24.1 35.2915 30.4893 0.000988033 -0.850166 0.526514
23.0542 35.2907 30.4898 0.000995783 -0.850167 0.526512
21.9294 35.2897 30.4904 0.000983558 -0.850168 0.52651
20.9203 35.2889 30.491 0.000986355 -0.850164 0.526518
19.9063 35.288 30.4915 0.000994704 -0.850167 0.526512
18.8453 35.2871 30.492 0.000988904 -0.850167 0.526512
17.6773 35.2861 30.4926 0.000985342 -0.850163 0.526518
16.5326 35.2852 30.4932 0.000990084 -0.850168 0.526511
15.4984 35.2843 30.4938 0.000987209 -0.850169 0.526509
14.4217 35.2834 30.4943 0.000986688 -0.850172 0.526504
13.2701 35.2824 30.4949 0.000990733 -0.850162 0.52652
12.2634 35.2816 30.4955 0.000982149 -0.850176 0.526498
11.1089 35.2806 30.4961 0.000986979 -0.850166 0.526514
10.0135 35.2797 30.4966 0.000990264 -0.850167 0.526512
8.94217 35.2788 30.4972 0.000987895 -0.850164 0.526517
7.93865 35.278 30.4977 0.000990341 -0.850167 0.526513
6.84694 35.277 30.4983 0.000994077 -0.850162 0.52652
5.74154 35.2761 30.4989 0.000992807 -0.850166 0.526514
4.71497 35.2753 30.4994 0.00098442 -0.850168 0.52651
3.70554 35.2744 30.4999 0.000992755 -0.850168 0.526511
2.65826 35.2735 30.5005 0.000981139 -0.850168 0.52651
2.02565 35.273 30.5008 0.000992091 -0.85017 0.526508
2.0317 34.8014 29.7394 0.000976787 -0.850167 0.526512
3.17102 34.8024 29.7388 0.000980392 -0.850168 0.526511
4.17608 34.8032 29.7382 0.000990576 -0.850169 0.526509
5.35273 34.8042 29.7376 0.000987321 -0.850171 0.526506
6.39962 34.8051 29.7371 0.000988372 -0.850171 0.526506
7.4126 34.806 29.7366 0.000989112 -0.85017 0.526507
8.52048 34.8069 29.736 0.000991597 -0.850167 0.526513
9.55935 34.8078 29.7354 0.000985151 -0.850168 0.526511
10.8101 34.8088 29.7348 0.000985214 -0.850167 0.526512
11.8115 34.8097 29.7343 0.000994978 -0.850169 0.526509
12.9268 34.8106 29.7337 0.000983961 -0.850172 0.526504
13.9476 34.8115 29.7332 0.00098598 -0.850167 0.526512
15.0556 34.8124 29.7326 0.000985968 -0.850171 0.526505
16.1297 34.8133 29.732 0.000990399 -0.850173 0.526503
17.2652 34.8142 29.7314 0.00099085 -0.850163 0.526518
18.3024 34.8151 29.7309 0.000995237 -0.85017 0.526508
19.4077 34.816 29.7303 0.000982583 -0.850174 0.526501
20.4789 34.8169 29.7298 0.000985311 -0.850167 0.526512
21.6313 34.8179 29.7292 0.000992003 -0.850168 0.52651
22.6492 34.8188 29.7286 0.000988359 -0.850166 0.526514
23.7064 34.8197 29.7281 0.000989381 -0.850168 0.526511
24.8098 34.8206 29.7275 0.000995372 -0.850164 0.526517
25.9798 34.8216 29.7269 0.000982809 -0.850167 0.526512
27.0376 34.8225 29.7263 0.000988101 -0.850166 0.526514
28.1692 34.8234 29.7258 0.000988672 -0.850165 0.526515
29.1766 34.8243 29.7252 0.000992172 -0.850169 0.526509
30.3142 34.8252 29.7246 0.000986201 -0.850167 0.526512
31.4059 34.8261 29.7241 0.000988128 -0.850166 0.526514
32.4188 34.827 29.7235 0.000978388 -0.85017 0.526507
33.5391 34.8279 29.723 0.000983896 -0.85017 0.526507
34.5868 34.8288 29.7224 0.000990554 -0.850169 0.52651
35.6196 34.8297 29.7219 0.000994528 -0.85017 0.526507
36.702 34.8306 29.7213 0.000990258 -0.850172 0.526504
37.7224 34.8314 29.7208 0.000983664 -0.850171 0.526506
38.75 34.8323 29.7202 0.000986522 -0.850166 0.526514
39.8564 34.8332 29.7197 0.000993977 -0.85017 0.526507
40.9212 34.8341 29.7191 0.00099281 -0.850163 0.526518
42.0583 34.8351 29.7185 0.000992126 -0.850172 0.526505
43.1644 34.836 29.7179 0.000985742 -0.85017 0.526507
44.2232 34.8369 29.7174 0.00100272 -0.850168 0.526511
45.2869 34.8378 29.7168 0.00098643 -0.850168 0.52651
46.3484 34.8387 29.7163 0.000997324 -0.850167 0.526512
47.4315 34.8396 29.7157 0.000982844 -0.850167 0.526513
48.0174 34.8401 29.7154 0.000987463 -0.850172 0.526505
48.02 34.3686 28.954 0.000989231 -0.850171 0.526505
46.9401 34.3676 28.9545 0.000987657 -0.850167 0.526512
45.861 34.3667 28.9551 0.000987872 -0.850174 0.526501
44.7816 34.3658 28.9557 0.00099828 -0.850171 0.526506
43.7113 34.3649 28.9562 0.000990105 -0.850169 0.526508
42.648 34.364 28.9568 0.000984379 -0.850162 0.52652
41.5848 34.3631 28.9573 0.000990812 -0.85017 0.526507
40.5315 34.3623 28.9579 0.000990838 -0.850167 0.526512
39.4848 34.3614 28.9584 0.000992349 -0.850172 0.526504
38.3363 34.3604 28.959 0.000988593 -0.850169 0.526509
37.3213 34.3596 28.9596 0.000988251 -0.850169 0.526508
36.3151 34.3587 28.9601 0.000991669 -0.850167 0.526512
35.304 34.3579 28.9606 0.000984775 -0.850169 0.526509
34.1818 34.3569 28.9612 0.00098574 -0.850168 0.526511
33.1408 34.356 28.9617 0.000995573 -0.850171 0.526506
32.1276 34.3552 28.9623 0.000992741 -0.850169 0.526508
30.9998 34.3542 28.9628 0.000993579 -0.850169 0.526509
29.8697 34.3533 28.9634 0.000988556 -0.85017 0.526507
28.8059 34.3524 28.964 0.000983384 -0.850173 0.526502
27.7715 34.3515 28.9645 0.000984316 -0.850172 0.526504
26.7296 34.3506 28.9651 0.000990801 -0.850166 0.526513
25.6646 34.3498 28.9656 0.000990489 -0.850168 0.526511
24.5815 34.3488 28.9662 0.000983465 -0.850166 0.526514
23.4982 34.3479 28.9668 0.000988238 -0.850167 0.526513
22.4434 34.347 28.9673 0.000986093 -0.850167 0.526512
21.3873 34.3462 28.9679 0.000987072 -0.850164 0.526517
20.1679 34.3451 28.9685 0.000990562 -0.850169 0.526508
18.9744 34.3441 28.9691 0.000989706 -0.850169 0.52651
17.9632 34.3433 28.9696 0.00098586 -0.850167 0.526512
16.932 34.3424 28.9702 0.000987661 -0.850169 0.526509
15.8293 34.3415 28.9707 0.000983505 -0.850166 0.526514
14.6872 34.3405 28.9713 0.000988713 -0.850172 0.526505
13.5234 34.3395 28.9719 0.000987592 -0.850165 0.526516
12.4889 34.3387 28.9725 0.000979553 -0.850166 0.526513
11.2785 34.3377 28.9731 0.000992809 -0.850168 0.526511
10.1661 34.3367 28.9737 0.000989662 -0.85017 0.526507
9.14985 34.3359 28.9742 0.000990848 -0.850169 0.526509
8.14584 34.335 28.9747 0.000984379 -0.850167 0.526513
7.02994 34.3341 28.9753 0.000985588 -0.850168 0.526511
5.89959 34.3331 28.9759 0.000990171 -0.850169 0.526508
4.85901 34.3323 28.9765 0.00098732 -0.850172 0.526503
3.73589 34.3313 28.977 0.000983902 -0.850165 0.526515
2.67731 34.3304 28.9776 0.000979827 -0.850168 0.526511
2.057 34.3299 28.9779 0.000991724 -0.850168 0.52651
1.97708 33.8583 28.2165 0.000996572 -0.850169 0.526509
3.01561 33.8592 28.216 0.000978388 -0.850169 0.526508
4.05099 33.86 28.2154 0.000984558 -0.850166 0.526513
5.08243 33.8609 28.2149 0.00099016 -0.850166 0.526513
6.09714 33.8618 28.2144 0.00099065 -0.850163 0.526519
7.10577 33.8626 28.2139 0.000991737 -0.850169 0.526509
8.10805 33.8634 28.2133 0.000990484 -0.850169 0.526509
9.14975 33.8643 28.2128 0.00098876 -0.850172 0.526505
10.1869 33.8652 28.2123 0.000993161 -0.850166 0.526513
11.2082 33.866 28.2117 0.000993261 -0.850172 0.526503
12.2633 33.8669 28.2112 0.000989217 -0.850168 0.52651
13.342 33.8678 28.2106 0.00099197 -0.850168 0.52651
14.3786 33.8687 28.2101 0.000991585 -0.850171 0.526506
15.5278 33.8697 28.2095 0.000994533 -0.850169 0.526509
16.6833 33.8706 28.2089 0.000996339 -0.85017 0.526507
17.7166 33.8715 28.2083 0.000984944 -0.850166 0.526513
18.7702 33.8724 28.2078 0.000987382 -0.850167 0.526512
19.9292 33.8734 28.2072 0.000984408 -0.850165 0.526516
20.9477 33.8742 28.2067 0.000989639 -0.850169 0.526508
21.9734 33.8751 28.2061 0.00098694 -0.850174 0.5265
23.0535 33.876 28.2056 0.000989104 -0.85016 0.526523
24.1998 33.877 28.205 0.000991057 -0.85017 0.526508
25.2146 33.8778 28.2044 0.000985114 -0.850168 0.526511
26.3295 33.8788 28.2039 0.000981778 -0.850167 0.526512
27.3761 33.8796 28.2033 0.000990769 -0.850165 0.526515
28.574 33.8806 28.2027 0.000990993 -0.850171 0.526506
29.5825 33.8815 28.2022 0.00098067 -0.850172 0.526505
30.5951 33.8823 28.2016 0.000992004 -0.850168 0.52651
31.6054 33.8832 28.2011 0.000993493 -0.850166 0.526513
32.6792 33.8841 28.2005 0.000989126 -0.850168 0.526511
33.7083 33.885 28.2 0.000994397 -0.85017 0.526508
34.732 33.8858 28.1995 0.000994229 -0.850171 0.526506
35.7929 33.8867 28.1989 0.000977883 -0.850173 0.526503
36.8576 33.8876 28.1984 0.000988914 -0.850173 0.526503
37.9492 33.8885 28.1978 0.000986285 -0.850171 0.526505
39.0112 33.8894 28.1972 0.000998932 -0.850171 0.526505
40.0198 33.8903 28.1967 0.000988964 -0.850168 0.526511
41.0206 33.8911 28.1962 0.000986712 -0.850173 0.526503
42.0698 33.892 28.1957 0.000989912 -0.850172 0.526504
43.1169 33.8929 28.1951 0.000983624 -0.850168 0.526511
44.1595 33.8938 28.1946 0.000987903 -0.850167 0.526512
45.2056 33.8946 28.194 0.000988745 -0.850167 0.526512
46.2226 33.8955 28.1935 0.000990243 -0.850168 0.526511
47.2907 33.8964 28.1929 0.000985066 -0.85017 0.526507
48.0263 33.897 28.1925 0.000977486 -0.850171 0.526506
48.0211 33.4254 27.4311 0.000988858 -0.850166 0.526513
46.9413 33.4245 27.4317 0.000989257 -0.850167 0.526513
45.9221 33.4237 27.4322 0.000991234 -0.850167 0.526512
44.7989 33.4227 27.4328 0.000995976 -0.85017 0.526508
43.7338 33.4218 27.4334 0.000991157 -0.850169 0.526509
42.7061 33.421 27.4339 0.000981858 -0.850166 0.526514
41.6743 33.4201 27.4344 0.000993053 -0.850169 0.526509
40.6524 33.4193 27.435 0.000991072 -0.850167 0.526512
39.6498 33.4184 27.4355 0.000977331 -0.850169 0.52651
38.6383 33.4176 27.436 0.000996647 -0.850168 0.526511
37.5273 33.4166 27.4366 0.000986746 -0.85017 0.526508
36.4653 33.4157 27.4371 0.000997573 -0.850164 0.526517
35.3083 33.4148 27.4377 0.000987579 -0.850173 0.526503
34.2239 33.4139 27.4383 0.000984205 -0.850174 0.526501
33.1105 33.4129 27.4389 0.000989191 -0.850168 0.526511
31.9097 33.4119 27.4395 0.000989476 -0.850169 0.52651
30.9043 33.4111 27.44 0.000986573 -0.850164 0.526517
29.8359 33.4102 27.4406 0.000993387 -0.850167 0.526512
28.6628 33.4092 27.4412 0.000981003 -0.850174 0.526501
27.4901 33.4082 27.4418 0.000984264 -0.850165 0.526515
26.4663 33.4073 27.4424 0.000989049 -0.85017 0.526508
25.3941 33.4064 27.4429 0.000996799 -0.850171 0.526505
24.3594 33.4055 27.4434 0.000995733 -0.850167 0.526512
23.2727 33.4046 27.444 0.000982841 -0.850163 0.526519
22.2651 33.4038 27.4445 0.000990976 -0.850173 0.526502
21.263 33.4029 27.4451 0.00099483 -0.850167 0.526513
20.1377 33.402 27.4456 0.00099249 -0.850171 0.526506
19.0083 33.401 27.4462 0.00098341 -0.850167 0.526513
17.9181 33.4001 27.4468 0.000994179 -0.850164 0.526517
16.83 33.3992 27.4474 0.000998422 -0.850167 0.526513
15.6756 33.3982 27.448 0.000989344 -0.850164 0.526517
14.6232 33.3974 27.4485 0.00098017 -0.850167 0.526513
13.6056 33.3965 27.449 0.000980804 -0.850167 0.526512
12.4933 33.3956 27.4496 0.000993578 -0.850164 0.526517
11.4729 33.3947 27.4502 0.000987964 -0.850167 0.526511
10.3178 33.3937 27.4508 0.000990064 -0.850175 0.5265
9.28335 33.3929 27.4513 0.000983689 -0.850165 0.526515
8.17859 33.3919 27.4519 0.000979637 -0.85017 0.526508
7.17684 33.3911 27.4524 0.000988569 -0.850167 0.526512
6.175 33.3903 27.4529 0.000982202 -0.850169 0.526509
5.16269 33.3894 27.4534 0.000994555 -0.850163 0.526519
4.14292 33.3886 27.454 0.000985944 -0.850168 0.52651
3.11705 33.3877 27.4545 0.000983027 -0.850166 0.526514
2.086 33.3868 27.455 0.000993856 -0.85017 0.526507
1.97607 33.3867 27.4551 0.000985988 -0.850169 0.52651
2.03394 32.9152 26.6936 0.000989127 -0.850168 0.52651
3.06668 32.9161 26.6931 0.000987218 -0.85017 0.526508
4.07609 32.9169 26.6926 0.000990077 -0.850167 0.526512
5.12728 32.9178 26.692 0.000983927 -0.850169 0.526509
6.25291 32.9188 26.6914 0.00100018 -0.850164 0.526518
7.40994 32.9197 26.6908 0.000988189 -0.850171 0.526506
8.46192 32.9206 26.6903 0.00097656 -0.850166 0.526514
9.54858 32.9215 26.6897 0.000989996 -0.85017 0.526507
10.5833 32.9224 26.6892 0.000992452 -0.850167 0.526513
11.6725 32.9233 26.6886 0.000985522 -0.850165 0.526516
12.6988 32.9242 26.6881 0.000989901 -0.850165 0.526515
13.8196 32.9251 26.6875 0.000989931 -0.850168 0.526511
14.883 32.926 26.687 0.000991511 -0.850169 0.526509
15.9269 32.9269 26.6864 0.00100256 -0.850171 0.526506
17.0009 32.9278 26.6859 0.000992402 -0.850172 0.526505
18.0079 32.9287 26.6853 0.000988429 -0.850167 0.526513
19.0289 32.9295 26.6848 0.000994101 -0.850165 0.526516
20.1117 32.9304 26.6842 0.000993004 -0.850167 0.526512
21.2103 32.9313 26.6837 0.000994404 -0.850166 0.526515
22.2958 32.9323 26.6831 0.000991935 -0.850168 0.526511
23.4326 32.9332 26.6825 0.000983795 -0.850163 0.526518
24.4553 32.9341 26.682 0.000988173 -0.85017 0.526507
25.6519 32.9351 26.6813 0.000987924 -0.85017 0.526508
26.6811 32.9359 26.6808 0.000992386 -0.850164 0.526517
27.6872 32.9368 26.6803 0.000981011 -0.850171 0.526506
28.7225 32.9377 26.6797 0.000996678 -0.850167 0.526512
29.7943 32.9386 26.6792 0.000982905 -0.850166 0.526513
30.8932 32.9395 26.6786 0.00098779 -0.85017 0.526507
31.9261 32.9404 26.6781 0.00098962 -0.850168 0.526511
33.026 32.9413 26.6775 0.000994911 -0.850164 0.526517
34.0678 32.9422 26.677 0.000983355 -0.850166 0.526514
35.1674 32.9431 26.6764 0.000991673 -0.850172 0.526504
36.1832 32.9439 26.6759 0.000991081 -0.850169 0.52651
37.2737 32.9449 26.6753 0.000995651 -0.850167 0.526512
38.3624 32.9458 26.6747 0.000992669 -0.85017 0.526508
39.409 32.9467 26.6742 0.000993461 -0.85017 0.526507
40.4225 32.9475 26.6736 0.000989962 -0.850174 0.526502
41.5141 32.9484 26.6731 0.000994714 -0.850172 0.526504
42.5828 32.9493 26.6725 0.000985954 -0.850168 0.52651
43.6465 32.9502 26.672 0.000981002 -0.850168 0.526511
44.6739 32.9511 26.6714 0.000991627 -0.850169 0.526509
45.6791 32.9519 26.6709 0.000994737 -0.850167 0.526512
46.7331 32.9528 26.6704 0.000986207 -0.850171 0.526506
47.7793 32.9537 26.6698 0.000987259 -0.85017 0.526508
48.0181 32.9539 26.6697 0.000987588 -0.850164 0.526517
48.0247 32.4823 25.9083 0.000992269 -0.850168 0.52651
46.9434 32.4814 25.9088 0.000993073 -0.850171 0.526506
45.927 32.4806 25.9094 0.000990161 -0.850171 0.526505
44.9153 32.4797 25.9099 0.000998445 -0.850171 0.526505
43.8973 32.4789 25.9104 0.000983091 -0.850167 0.526512
42.8798 32.478 25.9109 0.000988918 -0.850165 0.526515
41.8781 32.4772 25.9115 0.000994317 -0.850171 0.526505
40.8643 32.4763 25.912 0.000990258 -0.85017 0.526507
39.8561 32.4755 25.9125 0.000985029 -0.850171 0.526505
38.8516 32.4746 25.913 0.000983411 -0.85017 0.526508
37.6874 32.4737 25.9136 0.000989227 -0.850168 0.52651
36.6075 32.4727 25.9142 0.000989549 -0.850166 0.526514
35.6047 32.4719 25.9147 0.000987496 -0.850164 0.526517
34.5793 32.471 25.9153 0.000985044 -0.850166 0.526513
33.5791 32.4702 25.9158 0.000995593 -0.850166 0.526514
32.5402 32.4693 25.9163 0.000982714 -0.850169 0.526508
31.4937 32.4684 25.9169 0.00099008 -0.850166 0.526513
30.4145 32.4675 25.9174 0.000985773 -0.850166 0.526514
29.4045 32.4667 25.918 0.000983166 -0.850171 0.526507
28.333 32.4658 25.9185 0.000990773 -0.850167 0.526512
27.2502 32.4649 25.9191 0.000995735 -0.850167 0.526513
26.1252 32.4639 25.9197 0.000997137 -0.850171 0.526506
24.9264 32.4629 25.9203 0.000980046 -0.850167 0.526512
23.7853 32.462 25.9209 0.0009879 -0.850172 0.526504
22.6851 32.461 25.9215 0.000986918 -0.850169 0.526508
21.5822 32.4601 25.922 0.000997875 -0.850168 0.526511
20.5698 32.4593 25.9226 0.00100106 -0.850172 0.526503
19.4615 32.4583 25.9231 0.000989269 -0.850165 0.526515
18.4275 32.4575 25.9237 0.000996345 -0.850166 0.526513
17.3427 32.4565 25.9242 0.000983605 -0.850165 0.526515
16.1944 32.4556 25.9248 0.000987118 -0.850165 0.526516
14.9989 32.4546 25.9255 0.000984646 -0.850166 0.526513
13.9569 32.4537 25.926 0.000997347 -0.850168 0.52651
12.9166 32.4528 25.9265 0.000988342 -0.85017 0.526508
11.8547 32.4519 25.9271 0.000993674 -0.850172 0.526505
10.8379 32.4511 25.9276 0.000987581 -0.850163 0.526518
9.80841 32.4502 25.9282 0.00098936 -0.850166 0.526514
8.7405 32.4493 25.9287 0.000983758 -0.850169 0.526509
7.64805 32.4484 25.9293 0.000981798 -0.850169 0.526508
6.49936 32.4474 25.9299 0.000986818 -0.850163 0.526519
5.45433 32.4466 25.9304 0.000988097 -0.850169 0.526509
4.45368 32.4457 25.931 0.000986867 -0.85017 0.526507
3.37903 32.4448 25.9315 0.000985292 -0.850164 0.526518
2.29227 32.4439 25.9321 0.000993364 -0.850169 0.526509
1.95364 32.4436 25.9323 0.000983684 -0.850171 0.526506
2.04074 31.9721 25.1708 0.000983313 -0.850169 0.526509
3.05985 31.973 25.1703 0.000991567 -0.85017 0.526507
4.06914 31.9738 25.1697 0.00098941 -0.850167 0.526513
5.075 31.9747 25.1692 0.000983414 -0.850169 0.526509
6.1458 31.9756 25.1686 0.000986574 -0.85017 0.526507
7.26985 31.9765 25.1681 0.000992532 -0.85017 0.526507
8.36397 31.9774 25.1675 0.000990562 -0.850165 0.526516
9.36413 31.9783 25.167 0.000993031 -0.850167 0.526513
10.4433 31.9792 25.1664 0.000993586 -0.85017 0.526508
11.4474 31.98 25.1659 0.000991772 -0.850167 0.526512
12.592 31.981 25.1653 0.000991046 -0.850166 0.526514
13.6905 31.9819 25.1647 0.000990976 -0.85017 0.526507
14.7951 31.9828 25.1641 0.000986213 -0.850169 0.526509
15.8193 31.9837 25.1636 0.00098766 -0.850166 0.526513
16.912 31.9846 25.163 0.000989552 -0.850168 0.52651
17.9906 31.9855 25.1625 0.000992942 -0.850169 0.52651
19.0235 31.9864 25.1619 0.000987015 -0.850166 0.526514
20.1654 31.9874 25.1613 0.000988039 -0.850169 0.52651
21.2646 31.9883 25.1608 0.000991928 -0.85017 0.526507
22.3385 31.9892 25.1602 0.000988871 -0.85017 0.526507
23.3573 31.99 25.1597 0.000987556 -0.850169 0.526509
24.4285 31.9909 25.1591 0.00099003 -0.850167 0.526513
25.4462 31.9918 25.1586 0.00099047 -0.850168 0.52651
26.4734 31.9927 25.1581 0.0009887 -0.850171 0.526507
27.5209 31.9935 25.1575 0.000991332 -0.850164 0.526518
28.7006 31.9945 25.1569 0.000985168 -0.850168 0.52651
29.8113 31.9955 25.1563 0.000990969 -0.85017 0.526508
30.8472 31.9963 25.1558 0.000990164 -0.850165 0.526515
32.0183 31.9973 25.1552 0.000992175 -0.85017 0.526507
33.1476 31.9983 25.1546 0.000995695 -0.850166 0.526513
34.187 31.9992 25.154 0.000996365 -0.850167 0.526512
35.1999 32 25.1535 0.000988937 -0.850167 0.526512
36.3103 32.0009 25.1529 0.000988447 -0.850167 0.526512
37.3995 32.0019 25.1524 0.000989045 -0.850166 0.526513
38.6172 32.0029 25.1517 0.000993906 -0.850167 0.526512
39.6458 32.0038 25.1512 0.000994214 -0.850165 0.526515
40.711 32.0046 25.1506 0.000993789 -0.850168 0.526511
41.7849 32.0056 25.1501 0.000989435 -0.850171 0.526506
42.7983 32.0064 25.1496 0.000983127 -0.850165 0.526515
43.8093 32.0073 25.149 0.000993432 -0.850169 0.526508
44.9409 32.0082 25.1484 0.000984948 -0.850167 0.526511
46.0135 32.0091 25.1479 0.000988604 -0.850167 0.526511
47.0366 32.01 25.1473 0.000983955 -0.85017 0.526507
47.9957 32.0108 25.1468 0.000991714 -0.850171 0.526506
48.046 31.5393 24.3854 0.00099297 -0.850171 0.526506
46.9601 31.5384 24.386 0.000992897 -0.85017 0.526508
45.8065 31.5374 24.3866 0.000986845 -0.850168 0.526511
44.7748 31.5365 24.3871 0.000986762 -0.850169 0.526508
43.7336 31.5356 24.3876 0.000990285 -0.85017 0.526508
42.727 31.5348 24.3882 0.000995041 -0.850172 0.526505
41.6584 31.5339 24.3887 0.000988512 -0.850168 0.526511
40.5309 31.5329 24.3893 0.00098741 -0.85017 0.526507
39.4653 31.532 24.3899 0.000985999 -0.850167 0.526513
38.4646 31.5312 24.3904 0.00099235 -0.850168 0.52651
37.3439 31.5303 24.391 0.000988899 -0.850171 0.526506
36.3131 31.5294 24.3915 0.000989295 -0.850169 0.526508
35.103 31.5284 24.3921 0.000989717 -0.850168 0.52651
34.0566 31.5275 24.3927 0.000991834 -0.850168 0.526511
33.0411 31.5266 24.3932 0.000992882 -0.850169 0.526509
31.9058 31.5257 24.3938 0.000986836 -0.850169 0.526509
30.8366 31.5248 24.3944 0.000987099 -0.850167 0.526512
29.7354 31.5239 24.3949 0.00098749 -0.850166 0.526513
28.7089 31.523 24.3955 0.000989574 -0.850167 0.526512
27.6025 31.5221 24.396 0.000988146 -0.850169 0.526509
26.5851 31.5212 24.3966 0.000988129 -0.850169 0.526508
25.4743 31.5203 24.3972 0.000988233 -0.850167 0.526513
24.4189 31.5194 24.3977 0.000990044 -0.850169 0.52651
23.3398 31.5185 24.3983 0.000987848 -0.850169 0.526509
22.2313 31.5175 24.3988 0.000991383 -0.850169 0.52651
21.1396 31.5166 24.3994 0.000994947 -0.850171 0.526506
20.0786 31.5157 24.4 0.000986746 -0.850169 0.526509
18.9275 31.5148 24.4006 0.000985314 -0.850169 0.52651
17.8027 31.5138 24.4011 0.000988593 -0.850166 0.526514
16.7664 31.5129 24.4017 0.000982919 -0.850169 0.526508
15.6612 31.512 24.4023 0.000990276 -0.850168 0.52651
14.4746 31.511 24.4029 0.000987551 -0.850168 0.526511
13.4487 31.5102 24.4034 0.000987766 -0.850169 0.52651
12.4274 31.5093 24.4039 0.000984721 -0.850168 0.52651
11.3993 31.5084 24.4045 0.000986912 -0.850168 0.526511
10.2906 31.5075 24.4051 0.000990384 -0.85017 0.526508
9.25755 31.5066 24.4056 0.000990627 -0.850168 0.52651
8.12171 31.5057 24.4062 0.000991529 -0.850169 0.526509
7.1148 31.5048 24.4067 0.000986484 -0.850165 0.526515
5.98298 31.5039 24.4073 0.000988783 -0.850165 0.526515
4.90171 31.503 24.4079 0.000989396 -0.850169 0.526509
3.81988 31.5021 24.4084 0.000985799 -0.850169 0.52651
2.81555 31.5012 24.4089 0.000990908 -0.850168 0.52651
1.93231 31.5005 24.4094 0.000984939 -0.850166 0.526514
1.91669 31.0289 23.648 0.00099006 -0.850169 0.526508
2.9952 31.0298 23.6474 0.000987378 -0.850168 0.526511
4.12452 31.0308 23.6468 0.000986545 -0.85017 0.526508
5.21971 31.0317 23.6463 0.000985734 -0.850168 0.52651
6.39721 31.0327 23.6457 0.000989719 -0.850167 0.526513
7.41559 31.0335 23.6451 0.000993437 -0.850168 0.526511
8.42184 31.0344 23.6446 0.000991278 -0.850166 0.526514
9.4227 31.0352 23.6441 0.000988576 -0.85017 0.526508
10.5521 31.0362 23.6435 0.000988236 -0.850169 0.526509
11.6486 31.0371 23.6429 0.000987208 -0.850169 0.526509
12.6525 31.0379 23.6424 0.000992458 -0.850168 0.52651
13.7163 31.0388 23.6418 0.000988692 -0.850169 0.52651
14.8705 31.0398 23.6412 0.00099265 -0.850168 0.526511
15.9736 31.0407 23.6407 0.000987303 -0.850168 0.526511
17.1454 31.0417 23.6401 0.000989288 -0.850166 0.526513
18.2883 31.0427 23.6395 0.000991186 -0.850171 0.526506
19.2911 31.0435 23.6389 0.000988328 -0.850167 0.526512
20.3312 31.0444 23.6384 0.000983864 -0.850166 0.526513
21.3947 31.0453 23.6378 0.000988651 -0.850167 0.526512
22.5281 31.0462 23.6373 0.000985811 -0.85017 0.526507
23.6243 31.0472 23.6367 0.000986763 -0.850167 0.526512
24.7052 31.0481 23.6361 0.00098903 -0.850168 0.52651
25.904 31.0491 23.6355 0.000989114 -0.850168 0.526511
26.927 31.0499 23.635 0.000986529 -0.850169 0.526509
28.0111 31.0508 23.6344 0.000989256 -0.85017 0.526508
29.0243 31.0517 23.6339 0.000984313 -0.850165 0.526515
30.1624 31.0527 23.6333 0.000988212 -0.850167 0.526512
31.1829 31.0535 23.6328 0.000990672 -0.850167 0.526512
32.2778 31.0544 23.6322 0.00099204 -0.850168 0.526511
33.3414 31.0553 23.6316 0.000989239 -0.850166 0.526513
34.3716 31.0562 23.6311 0.000988014 -0.850166 0.526514
35.4298 31.0571 23.6305 0.00099225 -0.850166 0.526513
36.4703 31.058 23.63 0.000992719 -0.850168 0.526511
37.5222 31.0589 23.6294 0.000987567 -0.850169 0.526509
38.5931 31.0598 23.6289 0.000987429 -0.850168 0.526511
39.6062 31.0606 23.6284 0.000991695 -0.850168 0.52651
40.6615 31.0615 23.6278 0.000994869 -0.850169 0.526509
41.7097 31.0624 23.6273 0.000987415 -0.85017 0.526507
42.7398 31.0633 23.6267 0.000992096 -0.850168 0.526511
43.7505 31.0641 23.6262 0.000991016 -0.850172 0.526504
44.7854 31.065 23.6257 0.000989572 -0.85017 0.526507
45.8528 31.0659 23.6251 0.000984994 -0.850168 0.52651
46.9266 31.0668 23.6245 0.000989542 -0.850168 0.526511
47.9699 31.0676 23.624 0.000990952 -0.850169 0.52651
48.043 31.0677 23.624 0.000993635 -0.850169 0.52651
47.9648 30.5961 22.8626 0.000985316 -0.850172 0.526504
46.8661 30.5952 22.8631 0.000992476 -0.850169 0.526508
45.7687 30.5942 22.8637 0.000994584 -0.850167 0.526512
44.7182 30.5934 22.8643 0.000989493 -0.850167 0.526512
43.667 30.5925 22.8648 0.000990262 -0.850168 0.526511
42.5838 30.5916 22.8654 0.00099014 -0.850166 0.526513
41.5666 30.5907 22.8659 0.000991978 -0.850169 0.526509
40.5484 30.5899 22.8664 0.000990155 -0.850167 0.526512
39.5348 30.589 22.867 0.00099143 -0.850167 0.526512
38.5305 30.5882 22.8675 0.000993627 -0.85017 0.526508
37.4429 30.5872 22.8681 0.000990182 -0.850169 0.526509
36.3715 30.5863 22.8686 0.000992755 -0.850166 0.526513
35.3268 30.5855 22.8692 0.00099049 -0.850168 0.52651
34.2759 30.5846 22.8697 0.000989179 -0.850169 0.526508
33.2041 30.5837 22.8703 0.000988784 -0.850168 0.526511
32.1465 30.5828 22.8708 0.000993998 -0.850167 0.526513
31.0894 30.5819 22.8714 0.000988689 -0.850166 0.526514
30.07 30.581 22.8719 0.000987943 -0.850169 0.52651
29.0565 30.5802 22.8724 0.000989345 -0.850169 0.526509
27.886 30.5792 22.873 0.000987143 -0.850168 0.526511
26.8242 30.5783 22.8736 0.000990137 -0.850166 0.526513
25.8134 30.5774 22.8741 0.000989468 -0.850168 0.52651
24.7848 30.5766 22.8747 0.000988384 -0.850165 0.526515
23.6942 30.5757 22.8752 0.000987679 -0.850167 0.526512
22.5752 30.5747 22.8758 0.000988809 -0.850168 0.52651
21.5665 30.5739 22.8763 0.000990566 -0.850169 0.526509
20.4088 30.5729 22.8769 0.000984396 -0.850171 0.526506
19.2475 30.5719 22.8775 0.000991292 -0.850166 0.526513
18.1017 30.571 22.8781 0.00098956 -0.850169 0.526509
17.0726 30.5701 22.8787 0.000989292 -0.850168 0.52651
16.0342 30.5692 22.8792 0.000988885 -0.850167 0.526512
14.933 30.5683 22.8798 0.000992464 -0.850166 0.526514
13.8708 30.5674 22.8803 0.000988423 -0.850169 0.52651
12.8358 30.5665 22.8809 0.000986297 -0.850168 0.526511
11.8327 30.5657 22.8814 0.00098577 -0.850169 0.526509
10.7421 30.5648 22.882 0.000989935 -0.85017 0.526507
9.68407 30.5639 22.8825 0.000986549 -0.850168 0.526511
8.66089 30.563 22.883 0.000992064 -0.850167 0.526512
7.65887 30.5622 22.8836 0.000986972 -0.850167 0.526511
6.65783 30.5613 22.8841 0.000991459 -0.85017 0.526508
5.49128 30.5604 22.8847 0.000989853 -0.85017 0.526507
4.37826 30.5594 22.8853 0.000986747 -0.85017 0.526508
3.32921 30.5585 22.8858 0.000983365 -0.850169 0.526509
2.25467 30.5576 22.8864 0.00098974 -0.850168 0.52651
2.01845 30.5574 22.8865 0.000984403 -0.850167 0.526513
2.03543 30.0859 22.1251 0.000991383 -0.85017 0.526507
3.0928 30.0868 22.1245 0.000988868 -0.850167 0.526512
4.1882 30.0877 22.1239 0.000990578 -0.850166 0.526514
5.30963 30.0887 22.1234 0.000984077 -0.850168 0.52651
6.31185 30.0895 22.1228 0.000985733 -0.850166 0.526514
7.43974 30.0904 22.1223 0.000988872 -0.850169 0.526509
8.44884 30.0913 22.1217 0.000991618 -0.850165 0.526515
9.50236 30.0922 22.1212 0.000991117 -0.850168 0.52651
10.5691 30.0931 22.1206 0.000988542 -0.850169 0.526508
11.6089 30.094 22.1201 0.000989186 -0.850169 0.52651
12.6234 30.0948 22.1196 0.000983729 -0.850169 0.52651
13.7151 30.0957 22.119 0.000986943 -0.850169 0.526509
14.8141 30.0966 22.1184 0.000990621 -0.850166 0.526514
15.838 30.0975 22.1179 0.000990616 -0.850168 0.52651
16.9834 30.0985 22.1173 0.000988147 -0.850169 0.526509
18.1468 30.0994 22.1167 0.000986004 -0.850167 0.526512
19.2996 30.1004 22.1161 0.000986879 -0.850168 0.52651
20.3307 30.1013 22.1155 0.00098843 -0.850168 0.526511
21.3899 30.1022 22.115 0.000991912 -0.850171 0.526506
22.46 30.1031 22.1144 0.000987341 -0.850168 0.526511
23.4683 30.1039 22.1139 0.000989549 -0.850167 0.526511
24.4935 30.1048 22.1134 0.000991556 -0.850168 0.52651
25.5795 30.1057 22.1128 0.000991296 -0.850168 0.52651
26.6466 30.1066 22.1123 0.00099342 -0.850168 0.526511
27.787 30.1076 22.1117 0.000987921 -0.850168 0.526511
28.8294 30.1084 22.1111 0.000988681 -0.85017 0.526507
29.9252 30.1093 22.1105 0.000985006 -0.850168 0.52651
30.9301 30.1102 22.11 0.000983756 -0.850168 0.526511
32.129 30.1112 22.1094 0.000991492 -0.850169 0.52651
33.1787 30.1121 22.1089 0.00099401 -0.850169 0.526509
34.2031 30.113 22.1083 0.000987301 -0.850166 0.526514
35.2034 30.1138 22.1078 0.000991149 -0.850164 0.526517
36.2747 30.1147 22.1072 0.000993463 -0.850167 0.526512
37.3572 30.1156 22.1067 0.000993357 -0.850168 0.526511
38.4183 30.1165 22.1061 0.000990449 -0.850167 0.526511
39.4673 30.1174 22.1056 0.000990986 -0.850168 0.526511
40.4834 30.1182 22.105 0.000993967 -0.850169 0.52651
41.6129 30.1192 22.1045 0.000993904 -0.850169 0.526509
42.7518 30.1202 22.1039 0.000992091 -0.850169 0.526509
43.968 30.1212 22.1032 0.000992424 -0.85017 0.526508
45.0643 30.1221 22.1027 0.000990859 -0.85017 0.526508
46.2225 30.1231 22.102 0.00099373 -0.85017 0.526507
47.4242 30.1241 22.1014 0.000988225 -0.850168 0.52651
47.9262 30.1245 22.1012 0.00098902 -0.850173 0.526503
48.0603 29.6531 21.3397 0.000987924 -0.850168 0.52651
47.0353 29.6522 21.3402 0.000994667 -0.850168 0.526511
46.0178 29.6513 21.3407 0.000991735 -0.850168 0.526511
45.001 29.6505 21.3413 0.0009903 -0.85017 0.526507
43.9512 29.6496 21.3418 0.00099286 -0.850164 0.526516
42.8448 29.6487 21.3424 0.000992027 -0.850169 0.52651
41.8202 29.6478 21.3429 0.000992888 -0.850168 0.52651
40.7562 29.6469 21.3435 0.000992286 -0.850168 0.526511
39.6702 29.646 21.344 0.000992361 -0.850169 0.52651
38.6176 29.6451 21.3446 0.000992774 -0.850167 0.526513
37.5275 29.6442 21.3452 0.000992729 -0.850166 0.526514
36.4389 29.6433 21.3457 0.000993758 -0.850169 0.526509
35.3531 29.6424 21.3463 0.000990826 -0.850168 0.526511
34.2723 29.6415 21.3469 0.000992345 -0.850166 0.526513
33.1948 29.6405 21.3474 0.000990444 -0.850166 0.526514
32.1743 29.6397 21.3479 0.000989721 -0.850168 0.526511
31.14 29.6388 21.3485 0.00098269 -0.850168 0.526511
30.0966 29.6379 21.349 0.00098502 -0.85017 0.526507
29.0207 29.637 21.3496 0.000990175 -0.850168 0.526511
27.9016 29.6361 21.3502 0.00098577 -0.85017 0.526508
26.7761 29.6351 21.3508 0.000994396 -0.850168 0.526511
25.6471 29.6342 21.3513 0.000986744 -0.850166 0.526513
24.581 29.6333 21.3519 0.000991898 -0.850168 0.526511
23.5001 29.6324 21.3525 0.000987263 -0.850169 0.526509
22.4769 29.6315 21.353 0.000989647 -0.850168 0.526511
21.2719 29.6305 21.3536 0.000987049 -0.85017 0.526508
20.2635 29.6297 21.3542 0.000990696 -0.850167 0.526513
19.1255 29.6287 21.3547 0.000988321 -0.850168 0.52651
18.0993 29.6279 21.3553 0.000990089 -0.850169 0.526509
17.0332 29.627 21.3558 0.000987157 -0.850166 0.526514
15.9375 29.626 21.3564 0.00098797 -0.850169 0.52651
14.9319 29.6252 21.3569 0.000989656 -0.850168 0.526511
13.8314 29.6243 21.3575 0.000991865 -0.850168 0.52651
12.6918 29.6233 21.3581 0.000988411 -0.850167 0.526512
11.6504 29.6224 21.3586 0.000992234 -0.850167 0.526512
10.5682 29.6215 21.3592 0.000985107 -0.850169 0.52651
9.5264 29.6206 21.3597 0.000988212 -0.850169 0.526509
8.47547 29.6198 21.3603 0.000990332 -0.850167 0.526513
7.36635 29.6188 21.3609 0.000988635 -0.85017 0.526507
6.30643 29.6179 21.3614 0.000987673 -0.850167 0.526512
5.22914 29.617 21.362 0.000986692 -0.850167 0.526513
4.16206 29.6161 21.3625 0.000986236 -0.850169 0.52651
3.06539 29.6152 21.3631 0.000986208 -0.850166 0.526514
1.95481 29.6143 21.3637 0.000987207 -0.850168 0.526511
1.91047 29.6142 21.3637 0.000985668 -0.850168 0.526511
1.94652 29.1427 20.6023 0.000988043 -0.850171 0.526506
3.00215 29.1436 20.6017 0.000988683 -0.850168 0.526511
4.03612 29.1445 20.6012 0.000984443 -0.850168 0.526511
5.09087 29.1454 20.6006 0.000988181 -0.850169 0.526508
6.09993 29.1462 20.6001 0.000990072 -0.850169 0.52651
7.1453 29.1471 20.5996 0.000986504 -0.850168 0.52651
8.20088 29.148 20.599 0.000990306 -0.850169 0.526509
9.2088 29.1488 20.5985 0.000990727 -0.850169 0.526509
10.2214 29.1497 20.598 0.000988902 -0.850167 0.526512
11.2509 29.1505 20.5974 0.00098847 -0.850167 0.526512
12.2856 29.1514 20.5969 0.000987905 -0.850168 0.526511
13.305 29.1523 20.5963 0.000992372 -0.850165 0.526515
14.3824 29.1532 20.5958 0.000990357 -0.850166 0.526513
15.4289 29.1541 20.5952 0.000988918 -0.850167 0.526513
16.577 29.155 20.5946 0.00098425 -0.850169 0.526509
17.7795 29.156 20.594 0.000984738 -0.850167 0.526512
18.9664 29.157 20.5934 0.000990001 -0.850169 0.526508
19.9968 29.1579 20.5929 0.0009846 -0.85017 0.526507
21.1722 29.1589 20.5922 0.000989902 -0.850167 0.526511
22.2424 29.1598 20.5917 0.00098808 -0.850167 0.526512
23.4065 29.1608 20.5911 0.00098596 -0.850167 0.526512
24.4861 29.1617 20.5905 0.000988062 -0.850168 0.526511
25.554 29.1626 20.59 0.000986088 -0.850169 0.526509
26.6752 29.1635 20.5894 0.000988575 -0.850167 0.526513
27.7818 29.1644 20.5888 0.000990764 -0.850169 0.526509
28.8824 29.1654 20.5882 0.0009866 -0.850167 0.526512
29.9412 29.1663 20.5877 0.000985639 -0.850167 0.526512
31.0219 29.1672 20.5871 0.000986438 -0.850168 0.526511
32.0707 29.168 20.5866 0.00098997 -0.850168 0.52651
33.1984 29.169 20.586 0.000991257 -0.850168 0.526511
34.2301 29.1699 20.5854 0.000989615 -0.850166 0.526514
35.2363 29.1707 20.5849 0.000990389 -0.850168 0.52651
36.3265 29.1716 20.5844 0.000991304 -0.850167 0.526512
37.4166 29.1726 20.5838 0.000990265 -0.850168 0.526511
38.5059 29.1735 20.5832 0.000992508 -0.850168 0.526511
39.5978 29.1744 20.5826 0.000994304 -0.850169 0.526509
40.6811 29.1753 20.5821 0.000988866 -0.850168 0.526511
41.754 29.1762 20.5815 0.000990283 -0.85017 0.526507
42.8462 29.1771 20.581 0.000989148 -0.85017 0.526507
43.9044 29.178 20.5804 0.000993943 -0.850172 0.526504
44.9377 29.1789 20.5799 0.000986955 -0.850166 0.526514
46.0239 29.1798 20.5793 0.000990796 -0.850168 0.526511
47.2002 29.1808 20.5787 0.000986754 -0.850171 0.526506
47.8878 29.1814 20.5783 0.000988846 -0.85017 0.526507
47.9942 29.1815 20.5783 0.000988341 -0.85017 0.526507
