1.60087 61.1274 20.5406 0.000985114 -0.850172 0.526504
2.2233 60.8231 20.0481 0.000987529 -0.850173 0.526502
3.22509 60.8404 20.0741 0.000989808 -0.850169 0.526509
4.33288 60.8235 20.0447 0.000982387 -0.850169 0.526509
5.37906 60.8152 20.0293 0.000986527 -0.850171 0.526505
6.47736 60.8321 20.0546 0.000989055 -0.850172 0.526504
7.53631 60.82 20.033 0.000979783 -0.850165 0.526516
8.63471 60.8306 20.0482 0.000981753 -0.850166 0.526514
9.70145 60.836 20.0548 0.000991147 -0.85017 0.526507
10.7153 60.8396 20.0588 0.000985848 -0.850169 0.526509
11.8966 60.8286 20.0388 0.000983232 -0.850172 0.526503
12.9695 60.8475 20.0673 0.00098364 -0.850174 0.526502
14.056 60.8391 20.0517 0.000993555 -0.850167 0.526512
15.1222 60.847 20.0624 0.000990131 -0.850168 0.526511
16.1292 60.8481 20.0623 0.000991647 -0.850172 0.526504
17.2308 60.852 20.0666 0.000994806 -0.850169 0.52651
18.2876 60.8537 20.0674 0.000987915 -0.850169 0.526509
19.3105 60.8552 20.0679 0.000985321 -0.850164 0.526518
20.3205 60.8581 20.0706 0.000983556 -0.850173 0.526502
21.4167 60.8571 20.0669 0.000985015 -0.850168 0.526511
22.4996 60.8587 20.0675 0.000982771 -0.850169 0.52651
23.6067 60.8554 20.06 0.000985696 -0.850171 0.526506
24.6543 60.8571 20.0608 0.000985014 -0.85017 0.526508
25.6525 60.8695 20.0789 0.000994248 -0.850171 0.526505
26.669 60.851 20.0472 0.000993769 -0.850171 0.526505
27.7232 60.8612 20.0617 0.000986259 -0.850171 0.526505
28.8176 60.8554 20.0504 0.000985126 -0.850166 0.526513
29.8468 60.8563 20.0499 0.00099133 -0.850166 0.526514
30.9144 60.8721 20.0733 0.000987473 -0.850169 0.526508
31.9507 60.8704 20.0686 0.000994757 -0.850167 0.526512
32.9736 60.8675 20.0621 0.000983776 -0.850173 0.526503
34.0171 60.8707 20.0652 0.000985328 -0.850171 0.526505
35.071 60.8621 20.0494 0.000983563 -0.850175 0.526499
36.1673 60.8731 20.065 0.00098922 -0.850168 0.526511
37.2538 60.8774 20.0701 0.000988117 -0.850166 0.526514
38.3431 60.8681 20.0529 0.00100059 -0.850171 0.526506
39.4676 60.8684 20.0512 0.000994737 -0.850169 0.526508
40.4677 60.8681 20.0489 0.000987956 -0.850167 0.526512
41.5487 60.8805 20.067 0.000987631 -0.850169 0.526509
42.5869 60.8689 20.0462 0.00098905 -0.850166 0.526513
43.6905 60.8699 20.0457 0.000985081 -0.850166 0.526513
44.8737 60.875 20.0519 0.000987112 -0.85017 0.526508
45.9486 60.8819 20.0609 0.000986104 -0.850165 0.526516
46.9665 60.8746 20.0473 0.000978216 -0.850167 0.526512
48.0939 60.8897 20.0695 0.000991614 -0.850169 0.526508
48.3783 61.3709 20.846 0.000983845 -0.850163 0.526519
48.3838 61.9048 21.708 0.000993762 -0.850168 0.52651
48.3882 62.4486 22.5861 0.00098596 -0.85017 0.526507
48.3778 62.9997 23.4761 0.000984873 -0.850166 0.526514
48.4075 63.5742 24.4036 0.000992997 -0.850164 0.526517
48.4001 64.1183 25.2822 0.000997356 -0.850169 0.526508
48.3948 64.7096 26.237 0.000986987 -0.850169 0.52651
48.3599 65.2758 27.1514 0.00100933 -0.850167 0.526512
47.6305 65.5324 27.567 0.00099246 -0.850174 0.526501
46.4233 65.5286 27.5632 0.000985118 -0.850155 0.526531
45.3048 65.5282 27.5647 0.000984588 -0.850173 0.526503
44.2856 65.5283 27.5667 0.000978998 -0.850166 0.526515
43.2788 65.5198 27.5548 0.000995791 -0.850171 0.526506
42.1481 65.5181 27.5542 0.00099377 -0.85017 0.526508
41.0511 65.5268 27.5703 0.00098875 -0.850164 0.526517
39.9225 65.5277 27.574 0.000984415 -0.850172 0.526504
38.8379 65.5182 27.5605 0.000989657 -0.850166 0.526513
37.6256 65.5198 27.5654 0.00098904 -0.850166 0.526513
36.5848 65.5177 27.5641 0.000984065 -0.850171 0.526506
35.501 65.5194 27.5688 0.000976689 -0.850161 0.526522
34.4713 65.5188 27.5698 0.000973318 -0.850155 0.526532
33.3002 65.5131 27.5627 0.000985724 -0.850177 0.526497
32.1657 65.5189 27.5743 0.000998765 -0.850168 0.526511
31.0873 65.5075 27.5579 0.000983273 -0.850173 0.526502
30.0666 65.4917 27.5343 0.000994976 -0.850172 0.526505
29.0017 65.501 27.5513 0.000985754 -0.85017 0.526508
27.9586 65.5134 27.5733 0.000996084 -0.850177 0.526496
26.8154 65.505 27.5618 0.000981196 -0.850165 0.526515
25.7732 65.5111 27.5736 0.000996524 -0.850166 0.526514
24.6858 65.5085 27.5715 0.00100197 -0.850159 0.526525
23.5918 65.5043 27.5668 0.000993522 -0.850162 0.526521
22.5073 65.5023 27.5656 0.000987287 -0.850172 0.526503
21.506 65.5095 27.5791 0.000982212 -0.85017 0.526507
20.4077 65.5049 27.5737 0.000992974 -0.850176 0.526498
19.3415 65.5116 27.5865 0.000992793 -0.85017 0.526508
18.2525 65.5084 27.5834 0.000969244 -0.850171 0.526506
17.071 65.5113 27.5903 0.000990165 -0.850171 0.526506
15.9482 65.5104 27.591 0.000989979 -0.850167 0.526512
14.79 65.4959 27.5698 0.00097498 -0.850159 0.526525
13.7647 65.4979 27.5748 0.000994165 -0.850172 0.526504
12.5717 65.4893 27.5632 0.000985494 -0.850173 0.526502
11.4846 65.4948 27.5742 0.000991889 -0.850164 0.526518
10.3006 65.4921 27.572 0.000985157 -0.850164 0.526517
9.26809 65.5095 27.6021 0.00100204 -0.85017 0.526507
8.15375 65.4997 27.5883 0.00097127 -0.850171 0.526506
7.09125 65.5061 27.6007 0.000995716 -0.85017 0.526508
6.06953 65.5009 27.5942 0.000983012 -0.85017 0.526507
5.0176 65.5008 27.596 0.000979061 -0.850164 0.526516
3.92176 65.4965 27.5912 0.000990478 -0.850166 0.526514
2.78782 65.4903 27.5832 0.000988633 -0.850171 0.526505
1.73829 65.4527 27.5245 0.000984058 -0.850175 0.5265
1.61306 64.8783 26.5972 0.000988859 -0.850175 0.526499
1.61163 64.3299 25.7117 0.000990658 -0.850169 0.52651
1.61301 63.7919 24.843 0.000988802 -0.850168 0.526511
1.60463 63.2621 23.9876 0.000978927 -0.850172 0.526505
1.61784 62.6105 22.9354 0.000996869 -0.850169 0.526509
1.60663 61.9936 21.9392 0.000983791 -0.85017 0.526508
1.61403 61.4145 21.0042 0.000986855 -0.850168 0.52651
1.60123 61.137 20.5561 0.000988787 -0.850171 0.526505
0.608668 61.1531 20.5839 0.00098885 -0.850168 0.52651
0.616127 61.6802 21.435 0.000989235 -0.850167 0.526513
0.626542 62.2257 22.3158 0.000999381 -0.850173 0.526503
0.612592 62.7782 23.208 0.000993858 -0.850168 0.52651
0.606618 63.338 24.1119 0.000983466 -0.850173 0.526502
0.62843 63.8757 24.9802 0.000989147 -0.850171 0.526506
0.615209 64.4199 25.8589 0.00100156 -0.850171 0.526505
0.60929 64.9516 26.7175 0.000985354 -0.850178 0.526494
0.640172 65.524 27.6417 0.000978324 -0.850175 0.5265
0.879527 66.0134 28.4315 0.000979698 -0.850174 0.526501
2.03243 66.018 28.4367 0.00098843 -0.850169 0.52651
3.03685 66.024 28.4445 0.000989854 -0.850163 0.526519
4.11553 66.0297 28.4517 0.00100408 -0.850166 0.526513
5.22018 66.033 28.4551 0.000992844 -0.850169 0.526509
6.23788 66.0291 28.4468 0.000977784 -0.850166 0.526514
7.30964 66.0316 28.4488 0.00100097 -0.850167 0.526512
8.43376 66.0284 28.4416 0.000983599 -0.850173 0.526503
9.55878 66.0279 28.4385 0.000988163 -0.850171 0.526505
10.5717 66.0247 28.4315 0.000988268 -0.850176 0.526498
11.6414 66.0276 28.4341 0.000992414 -0.850171 0.526506
12.8322 66.0313 28.438 0.000972522 -0.850172 0.526504
13.8618 66.0268 28.4287 0.000991885 -0.850167 0.526511
14.8734 66.023 28.4208 0.000985766 -0.850164 0.526517
15.9827 66.0348 28.4377 0.000994053 -0.850171 0.526506
17.0813 66.0409 28.4455 0.00099182 -0.850165 0.526515
18.0993 66.0381 28.4391 0.000981906 -0.850163 0.526519
19.2532 66.0416 28.4424 0.000996162 -0.850177 0.526497
20.301 66.037 28.433 0.000992915 -0.850158 0.526527
21.3204 66.041 28.4376 0.000992256 -0.850176 0.526497
22.4728 66.0338 28.4239 0.000994005 -0.85017 0.526507
23.517 66.0316 28.4184 0.000988728 -0.850171 0.526506
24.5596 66.0382 28.4271 0.000985626 -0.850169 0.526509
25.6022 66.0422 28.4316 0.000984319 -0.850167 0.526513
26.6629 66.0444 28.4331 0.000991499 -0.850165 0.526515
27.6657 66.0467 28.435 0.000980722 -0.85017 0.526507
28.7587 66.0479 28.4349 0.000990835 -0.850163 0.526519
29.8355 66.042 28.4232 0.000988955 -0.850171 0.526506
30.8613 66.044 28.4245 0.000981677 -0.850169 0.526509
31.8787 66.0544 28.4395 0.000983015 -0.850165 0.526516
32.9853 66.0475 28.4262 0.00100061 -0.850174 0.526501
34.1559 66.0422 28.4155 0.000991242 -0.850158 0.526526
35.2196 66.0437 28.4158 0.000991334 -0.850167 0.526511
36.3035 66.0474 28.4198 0.000988637 -0.850173 0.526502
37.3869 66.0459 28.4154 0.000994421 -0.850168 0.52651
38.4207 66.0464 28.4142 0.000974986 -0.850165 0.526516
39.5246 66.0499 28.4178 0.00100137 -0.85017 0.526507
40.5919 66.0548 28.4237 0.000988428 -0.850161 0.526523
41.7287 66.0489 28.412 0.000999054 -0.850162 0.526521
42.8188 66.0449 28.4036 0.00098765 -0.850173 0.526503
43.9254 66.0494 28.4088 0.000975649 -0.850156 0.526529
44.9774 66.0521 28.4111 0.000977255 -0.850169 0.526509
46.0665 66.0454 28.3984 0.000982698 -0.850169 0.526508
47.1822 66.0587 28.4177 0.000995119 -0.850167 0.526512
48.247 66.0584 28.4152 0.000988345 -0.850171 0.526506
49.286 65.9927 28.3072 0.000989412 -0.850165 0.526515
49.3779 65.4363 27.4085 0.000985175 -0.85017 0.526508
49.3972 64.9038 26.5486 0.000998555 -0.850172 0.526504
49.3804 64.3766 25.6975 0.000992344 -0.850174 0.526501
49.3953 63.8259 24.8081 0.000987888 -0.85017 0.526508
49.3767 63.2726 23.9148 0.000989237 -0.850166 0.526513
49.3836 62.6897 22.9736 0.000983717 -0.85017 0.526508
49.3909 62.1069 22.0324 0.000988664 -0.850167 0.526512
49.3801 61.5235 21.0905 0.000982455 -0.850166 0.526514
49.405 60.9897 20.2284 0.00100217 -0.850164 0.526517
49.3693 60.4581 19.3702 0.000989438 -0.850167 0.526512
48.4564 60.3489 19.1956 0.000988127 -0.85017 0.526508
47.4328 60.3516 19.2019 0.000990229 -0.850173 0.526502
46.3483 60.3516 19.204 0.000995052 -0.850173 0.526502
45.2962 60.3518 19.2062 0.000987845 -0.850167 0.526512
44.2499 60.3452 19.1975 0.000988822 -0.85017 0.526508
43.2016 60.3443 19.198 0.000994843 -0.850171 0.526506
42.1581 60.3482 19.2063 0.000991543 -0.850168 0.526511
41.09 60.345 19.203 0.00098727 -0.850168 0.526511
39.8723 60.3393 19.1961 0.000984985 -0.850168 0.526511
38.8303 60.3396 19.1987 0.000988504 -0.850165 0.526515
37.7785 60.3393 19.2001 0.000976713 -0.850171 0.526506
36.7592 60.3466 19.2139 0.000984448 -0.850161 0.526522
35.7204 60.3429 19.2099 0.000989382 -0.850165 0.526515
34.7174 60.3375 19.203 0.000982542 -0.850169 0.526509
33.6413 60.3421 19.2124 0.000989218 -0.850165 0.526515
32.5783 60.3387 19.209 0.00098744 -0.85017 0.526507
31.5306 60.3406 19.2139 0.000986326 -0.850168 0.526511
30.429 60.3429 19.2197 0.000986192 -0.850173 0.526502
29.2253 60.33 19.2012 0.000985018 -0.850165 0.526515
28.1357 60.3275 19.1991 0.000986269 -0.850168 0.526511
26.903 60.3347 19.2131 0.000991731 -0.850171 0.526505
25.8445 60.3326 19.2117 0.000986069 -0.850163 0.526519
24.7821 60.3303 19.2099 0.000983049 -0.850172 0.526505
23.6252 60.3296 19.211 0.000989834 -0.850171 0.526506
22.4572 60.3257 19.2069 0.000990003 -0.850172 0.526503
21.2898 60.3264 19.2103 0.000984029 -0.850166 0.526514
20.2634 60.3226 19.206 0.000992217 -0.850168 0.526511
19.1285 60.3259 19.2135 0.00098395 -0.850172 0.526504
18.0466 60.3179 19.2026 0.000996929 -0.85017 0.526508
17.0467 60.3165 19.2022 0.00098404 -0.850165 0.526515
15.9771 60.3267 19.2206 0.000979614 -0.850167 0.526512
14.9319 60.3224 19.2157 0.000984538 -0.85017 0.526508
13.8444 60.3102 19.1981 0.000990256 -0.850171 0.526506
12.7543 60.3138 19.206 0.000988552 -0.850165 0.526515
11.6959 60.2997 19.1852 0.000985247 -0.850164 0.526516
10.6054 60.3084 19.2013 0.000983818 -0.85017 0.526508
9.58802 60.3016 19.1921 0.000988156 -0.850173 0.526502
8.56021 60.3015 19.1938 0.000985037 -0.85017 0.526508
7.53277 60.3007 19.1945 0.000986688 -0.850166 0.526513
6.47426 60.3064 19.2057 0.000983889 -0.850166 0.526513
5.44929 60.2872 19.1767 0.000990437 -0.850167 0.526512
4.40938 60.2934 19.1887 0.000982655 -0.850171 0.526506
3.35212 60.3121 19.2208 0.000984878 -0.850169 0.526509
2.29093 60.2923 19.1909 0.000985481 -0.85017 0.526508
1.19608 60.301 19.207 0.00098066 -0.850172 0.526504
0.598811 60.5852 19.667 0.000982477 -0.850171 0.526506
0.606179 61.0765 20.4602 0.00098807 -0.850169 0.526508
2.22139 61.2081 20.6697 0.000986486 -0.850171 0.526505
3.34923 61.209 20.6691 0.000984032 -0.850167 0.526512
4.38666 61.2099 20.6686 0.000981677 -0.850168 0.52651
5.50207 61.2108 20.668 0.000982521 -0.850168 0.526511
6.65872 61.2118 20.6674 0.000991514 -0.850167 0.526513
7.69659 61.2127 20.6669 0.000983953 -0.850164 0.526517
8.80418 61.2136 20.6663 0.000987352 -0.85017 0.526507
9.95793 61.2146 20.6657 0.000986616 -0.850169 0.52651
10.9881 61.2154 20.6651 0.00098094 -0.850165 0.526516
12.0496 61.2163 20.6646 0.000981636 -0.850169 0.526508
13.247 61.2173 20.664 0.000986274 -0.85016 0.526524
14.4042 61.2183 20.6634 0.000991399 -0.850166 0.526514
15.5008 61.2192 20.6628 0.000980417 -0.850171 0.526506
16.6238 61.2202 20.6622 0.000992817 -0.850169 0.526509
17.7346 61.2211 20.6616 0.000985039 -0.850172 0.526503
18.7745 61.222 20.6611 0.000985871 -0.85017 0.526508
19.79 61.2228 20.6606 0.000993032 -0.850169 0.526508
20.794 61.2237 20.66 0.000995667 -0.850171 0.526506
21.9609 61.2247 20.6594 0.00098622 -0.850171 0.526506
22.9629 61.2255 20.6589 0.00098857 -0.850166 0.526515
24.0719 61.2264 20.6583 0.000994616 -0.850167 0.526513
25.134 61.2273 20.6578 0.000988721 -0.850167 0.526512
26.1913 61.2282 20.6572 0.00099065 -0.850168 0.526511
27.2261 61.2291 20.6567 0.000985108 -0.850168 0.526511
28.3154 61.23 20.6561 0.000983354 -0.850167 0.526512
29.3657 61.2309 20.6556 0.000998351 -0.850169 0.526508
30.4118 61.2318 20.655 0.000982129 -0.850168 0.526511
31.517 61.2327 20.6545 0.000986559 -0.850172 0.526505
32.549 61.2336 20.6539 0.000988895 -0.85017 0.526507
33.7002 61.2345 20.6533 0.000981229 -0.850167 0.526512
34.7476 61.2354 20.6528 0.000984467 -0.850168 0.52651
35.7538 61.2363 20.6523 0.000986451 -0.85017 0.526507
36.7849 61.2371 20.6517 0.000993598 -0.850167 0.526512
37.826 61.238 20.6512 0.00098095 -0.850164 0.526517
38.8353 61.2388 20.6507 0.000976748 -0.850166 0.526514
39.8425 61.2397 20.6501 0.000983135 -0.850165 0.526515
40.852 61.2405 20.6496 0.000986631 -0.850167 0.526513
41.8586 61.2414 20.6491 0.000987037 -0.850165 0.526516
42.8782 61.2422 20.6485 0.000977536 -0.850168 0.526511
43.961 61.2432 20.648 0.000996178 -0.850169 0.526509
44.9891 61.244 20.6475 0.000987173 -0.850169 0.526509
46.0106 61.2449 20.6469 0.000985588 -0.85017 0.526508
47.0903 61.2458 20.6464 0.000985913 -0.850172 0.526504
47.8078 61.2464 20.646 0.000995284 -0.850167 0.526513
47.8451 61.7347 21.4344 0.000984295 -0.85017 0.526508
46.7634 61.7338 21.435 0.00098857 -0.85017 0.526508
45.7313 61.7329 21.4355 0.000980986 -0.850172 0.526505
44.6971 61.7321 21.4361 0.000989204 -0.850164 0.526517
43.6492 61.7312 21.4366 0.000985018 -0.850166 0.526514
42.6229 61.7303 21.4371 0.00098149 -0.850166 0.526513
41.5289 61.7294 21.4377 0.000993632 -0.850166 0.526515
40.4558 61.7285 21.4383 0.000987347 -0.850171 0.526506
39.4515 61.7277 21.4388 0.000986119 -0.850164 0.526517
38.3703 61.7268 21.4394 0.000995657 -0.85017 0.526507
37.3475 61.7259 21.4399 0.000989512 -0.850168 0.52651
36.2852 61.725 21.4404 0.000988936 -0.850167 0.526512
35.1865 61.7241 21.441 0.000987401 -0.850171 0.526506
34.0759 61.7231 21.4416 0.00098434 -0.850165 0.526515
33.0498 61.7223 21.4421 0.000995743 -0.850164 0.526517
31.9576 61.7214 21.4427 0.000990818 -0.85017 0.526507
30.9058 61.7205 21.4432 0.000992164 -0.850171 0.526505
29.7994 61.7195 21.4438 0.000989402 -0.850168 0.52651
28.6223 61.7186 21.4444 0.000987201 -0.850167 0.526512
27.5844 61.7177 21.445 0.000990861 -0.850168 0.526511
26.5739 61.7168 21.4455 0.00099493 -0.85017 0.526508
25.3873 61.7158 21.4461 0.000986613 -0.850168 0.526511
24.3201 61.7149 21.4467 0.000981618 -0.850168 0.526511
23.2783 61.7141 21.4472 0.00099196 -0.85017 0.526507
22.1542 61.7131 21.4478 0.00099358 -0.850167 0.526512
21.1418 61.7123 21.4483 0.000991234 -0.85017 0.526507
20.086 61.7114 21.4489 0.000985497 -0.850172 0.526504
18.9797 61.7105 21.4494 0.000989048 -0.850168 0.526511
17.8916 61.7095 21.45 0.000990274 -0.850164 0.526517
16.8082 61.7086 21.4506 0.000989816 -0.850164 0.526517
15.7305 61.7077 21.4511 0.000993515 -0.85017 0.526507
14.6275 61.7068 21.4517 0.000986717 -0.850167 0.526513
13.6151 61.706 21.4522 0.000992836 -0.850169 0.526509
12.5382 61.705 21.4528 0.000983666 -0.850166 0.526514
11.5029 61.7042 21.4533 0.000993309 -0.850167 0.526512
10.4296 61.7033 21.4539 0.000988103 -0.850172 0.526503
9.30315 61.7023 21.4545 0.000985052 -0.85017 0.526508
8.29016 61.7015 21.455 0.00098817 -0.850171 0.526506
7.18699 61.7006 21.4556 0.000988759 -0.85017 0.526508
6.03282 61.6996 21.4562 0.000982954 -0.850172 0.526504
4.92696 61.6987 21.4568 0.000985135 -0.850169 0.52651
3.90733 61.6978 21.4573 0.000988378 -0.850169 0.52651
2.88516 61.6969 21.4578 0.000983746 -0.850166 0.526514
2.2569 61.6964 21.4581 0.000989758 -0.850165 0.526516
2.10729 62.1846 22.2467 0.000991459 -0.85017 0.526507
3.11176 62.1854 22.2462 0.000982867 -0.850167 0.526512
4.12363 62.1863 22.2456 0.000985192 -0.850168 0.52651
5.15058 62.1871 22.2451 0.000986041 -0.850174 0.526502
6.17153 62.188 22.2446 0.00098048 -0.850166 0.526514
7.21593 62.1889 22.244 0.000982847 -0.850167 0.526512
8.32414 62.1898 22.2434 0.000981758 -0.850165 0.526516
9.40393 62.1907 22.2429 0.000989057 -0.850168 0.52651
10.4842 62.1916 22.2423 0.000989766 -0.850165 0.526515
11.4982 62.1925 22.2418 0.00099104 -0.85017 0.526508
12.5403 62.1933 22.2413 0.000987134 -0.85017 0.526507
13.6051 62.1942 22.2407 0.000987887 -0.850167 0.526512
14.7093 62.1952 22.2401 0.000995695 -0.850168 0.52651
15.7747 62.1961 22.2396 0.000986547 -0.850163 0.526518
16.7871 62.1969 22.239 0.000984355 -0.850173 0.526502
17.8468 62.1978 22.2385 0.000986033 -0.850167 0.526512
18.9401 62.1987 22.2379 0.000989739 -0.850171 0.526505
20.0141 62.1996 22.2374 0.000992338 -0.850168 0.526511
21.0359 62.2005 22.2368 0.000986019 -0.850166 0.526514
22.0394 62.2013 22.2363 0.000992806 -0.85017 0.526508
23.0571 62.2022 22.2358 0.000983557 -0.850164 0.526517
24.182 62.2031 22.2352 0.000984603 -0.85017 0.526507
25.1913 62.204 22.2347 0.000983306 -0.850169 0.52651
26.2723 62.2049 22.2341 0.000980477 -0.85017 0.526508
27.3864 62.2058 22.2335 0.00099182 -0.850168 0.526511
28.5864 62.2068 22.2329 0.000982352 -0.85017 0.526508
29.7089 62.2078 22.2323 0.000988762 -0.850169 0.526508
30.7334 62.2086 22.2318 0.000992361 -0.850168 0.526511
31.8427 62.2096 22.2312 0.0009858 -0.850173 0.526503
32.9893 62.2105 22.2306 0.000985957 -0.850171 0.526506
34.0497 62.2114 22.2301 0.000984861 -0.850166 0.526514
35.1101 62.2123 22.2295 0.000995768 -0.85017 0.526507
36.2588 62.2133 22.2289 0.000988528 -0.850165 0.526515
37.2653 62.2141 22.2284 0.000990182 -0.850171 0.526505
38.3377 62.215 22.2278 0.000988883 -0.850168 0.526511
39.3531 62.2159 22.2273 0.000983414 -0.850168 0.526511
40.4456 62.2168 22.2267 0.00098503 -0.850165 0.526515
41.4711 62.2177 22.2262 0.000993306 -0.850165 0.526515
42.5551 62.2186 22.2256 0.000986493 -0.850169 0.526509
43.6191 62.2195 22.2251 0.000990684 -0.850166 0.526514
44.7275 62.2204 22.2245 0.000989405 -0.850171 0.526506
45.7715 62.2213 22.224 0.00099377 -0.850169 0.526508
46.8501 62.2222 22.2234 0.000987275 -0.850164 0.526516
47.852 62.223 22.2229 0.000988092 -0.850166 0.526514
47.8821 62.7113 23.0113 0.000988821 -0.850172 0.526505
46.8031 62.7104 23.0119 0.000985064 -0.850169 0.526508
45.6833 62.7095 23.0125 0.000980314 -0.850168 0.526511
44.5965 62.7086 23.013 0.000981577 -0.850167 0.526512
43.491 62.7076 23.0136 0.0009886 -0.850167 0.526511
42.4001 62.7067 23.0142 0.00098623 -0.850164 0.526517
41.3491 62.7058 23.0147 0.00098825 -0.850167 0.526512
40.2503 62.7049 23.0153 0.000986017 -0.850167 0.526511
39.2126 62.704 23.0158 0.000988363 -0.850166 0.526514
38.0636 62.7031 23.0164 0.00099447 -0.850169 0.526509
36.8525 62.7021 23.0171 0.00099264 -0.850169 0.52651
35.7068 62.7011 23.0177 0.000984884 -0.850169 0.526508
34.5944 62.7002 23.0182 0.000989937 -0.850166 0.526513
33.5438 62.6993 23.0188 0.000992538 -0.85017 0.526507
32.4205 62.6983 23.0194 0.000985349 -0.850167 0.526512
31.3102 62.6974 23.0199 0.000983485 -0.850168 0.526511
30.2968 62.6966 23.0205 0.000987564 -0.850166 0.526513
29.2392 62.6957 23.021 0.000995246 -0.850166 0.526513
28.238 62.6948 23.0215 0.000976889 -0.850168 0.52651
27.2304 62.694 23.0221 0.000988236 -0.850168 0.52651
26.1267 62.6931 23.0226 0.000991738 -0.850164 0.526517
25.1173 62.6922 23.0232 0.00099336 -0.850167 0.526512
23.9826 62.6913 23.0238 0.000989178 -0.850167 0.526512
22.9611 62.6904 23.0243 0.000986146 -0.850167 0.526512
21.7619 62.6894 23.0249 0.000995319 -0.850166 0.526514
20.7029 62.6885 23.0255 0.000985711 -0.850172 0.526504
19.6723 62.6876 23.026 0.000989591 -0.850172 0.526505
18.6418 62.6868 23.0265 0.000989335 -0.850169 0.526509
17.5447 62.6858 23.0271 0.000986083 -0.850169 0.526509
16.494 62.685 23.0277 0.000985264 -0.850173 0.526502
15.4556 62.6841 23.0282 0.000988568 -0.850168 0.52651
14.3694 62.6832 23.0288 0.000987773 -0.850165 0.526515
13.3032 62.6823 23.0293 0.000984668 -0.850168 0.526511
12.3024 62.6814 23.0298 0.000984354 -0.850167 0.526513
11.1169 62.6804 23.0305 0.000989454 -0.850171 0.526505
9.98117 62.6795 23.031 0.000990156 -0.850169 0.526509
8.9201 62.6786 23.0316 0.000983793 -0.850168 0.52651
7.88976 62.6777 23.0321 0.000983051 -0.850169 0.526509
6.80493 62.6768 23.0327 0.000987167 -0.850172 0.526504
5.75023 62.6759 23.0332 0.000989241 -0.850167 0.526512
4.66828 62.675 23.0338 0.000988775 -0.850169 0.526509
3.51175 62.6741 23.0344 0.00099614 -0.850175 0.5265
2.41358 62.6731 23.035 0.000984225 -0.850171 0.526507
2.19059 62.6729 23.0351 0.00098544 -0.85017 0.526508
2.16673 63.1612 23.8236 0.000981715 -0.850171 0.526506
3.17874 63.1621 23.823 0.000986832 -0.85017 0.526507
4.19484 63.1629 23.8225 0.000983509 -0.850166 0.526513
5.2192 63.1638 23.822 0.000992197 -0.85017 0.526507
6.41973 63.1648 23.8214 0.000988227 -0.850166 0.526514
7.42068 63.1656 23.8208 0.000985661 -0.850166 0.526513
8.44517 63.1665 23.8203 0.000981406 -0.850167 0.526513
9.47732 63.1674 23.8198 0.000986058 -0.850169 0.526509
10.5376 63.1683 23.8192 0.000981235 -0.850167 0.526513
11.6189 63.1692 23.8187 0.000988861 -0.850168 0.52651
12.668 63.17 23.8181 0.000987212 -0.850167 0.526512
13.8086 63.171 23.8175 0.000990291 -0.850168 0.526511
14.8766 63.1719 23.817 0.000988019 -0.850168 0.52651
15.9496 63.1728 23.8164 0.000989773 -0.850168 0.526511
16.9858 63.1737 23.8159 0.000986517 -0.850166 0.526514
18.0497 63.1746 23.8153 0.000989146 -0.85017 0.526507
19.1238 63.1755 23.8148 0.000995086 -0.850169 0.526509
20.2328 63.1764 23.8142 0.000992404 -0.850164 0.526518
21.322 63.1773 23.8136 0.000983876 -0.850167 0.526512
22.3496 63.1782 23.8131 0.000983421 -0.850166 0.526513
23.4314 63.1791 23.8125 0.000988369 -0.850164 0.526518
24.59 63.1801 23.8119 0.000990867 -0.850169 0.52651
25.6586 63.181 23.8113 0.000995932 -0.850166 0.526513
26.752 63.1819 23.8108 0.000984973 -0.850169 0.526509
27.8085 63.1828 23.8102 0.000986973 -0.850168 0.526511
28.9012 63.1837 23.8097 0.000991812 -0.850169 0.52651
30.0214 63.1846 23.8091 0.000993332 -0.850175 0.526499
31.0987 63.1855 23.8085 0.00098474 -0.850164 0.526517
32.2296 63.1865 23.8079 0.000990731 -0.850165 0.526515
33.2351 63.1873 23.8074 0.000986933 -0.850163 0.526518
34.3708 63.1883 23.8068 0.000985849 -0.850163 0.526518
35.502 63.1892 23.8062 0.000992446 -0.850167 0.526513
36.5875 63.1901 23.8057 0.000991202 -0.850168 0.52651
37.6819 63.1911 23.8051 0.000988333 -0.850172 0.526504
38.7066 63.1919 23.8046 0.000997826 -0.850168 0.52651
39.7352 63.1928 23.804 0.000997 -0.850168 0.526511
40.7455 63.1936 23.8035 0.000988043 -0.850167 0.526513
41.8336 63.1945 23.8029 0.000992315 -0.850169 0.526509
43.0227 63.1955 23.8023 0.000992758 -0.850164 0.526517
44.0954 63.1964 23.8018 0.000987382 -0.850167 0.526512
45.1453 63.1973 23.8012 0.000984333 -0.850168 0.52651
46.2744 63.1983 23.8006 0.000985028 -0.850169 0.526509
47.4852 63.1993 23.8 0.000995267 -0.850166 0.526515
47.8809 63.1996 23.7998 0.000981681 -0.850166 0.526513
47.8866 63.6879 24.5882 0.000998097 -0.850163 0.526518
46.8294 63.687 24.5888 0.000994875 -0.850163 0.526518
45.827 63.6862 24.5893 0.000993408 -0.850167 0.526511
44.7512 63.6853 24.5899 0.00098511 -0.850168 0.526511
43.7236 63.6844 24.5904 0.00099416 -0.850166 0.526514
42.6645 63.6835 24.591 0.000980496 -0.850168 0.526511
41.4885 63.6826 24.5916 0.000994242 -0.850168 0.52651
40.37 63.6816 24.5922 0.000998234 -0.850169 0.526509
39.2563 63.6807 24.5927 0.000990927 -0.850168 0.526511
38.2507 63.6798 24.5933 0.000985414 -0.850172 0.526504
37.1767 63.6789 24.5938 0.000991375 -0.850164 0.526518
36.085 63.678 24.5944 0.000986992 -0.850166 0.526515
34.9172 63.677 24.595 0.000991914 -0.85017 0.526508
33.8928 63.6762 24.5955 0.000984226 -0.850166 0.526515
32.8735 63.6753 24.5961 0.000987295 -0.850167 0.526513
31.8173 63.6744 24.5966 0.000988855 -0.850168 0.52651
30.7748 63.6735 24.5971 0.000999194 -0.850165 0.526516
29.7506 63.6727 24.5977 0.000987143 -0.850166 0.526513
28.7149 63.6718 24.5982 0.000990662 -0.850165 0.526516
27.6912 63.671 24.5988 0.00098724 -0.850166 0.526513
26.6142 63.6701 24.5993 0.000993038 -0.850167 0.526512
25.5292 63.6691 24.5999 0.000987042 -0.850167 0.526512
24.4037 63.6682 24.6005 0.000990493 -0.85017 0.526507
23.2411 63.6672 24.6011 0.00098758 -0.850169 0.526509
22.1587 63.6663 24.6016 0.000992876 -0.850166 0.526514
21.0791 63.6654 24.6022 0.000992834 -0.850171 0.526506
19.8643 63.6644 24.6028 0.000987151 -0.850166 0.526514
18.6903 63.6634 24.6034 0.000983761 -0.850168 0.526511
17.551 63.6624 24.604 0.000975854 -0.850165 0.526515
16.4053 63.6615 24.6046 0.000990382 -0.850169 0.526509
15.2846 63.6605 24.6052 0.000984772 -0.850164 0.526516
14.2818 63.6597 24.6057 0.000987372 -0.850167 0.526512
13.202 63.6588 24.6063 0.000988167 -0.850168 0.526511
12.0571 63.6578 24.6069 0.000990794 -0.850171 0.526506
10.9018 63.6569 24.6075 0.000987915 -0.850169 0.526509
9.8307 63.656 24.608 0.000983943 -0.850171 0.526506
8.74119 63.655 24.6086 0.00098591 -0.850172 0.526504
7.52451 63.654 24.6092 0.000987766 -0.850171 0.526506
6.51696 63.6532 24.6098 0.000992746 -0.850173 0.526503
5.41977 63.6522 24.6103 0.000991109 -0.850171 0.526506
4.4196 63.6514 24.6109 0.000988722 -0.850172 0.526504
3.40474 63.6506 24.6114 0.000986811 -0.850172 0.526504
2.35781 63.6497 24.6119 0.000984595 -0.850168 0.52651
2.11365 63.6495 24.6121 0.000992335 -0.850179 0.526493
2.26209 64.1379 25.4004 0.00100471 -0.850171 0.526505
3.39779 64.1388 25.3999 0.000978022 -0.85018 0.526491
4.48623 64.1398 25.3993 0.000991674 -0.85017 0.526508
5.67379 64.1408 25.3987 0.00097688 -0.850162 0.526521
6.80708 64.1417 25.3981 0.000980679 -0.850165 0.526516
7.95687 64.1427 25.3975 0.000996265 -0.850165 0.526515
8.96287 64.1435 25.397 0.000995767 -0.850166 0.526513
10.1082 64.1445 25.3964 0.000992014 -0.850171 0.526506
11.1618 64.1454 25.3958 0.000993128 -0.85017 0.526507
12.2458 64.1463 25.3952 0.000992658 -0.850167 0.526513
13.3174 64.1472 25.3947 0.000997316 -0.850164 0.526516
14.3932 64.1481 25.3941 0.00100586 -0.850167 0.526512
15.4078 64.1489 25.3936 0.000977978 -0.850167 0.526512
16.4646 64.1498 25.3931 0.000985014 -0.850159 0.526525
17.5449 64.1507 25.3925 0.00100002 -0.850162 0.526521
18.5779 64.1516 25.392 0.00099777 -0.850162 0.52652
19.6431 64.1525 25.3914 0.00100002 -0.850169 0.526509
20.8193 64.1535 25.3908 0.000985335 -0.850167 0.526513
21.8761 64.1544 25.3902 0.000975349 -0.85017 0.526507
23.0969 64.1554 25.3896 0.00098482 -0.850168 0.52651
24.2241 64.1563 25.389 0.000985329 -0.850169 0.526509
25.2253 64.1572 25.3885 0.000988536 -0.850165 0.526515
26.3572 64.1581 25.3879 0.000992518 -0.850164 0.526517
27.5325 64.1591 25.3873 0.000987993 -0.850171 0.526505
28.6364 64.16 25.3867 0.000975371 -0.850157 0.526528
29.6448 64.1609 25.3862 0.000977817 -0.850163 0.526518
30.6733 64.1618 25.3857 0.000981017 -0.850168 0.52651
31.8098 64.1627 25.3851 0.000983096 -0.850165 0.526516
32.9779 64.1637 25.3845 0.000980591 -0.850179 0.526494
33.9876 64.1645 25.3839 0.000995514 -0.850166 0.526514
35.2228 64.1656 25.3833 0.00098094 -0.850163 0.526519
36.2439 64.1664 25.3828 0.000995601 -0.850164 0.526516
37.2785 64.1673 25.3822 0.000983074 -0.850161 0.526521
38.2975 64.1682 25.3817 0.000981678 -0.850173 0.526503
39.4317 64.1691 25.3811 0.00100743 -0.850169 0.526509
40.555 64.1701 25.3805 0.000989191 -0.850168 0.52651
41.6649 64.171 25.3799 0.000981764 -0.850163 0.526518
42.7657 64.1719 25.3794 0.000985638 -0.850161 0.526523
43.8746 64.1729 25.3788 0.000989837 -0.850171 0.526505
44.9343 64.1737 25.3782 0.000984323 -0.850167 0.526512
46.092 64.1747 25.3776 0.000997022 -0.850157 0.526528
47.1526 64.1756 25.3771 0.000996718 -0.850162 0.52652
47.8708 64.1762 25.3767 0.000970166 -0.850166 0.526515
47.8923 64.6645 26.1652 0.000999324 -0.850162 0.52652
46.6567 64.6635 26.1658 0.000995146 -0.850172 0.526503
45.6024 64.6626 26.1663 0.000989442 -0.850166 0.526515
44.554 64.6617 26.1669 0.000987341 -0.850168 0.52651
43.3914 64.6607 26.1675 0.000989348 -0.850172 0.526504
42.2936 64.6598 26.1681 0.000995257 -0.850164 0.526517
41.2535 64.6589 26.1686 0.000981296 -0.850166 0.526513
40.2239 64.6581 26.1691 0.000989636 -0.850167 0.526512
39.1373 64.6572 26.1697 0.000991424 -0.850166 0.526514
38.1121 64.6563 26.1702 0.000984257 -0.850169 0.526509
37.0893 64.6554 26.1708 0.000993638 -0.85017 0.526507
36.0442 64.6546 26.1713 0.000996131 -0.850176 0.526498
34.9591 64.6537 26.1719 0.00098691 -0.850169 0.526509
33.9295 64.6528 26.1724 0.00099027 -0.850165 0.526515
32.7433 64.6518 26.173 0.000993097 -0.850165 0.526515
31.7262 64.6509 26.1736 0.000983306 -0.850165 0.526516
30.6786 64.6501 26.1741 0.000998778 -0.850168 0.52651
29.4827 64.6491 26.1747 0.000983584 -0.850168 0.526511
28.278 64.648 26.1754 0.000997014 -0.850161 0.526522
27.2537 64.6472 26.1759 0.000999809 -0.850159 0.526525
26.1797 64.6463 26.1765 0.000991439 -0.850168 0.52651
25.0764 64.6454 26.177 0.000993135 -0.850168 0.526511
24.0743 64.6445 26.1776 0.000992613 -0.850165 0.526515
22.9654 64.6436 26.1781 0.000974552 -0.850171 0.526506
21.8873 64.6427 26.1787 0.00100491 -0.850168 0.526511
20.7457 64.6417 26.1793 0.000986564 -0.850164 0.526518
19.5777 64.6407 26.1799 0.000989294 -0.850172 0.526503
18.3946 64.6397 26.1805 0.000988123 -0.85017 0.526508
17.1723 64.6387 26.1811 0.00098552 -0.850166 0.526514
16.1532 64.6379 26.1817 0.000995213 -0.850175 0.526499
15.101 64.637 26.1822 0.000979076 -0.850154 0.526533
13.98 64.636 26.1828 0.000996339 -0.850173 0.526502
12.8872 64.6351 26.1834 0.00098861 -0.850163 0.526518
11.8613 64.6342 26.1839 0.000978708 -0.850168 0.52651
10.8071 64.6334 26.1845 0.000985566 -0.850169 0.526508
9.67926 64.6324 26.185 0.00098207 -0.85017 0.526507
8.5736 64.6315 26.1856 0.000984618 -0.850162 0.52652
7.48206 64.6306 26.1862 0.000996154 -0.850163 0.526519
6.35674 64.6296 26.1868 0.000976952 -0.850162 0.52652
5.35285 64.6288 26.1873 0.000994643 -0.850162 0.52652
4.1521 64.6278 26.1879 0.000998498 -0.85016 0.526524
2.99983 64.6268 26.1885 0.000978547 -0.850171 0.526506
2.29421 64.6262 26.1889 0.000997441 -0.850177 0.526496
2.30871 65.1145 26.9773 0.000993191 -0.850173 0.526503
3.35623 65.1154 26.9768 0.000981707 -0.850174 0.5265
4.37095 65.1162 26.9763 0.000998701 -0.850167 0.526512
5.38373 65.1171 26.9757 0.00100729 -0.850163 0.526519
6.5995 65.1181 26.9751 0.000993516 -0.850175 0.526499
7.71825 65.1191 26.9745 0.000993113 -0.85016 0.526523
8.81807 65.12 26.974 0.000982029 -0.850174 0.5265
9.8618 65.1209 26.9734 0.000972633 -0.85017 0.526507
10.9862 65.1218 26.9728 0.000985058 -0.850165 0.526516
12.0262 65.1227 26.9723 0.000987272 -0.850166 0.526513
13.0684 65.1236 26.9717 0.00100104 -0.850165 0.526516
14.2569 65.1246 26.9711 0.00098462 -0.850176 0.526497
15.3078 65.1254 26.9706 0.000994178 -0.850171 0.526506
16.3545 65.1263 26.97 0.000991587 -0.85017 0.526508
17.3602 65.1272 26.9695 0.000992948 -0.850163 0.526519
18.3839 65.128 26.969 0.000979237 -0.850171 0.526506
19.4241 65.1289 26.9684 0.000984207 -0.850173 0.526503
20.4369 65.1298 26.9679 0.000984889 -0.850175 0.5265
21.5047 65.1307 26.9673 0.000988081 -0.850166 0.526514
22.5964 65.1316 26.9668 0.000998621 -0.850157 0.526529
23.6226 65.1324 26.9662 0.000978366 -0.850171 0.526506
24.6572 65.1333 26.9657 0.000996456 -0.850168 0.526511
25.6908 65.1342 26.9652 0.000981539 -0.850163 0.526519
26.7129 65.135 26.9646 0.000977792 -0.850174 0.526501
27.7313 65.1359 26.9641 0.000994586 -0.850159 0.526525
28.7374 65.1367 26.9636 0.000988587 -0.85017 0.526507
29.7422 65.1376 26.9631 0.000991113 -0.850173 0.526503
30.7507 65.1384 26.9625 0.000994715 -0.850162 0.52652
31.7899 65.1393 26.962 0.00099735 -0.850159 0.526525
32.9792 65.1403 26.9614 0.000992483 -0.850162 0.526521
34.1676 65.1413 26.9608 0.000984621 -0.850164 0.526516
35.1771 65.1421 26.9602 0.000992188 -0.850164 0.526517
36.2447 65.143 26.9597 0.000988598 -0.850168 0.526511
37.2753 65.1439 26.9591 0.000986897 -0.850168 0.526511
38.282 65.1447 26.9586 0.000978859 -0.850165 0.526516
39.2884 65.1456 26.9581 0.000979272 -0.850165 0.526516
40.4089 65.1465 26.9575 0.00100061 -0.850173 0.526503
41.4178 65.1474 26.957 0.00100168 -0.85017 0.526507
42.5912 65.1484 26.9564 0.000979291 -0.850167 0.526512
43.7129 65.1493 26.9558 0.000979347 -0.850165 0.526516
44.7614 65.1502 26.9552 0.000981547 -0.850161 0.526522
45.7879 65.1511 26.9547 0.000993264 -0.850167 0.526512
46.8024 65.1519 26.9542 0.000989851 -0.850168 0.526511
47.689 65.1526 26.9537 0.000990939 -0.850172 0.526505
47.7617 65.1527 26.9537 0.00099216 -0.850174 0.526502
