2.56724 0.891682 1.92641 0.0940094 -0.301397 0.948853
3.67171 1.3591 1.98726 0.0466707 -0.2989 0.953142
4.67505 1.18697 1.95718 -0.0629465 -0.307485 0.949339
4.84523 0.840252 1.86058 -0.0919281 -0.303177 0.94849
3.73947 0.837425 1.81607 0.0412421 -0.321488 0.945716
2.68355 0.847596 1.90088 0.0911675 -0.303402 0.948485
2.60979 0.846517 1.90785 0.0940094 -0.301397 0.948853
2.50279 0.328841 1.74862 0.088373 -0.31993 0.94331
3.54485 0.336655 1.65686 0.0768401 -0.321209 0.943874
4.71985 0.321965 1.68073 -0.0868142 -0.329915 0.94001
5.76984 0.325288 1.79314 -0.119981 -0.346397 0.930384
6.56719 0.533602 1.97462 -0.151919 -0.301295 0.941351
5.77569 1.19854 2.0671 -0.100172 -0.272038 0.957058
4.87339 1.62816 2.11709 -0.0725789 -0.299098 0.951458
3.75961 1.92114 2.16362 0.0216187 -0.289467 0.956944
2.74436 1.53323 2.11215 0.0791106 -0.300035 0.950642
1.85902 0.993678 2.03905 0.126187 -0.299762 0.945632
1.31173 0.342878 1.91461 0.16067 -0.306678 0.938154
2.23428 0.329198 1.77973 0.110993 -0.337711 0.934683
2.46774 0.32889 1.75189 0.09934 -0.329077 0.938942
