2.45658 0.969076 1.87174 0.0895497 -0.304971 0.948142
3.38786 1.52868 1.96663 0.0656858 -0.300793 0.951304
4.39121 1.54178 1.9593 -0.0689613 -0.305522 0.949684
5.33532 1.03865 1.88232 -0.0936814 -0.301191 0.948946
4.36191 0.984943 1.78388 -0.0392076 -0.314391 0.948475
3.32217 0.968063 1.79401 0.07341 -0.30125 0.95069
2.6516 0.985938 1.85875 0.0895497 -0.304971 0.948142
2.59779 0.365746 1.66108 0.0926075 -0.31144 0.94571
1.44088 0.378214 1.81692 0.152061 -0.298982 0.942065
1.1814 0.807416 1.99599 0.15802 -0.300287 0.940659
1.98969 1.47879 2.08432 0.133565 -0.282599 0.949816
2.91467 1.97526 2.14774 0.0793238 -0.30015 0.950587
3.87052 2.33674 2.20407 0.0458917 -0.309825 0.949449
4.83977 2.02255 2.14967 -0.0798679 -0.298395 0.951095
5.74808 1.602 2.10583 -0.0912862 -0.272418 0.957839
6.53744 0.982927 2.02086 -0.160655 -0.29587 0.941622
6.72786 0.381953 1.86129 -0.165174 -0.304748 0.938001
5.64475 0.362335 1.69483 -0.116483 -0.324213 0.938784
4.58559 0.3584 1.58977 -0.0638621 -0.335437 0.939896
3.40559 0.364208 1.59273 0.0644937 -0.314773 0.946973
2.80922 0.364184 1.64128 0.0865388 -0.315677 0.944912
2.69049 0.364821 1.65237 0.0860794 -0.315322 0.945072
