1.77471 2.12954 1.69672 0.156309 -0.305647 0.939227
2.03138 3.08493 1.96104 0.144488 -0.295519 0.944347
2.4693 4.05227 2.14584 0.112235 -0.201174 0.973104
2.90268 5.08906 2.28993 0.0675357 -0.155919 0.985458
3.29405 6.23379 2.44483 0.0805466 -0.148061 0.985693
3.51938 7.21416 2.57174 0.0679211 -0.108329 0.99131
3.48872 8.21159 2.64129 0.0509443 -0.0662474 0.996423
3.4296 9.22553 2.69859 0.0786594 -0.0486379 0.995589
3.39467 10.3221 2.75769 0.0930702 -0.0514576 0.99427
3.32334 11.4536 2.81507 0.0871503 -0.0428412 0.995274
3.18906 12.5562 2.86611 0.0844184 -0.0484364 0.994942
3.08769 13.5915 2.91481 0.102992 -0.0450216 0.993663
3.04768 14.6782 2.95351 0.0987864 -0.0287927 0.994677
3.12529 15.8501 2.97834 0.109691 -0.0299836 0.993513
3.1238 16.9415 3.00102 0.133564 -0.0346386 0.990435
3.19412 18.0428 3.01714 0.141922 -0.0193755 0.989688
3.27484 19.0465 3.0206 0.123821 -0.0356094 0.991607
3.27817 20.0717 3.03494 0.142345 -0.0466346 0.988641
3.27939 21.2081 3.04865 0.169894 0.000607423 0.985462
3.36957 22.3072 3.03895 0.189696 0.00488627 0.981542
3.40077 23.3902 3.04246 0.125362 0.0163121 0.991977
3.35928 24.5451 3.05767 0.197321 -0.0427478 0.979321
3.41847 25.5535 3.06295 0.186937 0.0254351 0.982043
3.622 26.5419 3.06121 0.0829054 -0.0766939 0.993602
4.36177 27.3125 3.0732 0.0101313 -0.0634542 0.997933
5.01292 26.4122 3.05096 -0.0846026 -0.0100889 0.995698
5.2008 25.4221 3.07532 -0.160694 0.00937194 0.986831
5.36878 24.2934 3.08789 -0.163501 0.00361381 0.986537
5.40992 23.251 3.06906 -0.17151 0.0197832 0.984984
5.4184 22.1716 3.08082 -0.151115 0.0235144 0.988236
5.3958 21.0315 3.0699 -0.164255 -0.0126614 0.986236
5.36865 20.0276 3.04498 -0.146689 -0.0180698 0.989018
5.3056 19.0243 3.03268 -0.138067 0.0183566 0.990253
5.37562 17.9124 3.0445 -0.128339 -0.0156681 0.991607
5.49086 16.8855 3.04067 -0.130844 -0.0108097 0.991344
5.47723 15.8111 3.01368 -0.149373 -0.0178664 0.988619
5.49378 14.7058 2.98051 -0.120968 -0.0176646 0.992475
5.36685 13.5876 2.93421 -0.0948718 -0.036296 0.994828
5.16936 12.4526 2.87313 -0.112161 -0.0284575 0.993278
5.0435 11.4515 2.83167 -0.0811564 -0.0228464 0.996426
4.8307 10.3307 2.7713 -0.0909332 -0.0418898 0.994976
4.6995 9.32331 2.71096 -0.0855291 -0.0451865 0.995306
4.56245 8.25448 2.64754 -0.0492697 -0.0664785 0.996571
4.49723 7.21722 2.57102 -0.048583 -0.0987738 0.993923
4.7135 6.15443 2.43914 -0.0723069 -0.151615 0.985791
5.05782 5.1679 2.30876 -0.088385 -0.152222 0.984386
5.40316 4.19455 2.17037 -0.0781439 -0.184935 0.979639
5.81101 3.21732 1.99113 -0.124556 -0.268313 0.955085
6.19865 2.19114 1.73159 -0.140574 -0.305986 0.9416
5.47108 1.7556 1.50264 -0.0981367 -0.300394 0.948751
4.38563 1.72901 1.40004 -0.0694275 -0.303289 0.950365
3.36657 1.71277 1.4053 0.0614174 -0.302775 0.950947
2.34736 1.77197 1.51264 0.100479 -0.297532 0.949277
1.78204 1.98131 1.64715 0.13996 -0.297667 0.944165
0.638174 1.99523 1.85195 0.173192 -0.301537 0.937593
0.747075 3.06051 2.17267 0.169814 -0.296837 0.939699
1.27719 4.0744 2.33126 0.182685 -0.194084 0.963642
1.67857 5.08989 2.4384 0.170602 -0.163289 0.971714
2.01834 6.03356 2.54506 0.132266 -0.155885 0.97888
2.29599 7.02388 2.6512 0.13305 -0.127423 0.982884
2.34645 8.01683 2.73955 0.123682 -0.0806756 0.989033
2.27423 9.01964 2.80914 0.161089 -0.0768191 0.983946
2.22187 10.0664 2.88867 0.156748 -0.0729592 0.984927
2.17214 11.0788 2.95284 0.167998 -0.051983 0.9844
2.02353 12.2346 3.02833 0.178967 -0.0403059 0.983029
1.94545 13.2609 3.06995 0.197442 -0.0204871 0.979864
1.88186 14.4497 3.1283 0.224269 -0.0564094 0.972884
1.97446 15.6362 3.17244 0.237409 -0.0555876 0.969691
1.95445 16.66 3.21425 0.244557 -0.029747 0.969144
2.01597 17.7631 3.23696 0.253613 -0.0460102 0.9662
2.1145 18.7701 3.24867 0.289053 -6.30535e-05 0.955572
2.17643 19.8104 3.27378 0.301172 -0.0400795 0.952717
2.11286 20.8417 3.31562 0.300516 -0.00411474 0.953768
2.19161 21.9879 3.30985 0.257574 -0.0151841 0.966139
2.28119 23.0461 3.31736 0.33494 -0.0112594 0.942041
2.24803 24.0501 3.32514 0.336679 -0.00968238 0.94157
2.23896 25.0665 3.34834 0.28157 -0.00924585 0.959494
2.34054 26.1395 3.32415 0.309979 -0.0531669 0.949256
2.6931 27.2039 3.28262 0.341348 -0.150571 0.927728
3.26829 28.0891 3.23481 0.264982 -0.197599 0.940987
4.13642 28.6541 3.19751 -0.0377282 -0.272482 0.961421
5.08647 28.3047 3.30586 -0.204416 -0.213731 0.955266
5.77197 27.5219 3.31499 -0.293432 -0.125539 0.947701
6.19036 26.4136 3.31973 -0.329854 -0.0698086 0.941447
6.35481 25.3943 3.33887 -0.300787 -0.040428 0.952827
6.51299 24.2978 3.36094 -0.284028 -0.012858 0.95873
6.53226 23.2857 3.34978 -0.285437 -0.0130722 0.958308
6.57279 22.2117 3.34874 -0.287116 -0.0141341 0.957792
6.54118 21.095 3.33259 -0.253119 -0.00311577 0.967288
6.51577 20.0881 3.31732 -0.273574 -0.0148389 0.961736
6.45168 18.9467 3.28103 -0.251498 -0.0163257 0.967703
6.539 17.9232 3.26987 -0.233532 -0.0297126 0.971859
6.66357 16.8099 3.2529 -0.194469 -0.0159771 0.980779
6.61452 15.7723 3.21456 -0.186703 -0.0388797 0.981647
6.64656 14.7362 3.16636 -0.193642 -0.0446029 0.980028
6.57615 13.6802 3.11319 -0.171675 -0.0308283 0.984671
6.37948 12.6986 3.05744 -0.177683 -0.0179871 0.983923
6.24395 11.5764 2.99451 -0.171817 -0.0413572 0.98426
6.08003 10.5412 2.92524 -0.16107 -0.0441564 0.985947
5.90574 9.50411 2.84658 -0.148191 -0.0388512 0.988195
5.74714 8.35174 2.76247 -0.135254 -0.0545147 0.989284
5.68326 7.21884 2.67134 -0.119274 -0.0948796 0.988318
5.94807 6.18537 2.5656 -0.135072 -0.156123 0.978459
6.2817 5.13107 2.44569 -0.135908 -0.157223 0.978065
6.63831 4.13287 2.33599 -0.17946 -0.177398 0.967638
7.06679 3.20988 2.1947 -0.188659 -0.270752 0.943812
7.35679 2.16268 1.92567 -0.177525 -0.304004 0.935984
7.33442 1.10395 1.57834 -0.172081 -0.307132 0.93598
6.5668 0.655092 1.29346 -0.157521 -0.316391 0.935459
5.49728 0.648097 1.1415 -0.0987963 -0.318999 0.942591
4.38197 0.637991 1.0436 -0.0526988 -0.323752 0.94461
3.26291 0.628619 1.0621 0.0637963 -0.31343 0.947466
2.0174 0.661153 1.19337 0.12381 -0.317027 0.940267
1.00579 0.65142 1.34926 0.15913 -0.312544 0.93648
0.632792 1.47076 1.68402 0.16694 -0.30112 0.93886
0.635624 1.89044 1.81872 0.172374 -0.302095 0.937563
2.69502 2.92731 1.84509 0.0856045 -0.27568 0.95743
3.7404 2.94699 1.77517 0.0338384 -0.303167 0.952336
4.78053 2.93812 1.80737 -0.0830863 -0.28873 0.953798
5.18386 2.92883 1.84054 -0.0866399 -0.29112 0.952755
4.92919 3.79245 2.04935 -0.0812789 -0.206914 0.974977
3.91981 3.80285 2.00371 -0.00365259 -0.230062 0.973169
3.10807 3.79359 2.04264 0.0738458 -0.245509 0.966578
3.47691 4.67101 2.1838 0.0407702 -0.16815 0.984918
4.54257 4.67081 2.18585 -0.0370511 -0.15621 0.987029
4.61067 4.67009 2.18988 -0.0797903 -0.153164 0.984974
4.15165 5.55023 2.31587 -0.0398428 -0.187663 0.981425
3.75013 5.55032 2.31472 0.0317793 -0.176576 0.983774
4.0319 10.8644 2.76204 -0.0166359 -0.0535414 0.998427
4.33935 10.8643 2.76716 -0.0205383 -0.0503909 0.998518
4.26047 11.7561 2.80262 -0.016848 -0.0539032 0.998404
3.97313 11.756 2.80092 0.00346286 -0.0545003 0.998508
3.97473 12.6478 2.83883 0.00176374 -0.0250681 0.999684
4.48824 12.6479 2.84243 -0.026967 -0.0342308 0.99905
4.73077 13.5409 2.87969 -0.0690842 -0.0287179 0.997197
3.73788 13.5406 2.8662 0.0212888 -0.0314558 0.999278
3.68411 14.434 2.90146 0.0653686 -0.0376996 0.997149
4.73249 14.435 2.90938 -0.0681552 -0.0275741 0.997294
4.70795 15.3301 2.93279 -0.0630241 -0.0389333 0.997252
3.79285 15.3295 2.92406 0.0410657 -0.0198465 0.998959
3.84733 16.2258 2.9434 0.0124892 -0.00824021 0.999888
4.77084 16.2258 2.95363 -0.0188649 -0.0189004 0.999643
4.82701 17.1225 2.96295 -0.113402 -0.0185118 0.993377
3.75614 17.123 2.95019 0.0513227 -0.0194352 0.998493
3.83765 18.0231 2.9479 0.0532181 0.0253689 0.998261
4.71186 18.0224 2.96891 -0.102423 -0.0114551 0.994675
4.57776 18.9263 2.95912 -0.0777411 -0.0368689 0.996292
3.91938 18.9255 2.96178 0.0391967 -0.0304888 0.998766
3.94466 19.8282 2.98589 0.0383192 0.0208362 0.999048
4.68964 19.8289 2.99398 -0.0507155 -0.00824847 0.998679
4.6651 20.7336 2.98009 -0.0955101 -0.0129631 0.995344
4.04083 20.7335 2.97046 0.0293072 -0.00122995 0.99957
3.98154 21.6395 2.97593 0.0416791 -0.0591083 0.997381
4.68034 21.64 2.98637 -0.0999399 0.000229443 0.994993
4.78923 22.5483 3.00657 -0.0605929 -0.0328108 0.997623
4.11846 22.5481 2.99495 0.0185391 -0.0473291 0.998707
4.0635 23.4568 3.0072 -0.00309814 0.0158065 0.99987
4.75105 23.4561 3.01216 -0.0269253 -0.0141387 0.999537
4.67126 24.3662 2.9975 -0.0956867 0.00334942 0.995406
4.05524 24.3662 2.9865 -0.00843916 -0.0134783 0.999874
3.98317 25.2794 2.98728 0.104498 -0.0177055 0.994367
4.50009 25.2797 2.99644 -0.0647739 -0.000854071 0.9979
4.4129 26.1924 3.00796 0.013489 -0.0496362 0.998676
4.36331 26.1923 3.00964 0.0338715 -0.0607711 0.997577
4.18076 26.1922 3.01583 0.0338717 -0.0607716 0.997577
