1.91518 2.58226 1.73426 0.144972 -0.30076 0.942595
2.0322 3.60767 2.02105 0.13468 -0.216683 0.966907
2.4622 4.70623 2.18271 0.108628 -0.166039 0.980086
2.83303 5.65864 2.30486 0.0849566 -0.16417 0.982742
3.09679 6.66332 2.44342 0.081269 -0.142611 0.986437
3.22803 7.71017 2.54204 0.0780249 -0.0706953 0.994442
3.23452 8.73245 2.60031 0.0891699 -0.0618423 0.994082
3.19407 9.76736 2.66187 0.0974719 -0.0563754 0.993564
3.18552 10.8197 2.7166 0.0936652 -0.0252744 0.995283
3.05808 11.8252 2.76778 0.104171 -0.0536727 0.99311
2.92852 13.0179 2.82413 0.125987 -0.0353851 0.991401
2.86734 14.0545 2.86847 0.11066 -0.0423936 0.992954
2.91234 15.1861 2.89871 0.13643 -0.0186096 0.990378
2.93467 16.2754 2.91784 0.116253 -0.0562855 0.991623
2.93924 17.3189 2.95239 0.1551 -0.037481 0.987188
3.10608 18.4639 2.94202 0.140851 0.00259791 0.989966
3.20562 19.5023 2.9422 0.0857822 -0.0397236 0.995472
3.17723 20.538 2.96174 0.171275 -0.012362 0.984982
3.17253 21.6393 2.97985 0.167661 0.0278041 0.985453
3.25791 22.8218 2.9626 0.196049 0.0297766 0.980142
3.26814 23.9234 2.98299 0.132441 0.00241831 0.991188
3.24473 24.9483 3.00285 0.192251 0.00604568 0.981327
3.36001 25.9747 2.9806 0.149615 -0.0122688 0.98863
3.72182 26.9368 2.97924 0.0504844 -0.0442701 0.997738
4.63318 27.2854 2.98418 -0.0633525 -0.0786852 0.994019
5.11406 26.4016 2.97348 -0.113639 -0.0102288 0.992512
5.40035 25.3158 3.01003 -0.204446 0.000343106 0.978878
5.58587 24.2623 3.02984 -0.190401 -0.0306027 0.981229
5.57887 23.1195 3.00036 -0.162543 -0.0175225 0.985992
5.56597 22.1026 3.00309 -0.175161 -0.00183999 0.984139
5.55515 20.9568 2.99942 -0.148608 -0.0272324 0.988521
5.5213 19.9499 2.97821 -0.209689 0.0159357 0.977638
5.56171 18.8499 2.98212 -0.191623 0.00738497 0.981441
5.65438 17.7116 2.99882 -0.164341 -0.0229042 0.986138
5.71202 16.6612 2.98511 -0.162082 -0.0028064 0.986773
5.76092 15.6037 2.96539 -0.156497 -0.0475258 0.986437
5.75021 14.596 2.92573 -0.118669 -0.0497224 0.991688
5.67646 13.5202 2.87924 -0.128538 -0.0228357 0.991442
5.52029 12.4666 2.82567 -0.145426 -0.026895 0.988984
5.35222 11.4589 2.7765 -0.0861304 -0.0433654 0.99534
5.13175 10.4413 2.72196 -0.107276 -0.0445256 0.993222
4.976 9.42841 2.65486 -0.0877127 -0.0546246 0.994647
4.85064 8.20972 2.57899 -0.0839664 -0.0531049 0.995053
4.87523 7.04344 2.49329 -0.0973725 -0.117407 0.988253
5.10804 6.02603 2.36452 -0.0809633 -0.155396 0.984529
5.41474 5.0498 2.23495 -0.112549 -0.157965 0.98101
5.80787 4.0432 2.10574 -0.1302 -0.193364 0.97245
6.06071 3.06927 1.89365 -0.132902 -0.291809 0.947061
6.06258 2.05644 1.57515 -0.142807 -0.292421 0.945473
5.08361 1.87215 1.41125 -0.0813182 -0.304701 0.948919
3.95608 1.82824 1.33561 0.0166313 -0.331368 0.943355
2.88709 1.88636 1.41239 0.0773976 -0.300105 0.95076
1.96938 2.07596 1.5642 0.123056 -0.28422 0.950829
1.91568 2.48469 1.70249 0.148812 -0.305469 0.940502
0.701625 2.4813 1.90876 0.173504 -0.299778 0.938099
0.728758 3.46729 2.20358 0.169409 -0.256981 0.951204
1.04321 4.50861 2.36725 0.181035 -0.174559 0.967859
1.50156 5.5297 2.4615 0.175042 -0.161541 0.971205
1.8057 6.55951 2.57329 0.159369 -0.140901 0.977112
1.98684 7.67309 2.68024 0.162926 -0.0768702 0.98359
1.98836 8.76401 2.7498 0.190332 -0.0725551 0.979035
1.93448 9.77048 2.832 0.164392 -0.074012 0.983615
1.89632 10.7949 2.90863 0.177671 -0.0531925 0.982491
1.75723 11.8443 2.97426 0.188639 -0.0417218 0.98116
1.6876 12.8582 3.02787 0.197024 -0.0326092 0.979856
1.6231 13.9514 3.07247 0.232868 -0.0183159 0.972336
1.6293 14.9479 3.12907 0.231796 -0.0709662 0.970172
1.70238 15.9922 3.17374 0.245014 -0.0594158 0.967697
1.6504 17.0799 3.21909 0.250383 -0.0256462 0.967807
1.8252 18.1832 3.21573 0.320463 -0.0618303 0.94519
1.96275 19.2481 3.23167 0.335293 -0.0465426 0.940964
1.9582 20.4229 3.26418 0.319378 -0.0156475 0.947407
1.96998 21.4384 3.27916 0.315784 -0.0261448 0.948259
2.03977 22.5845 3.29065 0.351191 -0.0444327 0.935224
2.08251 23.7694 3.29875 0.314027 0.00423065 0.949318
2.03808 24.8531 3.31327 0.321717 0.00809677 0.946801
2.11608 25.8794 3.30568 0.335606 -0.036588 0.941292
2.37247 26.8765 3.2571 0.424474 -0.0644177 0.903146
2.84113 27.8073 3.23469 0.314777 -0.193813 0.929167
3.52762 28.5476 3.17354 0.252545 -0.277772 0.923946
4.57552 28.7231 3.18935 -0.265457 -0.275798 0.923833
5.55418 28.2127 3.28989 -0.258818 -0.172225 0.950448
6.0872 27.3615 3.28211 -0.340827 -0.134261 0.92972
6.39539 26.3219 3.29875 -0.34246 -0.0509361 0.938151
6.65604 25.2999 3.34302 -0.303062 -0.0457217 0.951833
6.78944 24.199 3.35112 -0.297893 -0.0193562 0.954402
6.78046 23.1968 3.33492 -0.295068 -0.00551887 0.95545
6.79834 22.1713 3.33045 -0.288881 -0.010847 0.957304
6.79059 20.9418 3.31403 -0.286309 -0.00528565 0.958123
6.75171 19.9007 3.29475 -0.268629 -0.00904402 0.963201
6.75929 18.8318 3.2736 -0.262964 -0.0334095 0.964226
6.87825 17.7351 3.25462 -0.243491 -0.0488631 0.968651
6.96975 16.5084 3.22679 -0.205581 -0.0241242 0.978307
6.99641 15.492 3.19085 -0.197574 -0.0531996 0.978841
6.98926 14.3026 3.1289 -0.200899 -0.039306 0.978799
6.90638 13.2682 3.07606 -0.18471 -0.016824 0.982638
6.72309 12.1639 3.01658 -0.174157 -0.0324403 0.984183
6.58041 11.1639 2.95284 -0.180213 -0.0379092 0.982896
6.36097 10.1144 2.87001 -0.175262 -0.0469804 0.9834
6.20923 8.94451 2.77785 -0.159221 -0.0633693 0.985207
6.1029 7.85935 2.69707 -0.153058 -0.0594667 0.986422
6.1669 6.82738 2.60708 -0.143067 -0.134146 0.98058
6.44519 5.85827 2.5063 -0.176259 -0.157259 0.971689
6.75458 4.91203 2.40649 -0.184223 -0.162681 0.969328
7.15964 3.86114 2.29177 -0.182526 -0.202708 0.962077
7.31291 2.70009 2.0033 -0.18324 -0.285087 0.940812
7.3017 1.59781 1.6441 -0.173413 -0.303382 0.936955
7.0577 0.706945 1.30731 -0.164845 -0.315117 0.934623
6.07052 0.68497 1.13515 -0.14036 -0.324351 0.935465
4.94213 0.687307 1.01301 -0.0803278 -0.323837 0.942697
3.88605 0.650327 0.949141 0.0133172 -0.332451 0.942941
2.85586 0.68855 1.02358 0.0824405 -0.318453 0.944347
1.83034 0.681099 1.13727 0.139216 -0.328274 0.934267
0.791222 0.778921 1.34152 0.165116 -0.31259 0.9354
0.704238 1.85314 1.70629 0.168993 -0.303424 0.937747
0.701234 2.3632 1.87109 0.173504 -0.299779 0.938099
2.60827 2.93676 1.7679 0.0914597 -0.29327 0.951645
3.65306 2.95785 1.69189 0.0436042 -0.281184 0.958663
4.7188 2.9514 1.71522 -0.0717345 -0.283899 0.956167
5.42318 2.93393 1.77872 -0.0895261 -0.299174 0.949989
5.07606 3.80401 1.97903 -0.0931483 -0.238973 0.966548
3.93495 3.81658 1.92527 0.00841157 -0.260426 0.965457
2.81774 3.80375 1.97835 0.076582 -0.201454 0.9765
3.14671 4.68541 2.12046 0.0666438 -0.160357 0.984807
4.18229 4.69214 2.08734 -0.0321179 -0.170478 0.984838
4.86422 4.68489 2.12639 -0.0726783 -0.172485 0.982327
4.55636 5.56966 2.25065 -0.0669399 -0.163838 0.984213
3.56812 5.57144 2.23777 0.0545109 -0.170364 0.983872
3.74348 6.45381 2.37376 0.0206303 -0.1353 0.99059
4.30604 6.4531 2.38141 -0.0396957 -0.13702 0.989773
4.20948 7.34 2.47674 -0.0379364 -0.0784908 0.996193
3.89489 7.33974 2.47834 0.0185216 -0.0651482 0.997704
3.9351 8.23078 2.54252 0.0206802 -0.0588216 0.998054
4.03882 8.23098 2.54066 -0.00490283 -0.0486722 0.998803
3.89519 9.1248 2.58714 -0.0236469 -0.0393749 0.998945
4.19963 9.1247 2.59683 -0.0318069 -0.032098 0.998978
4.31502 10.0198 2.64796 -0.0546906 -0.0469903 0.997397
3.92634 10.0202 2.63784 -0.00344437 -0.0751917 0.997163
3.93665 10.9165 2.67617 0.0175774 -0.0611567 0.997973
4.42945 10.9166 2.68267 -0.059494 -0.041819 0.997352
4.62536 11.8123 2.73368 -0.0746925 -0.0322784 0.996684
3.7623 11.8121 2.72031 0.0270938 -0.0467742 0.998538
3.73414 12.71 2.75478 0.0219542 -0.023878 0.999474
4.88969 12.7104 2.77639 -0.0329992 -0.0370375 0.998769
4.84647 13.6081 2.80671 -0.0640162 -0.0487266 0.996759
3.76429 13.6084 2.78076 0.0233912 -0.0251584 0.99941
3.7093 13.6082 2.78302 0.0482686 -0.0358901 0.998189
3.53987 14.5083 2.82219 0.0464798 -0.0325676 0.998388
4.61514 14.5086 2.81917 -0.0573843 -0.0311194 0.997867
4.94856 14.5078 2.84099 -0.0799038 -0.0293869 0.996369
4.9579 15.4092 2.85811 -0.0895687 -0.0249421 0.995668
3.89233 15.4094 2.83224 0.0225622 -0.0378134 0.99903
3.58711 15.4087 2.84104 0.0473395 -0.0431171 0.997948
3.61146 16.3089 2.86042 0.0481365 -0.0186646 0.998666
4.70801 16.3098 2.85562 -0.0477993 -0.0202798 0.998651
4.94771 16.3095 2.87394 -0.0881512 -0.0322118 0.995586
4.91461 17.2126 2.88866 -0.105841 -0.0157354 0.994259
3.77811 17.2121 2.86118 0.0403279 -0.0284367 0.998782
3.66996 17.2119 2.86662 0.0672105 -0.0360372 0.997088
3.73196 18.1192 2.86613 0.0849314 -0.0100996 0.996336
4.83171 18.1187 2.88991 -0.0868414 0.0072789 0.996196
4.97189 18.1183 2.90558 -0.115869 0.00377737 0.993257
4.91189 19.0254 2.89966 -0.0826793 -0.0283464 0.996173
3.84201 19.0266 2.87911 0.036946 -0.0139173 0.99922
3.80078 19.0265 2.88063 0.0369456 -0.0139169 0.99922
3.84914 19.9347 2.89924 0.0401943 0.0132535 0.999104
4.84993 19.9366 2.90127 -0.0143746 -0.0105329 0.999841
4.91122 20.8468 2.91275 -0.10081 -0.0162183 0.994774
3.90458 20.8471 2.88721 0.0736173 0.0239024 0.997
3.84682 21.7618 2.90014 0.0642231 -0.0159542 0.997808
4.87668 21.7611 2.91741 -0.104297 0.00266168 0.994543
4.87253 22.6753 2.92289 -0.070366 0.0146939 0.997413
3.88826 22.6759 2.90637 -0.00088873 -0.0435974 0.999049
3.95174 23.5882 2.9163 0.0793844 0.0122931 0.996768
4.93904 23.5891 2.9325 -0.0703567 -0.00903915 0.997481
4.77134 24.5047 2.91955 -0.106804 -0.0143778 0.994176
3.85927 24.506 2.90343 0.0970924 -0.0198763 0.995077
3.99737 25.4232 2.90454 0.0764829 -0.0486996 0.995881
4.7345 25.4226 2.9238 -0.0874041 0.00395222 0.996165
4.32807 26.3475 2.92856 0.0154324 -0.0238935 0.999595
