1.52002 2.53965 1.69355 0.159723 -0.293358 0.942556
1.5517 3.66572 2.01143 0.146068 -0.235527 0.960535
1.60633 4.64787 2.20175 0.151566 -0.179593 0.971995
1.9336 5.60039 2.30893 0.146209 -0.159483 0.976259
2.26987 6.5408 2.42279 0.115173 -0.153595 0.981258
2.4236 7.58084 2.51961 0.0853243 -0.0724254 0.993717
2.48346 8.73734 2.59311 0.14152 -0.0554234 0.988369
2.4643 9.94405 2.67258 0.130153 -0.0592433 0.989686
2.36725 11.0938 2.75088 0.148325 -0.0374615 0.988147
2.23973 12.2059 2.81312 0.164946 -0.0403927 0.985359
2.20363 13.2162 2.85381 0.169924 -0.0324202 0.984924
2.13116 14.3812 2.9003 0.159063 -0.0217744 0.987028
2.19723 15.5006 2.94145 0.19604 -0.0249518 0.980198
2.20391 16.5328 2.97635 0.222592 -0.00304397 0.974907
2.31489 17.595 2.98737 0.205921 -0.0241305 0.978271
2.47413 18.6192 2.97419 0.249933 -0.0087026 0.968224
2.56996 19.8002 2.97646 0.272439 -0.024743 0.961855
2.57171 20.949 3.00851 0.245244 -0.0390054 0.968676
2.61002 21.9613 3.00746 0.222909 -0.00708915 0.974761
2.66704 22.9826 2.98978 0.318882 0.00438064 0.947735
2.63628 23.9885 3.02234 0.280096 -0.00910814 0.959929
2.64731 25.0876 3.0415 0.258976 -0.014286 0.965733
2.76057 26.0856 3.01239 0.258029 0.015903 0.966006
3.13189 27.1293 2.9122 0.150444 -0.0163712 0.981133
3.84595 27.9285 2.89623 -0.0264722 -0.168701 0.985312
4.75664 27.9337 2.98 -0.175324 -0.115915 0.977663
5.46068 27.2242 2.98987 -0.247885 -0.12526 0.959756
5.91038 26.192 3.03283 -0.284259 -0.00820689 0.958712
6.13925 25.179 3.08041 -0.228083 0.00871148 0.973603
6.23471 24.1548 3.09162 -0.261055 -0.0226292 0.964695
6.2633 23.1369 3.08847 -0.292073 0.00363076 0.956389
6.25026 22.1344 3.08037 -0.263206 -0.0287015 0.964243
6.22717 21.1131 3.07109 -0.256378 0.00937987 0.966531
6.22743 20.1068 3.05963 -0.275211 -0.00453862 0.961373
6.2401 18.9584 3.04901 -0.234551 -0.0125464 0.97197
6.37472 17.8711 3.05728 -0.22881 -0.0301023 0.973006
6.45822 16.7657 3.0364 -0.206919 -0.0195337 0.978163
6.44817 15.685 3.00653 -0.189875 -0.0320255 0.981286
6.45426 14.671 2.96008 -0.188965 -0.0402923 0.981154
6.44836 13.614 2.91447 -0.180354 -0.00992462 0.983552
6.36791 12.5475 2.88001 -0.172512 -0.0236555 0.984723
6.21587 11.51 2.81454 -0.165122 -0.0281603 0.985871
6.00773 10.4575 2.74054 -0.166885 -0.0346329 0.985361
5.80615 9.31906 2.65663 -0.143996 -0.0437555 0.98861
5.68894 8.25118 2.58137 -0.121106 -0.0462281 0.991495
5.66194 7.23708 2.5012 -0.132758 -0.0861209 0.987356
5.88287 6.12132 2.37818 -0.132232 -0.153361 0.979283
6.23425 5.14127 2.27094 -0.162297 -0.148814 0.975443
6.4654 4.14269 2.13486 -0.147303 -0.193215 0.970003
6.4643 3.15909 1.89892 -0.159139 -0.272171 0.948998
6.42694 2.11836 1.56392 -0.156029 -0.302771 0.940205
5.88128 1.52378 1.29633 -0.117551 -0.301402 0.946223
4.86956 1.46322 1.17296 -0.081434 -0.309565 0.947382
3.77778 1.44671 1.12203 0.0324982 -0.306352 0.951284
2.72527 1.50958 1.2194 0.0869269 -0.314946 0.945121
1.69855 1.54018 1.34907 0.140845 -0.297188 0.944374
1.52178 2.4646 1.66955 0.159667 -0.298923 0.940822
0.561064 2.47169 1.84315 0.17193 -0.302744 0.937436
0.569254 1.49639 1.52519 0.168265 -0.30428 0.937603
0.779328 0.582045 1.18484 0.161115 -0.321365 0.933149
1.77846 0.570355 1.01613 0.145033 -0.316649 0.937389
2.84382 0.542744 0.883151 0.082459 -0.33001 0.940308
3.89204 0.530248 0.821429 0.00750784 -0.342292 0.939564
4.97536 0.537074 0.8732 -0.079753 -0.326228 0.941921
6.0923 0.571826 1.00855 -0.142669 -0.320425 0.936463
7.16657 0.576722 1.19113 -0.167956 -0.323197 0.931308
7.4242 1.50982 1.54886 -0.17454 -0.306771 0.935641
7.41257 2.55816 1.88769 -0.177642 -0.304524 0.935793
7.44767 3.5321 2.1885 -0.172967 -0.233739 0.956574
7.39607 4.59441 2.38798 -0.180652 -0.167565 0.969168
7.10788 5.57147 2.49807 -0.183748 -0.160757 0.969739
6.76692 6.52063 2.58737 -0.182734 -0.151512 0.971418
6.63263 7.55235 2.6819 -0.174269 -0.0793141 0.981499
6.7192 8.55205 2.76477 -0.201751 -0.0573172 0.977758
6.85182 9.59505 2.84847 -0.199133 -0.0472005 0.978835
7.07371 10.6787 2.93988 -0.188903 -0.0372127 0.98129
7.24116 11.7643 3.01007 -0.18315 -0.0379809 0.98235
7.39869 12.8442 3.07554 -0.184001 -0.0290313 0.982497
7.44366 13.8536 3.1194 -0.199237 -0.042546 0.979027
7.43349 14.8827 3.16253 -0.20252 -0.0466501 0.978166
7.43022 15.9464 3.21398 -0.20499 -0.0450459 0.977727
7.42152 17.0165 3.26499 -0.230081 -0.0546363 0.971623
7.32932 18.1254 3.30443 -0.246349 -0.0538237 0.967685
7.18599 19.1663 3.31248 -0.262661 -0.0314905 0.964374
7.18974 20.2733 3.33916 -0.281931 -0.0130723 0.959346
7.18064 21.368 3.35021 -0.296544 -0.0100388 0.954956
7.21814 22.5479 3.37242 -0.29949 -0.00947748 0.95404
7.19035 23.6362 3.37614 -0.299422 -0.00982658 0.95407
7.14484 24.8206 3.38725 -0.298339 -0.0372287 0.953734
6.90146 25.9526 3.36151 -0.334073 -0.0447787 0.941483
6.63611 26.9487 3.337 -0.35829 -0.116303 0.926338
6.10882 27.9288 3.30812 -0.318348 -0.162064 0.933774
5.33893 28.7513 3.29303 -0.223084 -0.266653 0.937619
4.37091 29.1167 3.18767 -0.0763898 -0.506842 0.858647
3.4335 28.7878 3.20411 0.366844 -0.38484 0.845788
2.57324 28.0441 3.27429 0.40285 -0.256128 0.878264
2.1161 27.1379 3.29142 0.391334 -0.12903 0.911158
1.81148 26.1786 3.33403 0.353635 -0.0273553 0.934984
1.71023 25.1514 3.34586 0.355867 -0.0209946 0.934301
1.70604 24.143 3.34522 0.367481 0.016028 0.929893
1.7477 23.0235 3.32682 0.361713 -0.0237628 0.931987
1.6506 21.8617 3.31867 0.337245 -0.0375611 0.940514
1.59177 20.8612 3.31291 0.330102 -0.0163325 0.943804
1.63033 19.6867 3.27908 0.326447 -0.0384308 0.944434
1.5153 18.6696 3.26531 0.326818 -0.0664576 0.942667
1.33577 17.636 3.25105 0.276796 -0.0656768 0.958682
1.22724 16.4697 3.22597 0.257565 -0.0290657 0.965799
1.20811 15.4526 3.18158 0.258282 -0.0697256 0.963533
1.17344 14.291 3.12313 0.255826 -0.0514392 0.965353
1.23326 13.2484 3.05576 0.232404 -0.0428177 0.971523
1.26419 12.1883 3.0085 0.227332 -0.0386373 0.97305
1.37137 11.1243 2.94236 0.212788 -0.0465609 0.975951
1.44394 10.0419 2.86553 0.219746 -0.0750724 0.972664
1.48799 9.00083 2.78653 0.210707 -0.0672208 0.975185
1.45195 7.92152 2.71046 0.204617 -0.0737831 0.976057
1.33969 6.81203 2.61469 0.195902 -0.14741 0.969481
0.99048 5.78271 2.51494 0.191751 -0.167112 0.967112
0.625665 4.85216 2.42055 0.177486 -0.175521 0.968344
0.570007 3.86529 2.23995 0.20637 -0.198562 0.958115
0.554157 2.83033 1.95915 0.177179 -0.287058 0.941385
0.559827 2.52701 1.86124 0.17193 -0.302744 0.937436
2.08588 2.93456 1.73221 0.109674 -0.282851 0.952873
3.14251 2.9597 1.64159 0.0735386 -0.295601 0.952477
4.22233 2.96966 1.60778 -0.0318882 -0.311336 0.949765
5.2576 2.9504 1.67803 -0.0940728 -0.287976 0.953006
5.8469 2.9341 1.73898 -0.134521 -0.303186 0.943389
5.85287 3.80176 1.9727 -0.123591 -0.233125 0.964561
4.71183 3.82729 1.86339 -0.0847713 -0.214662 0.973003
3.71047 3.83304 1.83722 0.0322637 -0.233309 0.971867
2.59039 3.81429 1.91351 0.0824074 -0.216029 0.972903
2.06853 3.80213 1.96326 0.107657 -0.220496 0.969428
2.15382 4.68564 2.12871 0.12725 -0.177636 0.975834
3.17064 4.70544 2.03421 0.0754954 -0.165283 0.983352
4.23004 4.71105 2.00851 -0.0472538 -0.171333 0.984079
5.36041 4.69585 2.08715 -0.0924261 -0.162214 0.982417
5.84416 4.6851 2.1411 -0.131776 -0.163026 0.977782
5.54914 5.58016 2.24777 -0.0948539 -0.15458 0.983416
4.39271 5.59476 2.15893 -0.0634017 -0.151874 0.986364
3.34186 5.59249 2.17039 0.059134 -0.16495 0.984528
2.46154 5.58017 2.23757 0.0896687 -0.165524 0.982121
2.91206 6.4738 2.34458 0.0857782 -0.152322 0.984601
3.91261 6.48166 2.29166 0.0116347 -0.137972 0.990368
4.92655 6.47643 2.33228 -0.0791447 -0.139149 0.987104
5.25178 6.47241 2.36156 -0.0926692 -0.146653 0.984838
5.05057 7.36626 2.45435 -0.0882159 -0.074811 0.993288
4.01574 7.37227 2.39461 -0.00428325 -0.105898 0.994368
2.94154 7.36472 2.45615 0.0971705 -0.0868021 0.991475
2.93962 7.3647 2.45633 0.0933297 -0.0967984 0.990919
3.02718 8.26263 2.50693 0.0900632 -0.0628048 0.993954
4.04641 8.26745 2.45137 -0.00871067 -0.054534 0.998474
5.14816 8.26311 2.52172 -0.0868482 -0.0586257 0.994495
5.24241 9.16192 2.5796 -0.120938 -0.0558704 0.991087
4.19762 9.16562 2.5048 -0.0330959 -0.0380672 0.998727
3.09386 9.16186 2.55426 0.104881 -0.0605903 0.992637
3.00121 10.0613 2.6149 0.109039 -0.057794 0.992356
4.08547 10.0657 2.55121 -0.00901453 -0.0252672 0.99964
5.14632 10.0632 2.61888 -0.0947446 -0.0521809 0.994133
5.30699 10.0623 2.63485 -0.112289 -0.0510322 0.992364
5.55138 10.9624 2.70002 -0.109988 -0.0223058 0.993683
4.54839 10.966 2.60927 -0.074876 -0.0413058 0.996337
3.52416 10.9652 2.61232 0.0440807 -0.0575915 0.997367
3.01898 10.9625 2.65582 0.110562 -0.0406726 0.993037
2.81583 11.863 2.71335 0.131349 -0.0468561 0.990228
3.83095 11.8677 2.63524 0.0211101 -0.0506649 0.998493
4.84191 11.8674 2.66004 -0.0591597 -0.0407152 0.997418
5.55045 11.8649 2.73031 -0.121995 -0.0398994 0.991728
5.86877 12.7666 2.80459 -0.147683 -0.0378322 0.988311
4.72726 12.771 2.68698 -0.0444847 -0.0312977 0.99852
3.72236 12.7698 2.67187 0.0347099 -0.0226673 0.99914
2.73008 12.7646 2.763 0.138127 -0.0348562 0.989801
2.78235 13.6692 2.78316 0.126739 -0.0373219 0.991234
3.84377 13.674 2.69604 0.0121052 -0.011034 0.999866
5.03554 13.6731 2.73506 -0.0733242 -0.0470118 0.9962
5.79062 13.6709 2.81401 -0.126103 -0.0228304 0.991754
5.93794 14.5751 2.86454 -0.141803 -0.0503763 0.988612
4.84281 14.5789 2.74807 -0.0717263 -0.022188 0.997178
3.8098 14.5786 2.72437 0.0587452 -0.0433338 0.997332
2.75632 14.5733 2.81333 0.108247 -0.0256502 0.993793
2.73611 14.5732 2.81582 0.139825 -0.0271351 0.989804
2.6972 15.4793 2.83876 0.151819 -0.0206103 0.988193
3.73728 15.4843 2.75549 0.0317495 -0.0359343 0.99885
4.80017 15.4846 2.77004 -0.0656417 -0.0255897 0.997515
5.71857 15.4816 2.86339 -0.168981 -0.0562763 0.984011
5.95201 16.3866 2.9334 -0.166188 -0.0295807 0.98565
4.79739 16.3901 2.78236 -0.0843698 -0.0370462 0.995746
3.66312 16.3893 2.77337 0.0174158 -0.00734042 0.999821
2.81143 16.3858 2.85818 0.126818 -0.0148557 0.991815
2.79272 17.2941 2.88704 0.154299 -0.0451117 0.986994
3.85367 17.2989 2.77794 0.0494467 0.0422134 0.997884
4.93349 17.3002 2.80778 -0.0985806 -0.0223532 0.994878
5.77085 17.297 2.92408 -0.170797 -0.0193432 0.985116
5.81723 18.2084 2.94432 -0.18254 -0.0175355 0.983042
4.71949 18.2123 2.79282 -0.0988305 0.0125551 0.995025
3.63945 18.2102 2.78326 0.0920258 -0.00407159 0.995748
3.0786 18.2075 2.85749 0.153148 -0.0030308 0.988199
3.10044 19.1223 2.85856 0.168278 -0.0189772 0.985557
4.18621 19.1248 2.78192 -0.00180943 -0.0382517 0.999266
5.22052 19.1231 2.84517 -0.120853 -0.0132558 0.992582
5.59954 19.122 2.90835 -0.179792 -0.00502856 0.983692
5.70665 20.0378 2.93445 -0.206135 -0.0174809 0.978367
4.70983 20.0401 2.81339 -0.0644804 -0.00563547 0.997903
3.60025 20.0392 2.81547 0.0656816 -0.00391957 0.997833
3.08164 20.0372 2.87632 0.132248 -0.0195315 0.991024
3.09042 20.9561 2.896 0.179781 -0.01919 0.983519
4.1088 20.9569 2.79236 0.0453233 0.00971803 0.998925
5.16718 20.9566 2.85464 -0.107201 -0.0186921 0.994062
5.64464 20.9558 2.93336 -0.222092 -0.0334608 0.974451
5.70369 21.8751 2.95002 -0.198428 -0.00566949 0.980099
4.64823 21.8783 2.81015 -0.0687504 -0.00154462 0.997633
3.5551 21.8764 2.83631 0.131287 -0.0216912 0.991107
3.2008 21.875 2.88557 0.17324 0.0152061 0.984762
3.2647 22.7954 2.87424 0.134171 -0.0337113 0.990385
4.263 22.796 2.82219 -0.00735009 -0.024125 0.999682
5.31818 22.7952 2.88517 -0.138731 0.0270089 0.989962
5.5809 22.7949 2.92275 -0.23161 -0.00847431 0.972772
5.61254 23.7152 2.93551 -0.225547 -0.01743 0.974076
4.49379 23.7155 2.81256 -0.035604 0.0173635 0.999215
3.45056 23.7163 2.85797 0.0948426 -0.0190686 0.99531
3.16561 23.716 2.88993 0.138224 -0.00974911 0.990353
3.28316 24.6403 2.89125 0.19788 -0.017481 0.98007
4.31903 24.6411 2.80984 -0.0283542 -0.0425694 0.998691
5.32455 24.6389 2.90634 -0.155221 -0.0447789 0.986864
5.58486 24.6375 2.95009 -0.208781 -0.0184695 0.977788
5.5281 25.5622 2.93934 -0.158743 0.02571 0.986985
4.48082 25.57 2.81866 -0.0361966 -0.0516075 0.998011
3.29045 25.566 2.89829 0.179054 0.0260178 0.983495
3.17781 25.5653 2.91882 0.179054 0.0260181 0.983495
3.46201 26.5003 2.86173 0.0755396 0.00816084 0.997109
4.46422 26.5103 2.84784 -0.0258539 -0.0396215 0.99888
5.13007 26.5034 2.88092 -0.083083 -0.0389125 0.995783
4.44082 27.4386 2.89928 -0.0560579 -0.102326 0.99317
4.09765 27.4411 2.88499 -0.0449179 -0.0297986 0.998546
5.68745 2.08236 1.44869 -0.109954 -0.302006 0.946944
4.6887 2.1079 1.365 -0.0609865 -0.296326 0.953138
3.61849 2.11329 1.34686 0.0347995 -0.30294 0.952374
2.56616 2.09119 1.4172 0.0881217 -0.298584 0.950306
2.25934 2.08283 1.44402 0.108007 -0.296902 0.94878
2.14548 2.07898 1.4563 0.112371 -0.291939 0.949813
