1.52804 2.21839 1.49826 0.156215 -0.304024 0.939769
1.5576 3.24158 1.81272 0.16546 -0.277637 0.946217
1.55365 4.4059 2.07993 0.149482 -0.182332 0.971808
1.60469 5.50619 2.26702 0.154741 -0.165883 0.973844
1.85864 6.54179 2.39294 0.154346 -0.143866 0.977356
2.0073 7.65103 2.49975 0.156798 -0.0840455 0.984038
2.02714 8.71476 2.57251 0.172324 -0.0516882 0.983582
2.06517 9.73842 2.64035 0.179752 -0.058049 0.981998
2.02057 10.7515 2.70138 0.182013 -0.0483534 0.981993
1.941 11.9049 2.76782 0.185589 -0.0468083 0.981507
1.90178 13.0222 2.81235 0.185695 -0.0342689 0.981972
1.87625 14.0756 2.84986 0.217604 -0.0267508 0.97567
1.84373 15.0949 2.91058 0.232096 -0.0380099 0.97195
1.89307 16.1647 2.95171 0.246528 -0.0282337 0.968724
2.03071 17.1831 2.95403 0.227552 -0.0306919 0.973282
2.15768 18.2356 2.95757 0.212109 -0.0190659 0.97706
2.29241 19.2792 2.94887 0.281768 -0.0354019 0.958829
2.30667 20.3307 2.98165 0.272319 -0.0336289 0.961389
2.34441 21.3537 2.99433 0.265737 -0.00286639 0.964037
2.43673 22.4255 2.97628 0.258446 0.00133442 0.966025
2.47096 23.4778 2.9751 0.331389 -0.0363383 0.942794
2.40403 24.5548 3.01128 0.285695 -0.0218104 0.957671
2.46126 25.6323 2.99841 0.30375 0.0604356 0.950833
2.69126 26.6786 2.92184 0.349249 5.17607e-05 0.936971
3.21264 27.583 2.88775 0.222731 -0.115365 0.966181
3.99773 28.2014 2.83482 -0.0525855 -0.005318 0.997175
5.03946 27.9371 2.92955 -0.172769 -0.102814 0.979563
5.69566 27.131 2.9436 -0.230245 -0.1299 0.964424
6.10766 26.2148 3.0043 -0.326029 -0.0472423 0.944179
6.3971 25.1886 3.07047 -0.288563 -0.035267 0.956811
6.46178 24.111 3.06721 -0.259562 -0.00765684 0.965651
6.43103 23.0762 3.05227 -0.288488 -0.0148855 0.957361
6.45256 21.8924 3.04471 -0.287007 -0.00812201 0.957888
6.48469 20.8462 3.04815 -0.27919 -0.00624391 0.960216
6.48682 19.6771 3.04128 -0.271354 -0.00570769 0.962463
6.4475 18.5329 3.00443 -0.252906 -0.0393461 0.96669
6.4536 17.4914 2.96935 -0.217727 -0.0241764 0.97571
6.43675 16.4093 2.94092 -0.191307 -0.0184606 0.981357
6.43062 15.313 2.89597 -0.192343 -0.0592458 0.979538
6.40874 14.2688 2.84559 -0.176117 -0.0501413 0.983091
6.39764 13.1998 2.81229 -0.173957 -0.023788 0.984466
6.42434 12.0776 2.78855 -0.172599 -0.0322855 0.984463
6.37717 10.9767 2.73864 -0.163734 -0.0335307 0.985935
6.32187 9.96224 2.6844 -0.16642 -0.0441455 0.985064
6.12188 8.83054 2.58811 -0.149853 -0.0479434 0.987525
6.09792 7.79676 2.52131 -0.160543 -0.0709133 0.984469
6.19781 6.67398 2.4252 -0.145144 -0.14257 0.979085
6.38718 5.63477 2.29186 -0.174345 -0.155414 0.972343
6.45323 4.51813 2.11486 -0.155706 -0.173026 0.972532
6.4148 3.52695 1.9042 -0.143537 -0.232589 0.961925
6.4712 2.50084 1.60796 -0.15681 -0.299678 0.941023
6.31869 1.57884 1.2871 -0.148735 -0.300661 0.94197
5.14052 1.52949 1.12889 -0.0865116 -0.30825 0.947363
3.99923 1.52155 1.06143 -0.0133905 -0.306772 0.951607
2.99506 1.53485 1.11237 0.0801101 -0.307823 0.948065
1.97035 1.50457 1.20839 0.126812 -0.308105 0.942863
1.53236 2.02116 1.43373 0.142762 -0.296692 0.944108
0.5588 1.86789 1.55968 0.168328 -0.305671 0.93714
0.558892 2.93782 1.9011 0.174969 -0.298281 0.938303
0.585534 3.95443 2.17123 0.186222 -0.197116 0.962531
0.567391 5.01101 2.37372 0.178509 -0.172855 0.968636
0.699409 6.05289 2.53172 0.187409 -0.163508 0.968578
0.975585 7.05807 2.63435 0.201499 -0.129818 0.970848
1.0451 8.11368 2.72654 0.211039 -0.082833 0.973962
1.07818 9.25475 2.81097 0.219059 -0.077276 0.972647
1.08978 10.2578 2.87788 0.232517 -0.0605117 0.970703
0.988793 11.3011 2.95123 0.228997 -0.0375141 0.972701
0.936756 12.3382 3.00626 0.246588 -0.0411062 0.968197
0.906154 13.3751 3.06056 0.252674 -0.0421511 0.966576
0.863573 14.4123 3.12365 0.260093 -0.0522469 0.96416
0.895724 15.4928 3.18025 0.261112 -0.06346 0.963219
0.944285 16.571 3.22232 0.271288 -0.0320434 0.961852
1.09534 17.6266 3.23894 0.294937 -0.0731783 0.95271
1.25688 18.6654 3.26463 0.334775 -0.0714762 0.939583
1.37108 19.7582 3.28507 0.346642 -0.0230734 0.937706
1.36712 20.8721 3.30578 0.351802 -0.0237996 0.935756
1.43441 21.9832 3.31557 0.38118 -0.0406523 0.923607
1.52537 22.9963 3.32661 0.374129 -0.0328422 0.926763
1.50463 24.0537 3.33623 0.369876 0.0127416 0.92899
1.47904 25.1875 3.34098 0.380092 -0.0142128 0.924815
1.60371 26.2707 3.32846 0.376144 -0.0540553 0.9248
1.94593 27.2626 3.29131 0.403193 -0.157464 0.901466
2.51994 28.2623 3.25116 0.396126 -0.290031 0.871187
3.36622 28.9493 3.18634 0.36234 -0.381386 0.850444
4.38351 29.2952 3.13903 0.00423966 -0.450551 0.891412
5.41871 28.8642 3.24332 -0.248298 -0.298489 0.921549
6.1689 28.0957 3.27933 -0.359373 -0.224446 0.905797
6.71421 27.2591 3.31814 -0.351836 -0.143991 0.924915
7.0825 26.271 3.35343 -0.332478 -0.0661142 0.940791
7.35399 25.2581 3.3847 -0.31073 -0.0521252 0.949068
7.43386 24.1083 3.36914 -0.304003 -0.0153819 0.952545
7.4283 22.9878 3.35495 -0.302264 -0.00884317 0.953183
7.43589 21.894 3.34957 -0.308472 -0.00857047 0.951183
7.45019 20.8524 3.33933 -0.299918 -0.0205858 0.953743
7.44259 19.8332 3.31968 -0.278645 -0.0250388 0.959995
7.4103 18.6369 3.26451 -0.25808 -0.0414614 0.965233
7.44245 17.6166 3.21644 -0.246952 -0.057941 0.967294
7.43156 16.5564 3.15349 -0.218694 -0.0431651 0.974838
7.4205 15.4733 3.10294 -0.200006 -0.0437128 0.978819
7.40615 14.4326 3.05044 -0.204436 -0.0470833 0.977746
7.4146 13.3808 3.00814 -0.19808 -0.036273 0.979513
7.43056 12.2508 2.97544 -0.183036 -0.0309866 0.982618
7.41463 11.1462 2.93598 -0.188605 -0.0327934 0.981505
7.38273 10.124 2.89275 -0.192416 -0.0418855 0.980419
7.14801 8.99556 2.79334 -0.201495 -0.0550352 0.977939
7.07821 7.85889 2.70929 -0.192886 -0.0741381 0.97839
7.15963 6.82396 2.62127 -0.173531 -0.13981 0.974854
7.38282 5.78564 2.49996 -0.183877 -0.160194 0.969807
7.44078 4.63552 2.31838 -0.182621 -0.164499 0.969324
7.38774 3.61987 2.1069 -0.177851 -0.236146 0.955303
7.43161 2.57021 1.80542 -0.173297 -0.300955 0.93776
7.4263 1.50429 1.45873 -0.172763 -0.307143 0.935851
7.09677 0.59503 1.09453 -0.166662 -0.324086 0.931232
6.06504 0.561477 0.907309 -0.125373 -0.331929 0.934869
4.92304 0.569605 0.790694 -0.0797532 -0.326398 0.941862
3.88449 0.548181 0.743939 -0.00957061 -0.314997 0.948846
2.78827 0.594728 0.81793 0.068809 -0.327298 0.942405
1.78888 0.541788 0.912484 0.146999 -0.326041 0.933857
0.763602 0.597585 1.10241 0.160311 -0.323037 0.932705
0.564489 1.60971 1.47449 0.16842 -0.303954 0.937682
0.5641 1.64472 1.48593 0.168328 -0.305671 0.93714
2.24624 2.0953 1.36418 0.110197 -0.299829 0.947607
3.32062 2.12327 1.27456 0.0768277 -0.307758 0.948358
4.40299 2.12847 1.25956 -0.0487764 -0.316534 0.947326
5.46893 2.1022 1.34506 -0.104545 -0.293302 0.950287
5.79613 2.09192 1.37875 -0.113285 -0.294991 0.948761
5.78789 2.95365 1.65024 -0.113962 -0.287094 0.951099
4.70694 2.98102 1.54888 -0.0810708 -0.284831 0.955143
3.63203 2.98693 1.52576 0.0397294 -0.278022 0.959753
2.63022 2.9676 1.59435 0.0914009 -0.288985 0.95296
2.04989 2.95146 1.6524 0.120458 -0.279798 0.952472
2.0874 3.82262 1.88755 0.119303 -0.196135 0.973292
3.16065 3.84798 1.7821 0.0758575 -0.219011 0.972769
4.16145 3.85581 1.75233 -0.052156 -0.216074 0.974983
5.19756 3.83851 1.82762 -0.0823984 -0.229589 0.969794
5.89953 3.82223 1.89691 -0.132326 -0.209661 0.968779
5.87477 4.71045 2.06361 -0.133242 -0.15792 0.978421
4.82223 4.7311 1.95911 -0.0858122 -0.170792 0.981563
3.65281 4.73687 1.92515 0.0440415 -0.174658 0.983644
2.60536 4.72132 1.99931 0.0876548 -0.167369 0.98199
2.1162 4.71033 2.05176 0.127607 -0.153645 0.979852
2.18901 5.60318 2.19449 0.135367 -0.160908 0.977642
3.36589 5.62314 2.08324 0.0843799 -0.161581 0.983245
4.45024 5.62469 2.07972 -0.0541686 -0.136906 0.989102
5.53555 5.61022 2.16977 -0.0992876 -0.152472 0.983308
5.72083 5.60712 2.18848 -0.118944 -0.15956 0.979996
5.69238 6.50042 2.32923 -0.131947 -0.129702 0.982735
4.61214 6.51375 2.23011 -0.0710708 -0.158134 0.984857
3.56417 6.51492 2.21596 0.0411281 -0.165925 0.98528
2.4053 6.49948 2.31311 0.112568 -0.130763 0.985002
2.36421 6.49879 2.31772 0.112568 -0.130763 0.985002
2.64797 7.40001 2.39511 0.106285 -0.104844 0.988793
3.65825 7.40928 2.32105 0.0546349 -0.0938967 0.994082
4.69346 7.40732 2.34744 -0.0668907 -0.100235 0.992713
5.48616 7.40089 2.41186 -0.0989773 -0.0839699 0.99154
5.53945 8.30322 2.47816 -0.0990096 -0.039517 0.994302
4.39756 8.30949 2.38674 -0.0353689 -0.0569793 0.997749
3.28037 8.30675 2.40399 0.0707626 -0.0509123 0.996193
2.62289 8.30098 2.46496 0.10064 -0.055603 0.993368
2.65104 9.20463 2.51646 0.104859 -0.0709345 0.991954
3.73221 9.21261 2.42815 0.0359273 -0.0578862 0.997677
4.74036 9.21209 2.45669 -0.0701563 -0.0389543 0.996775
5.52997 9.20812 2.52654 -0.112507 -0.0530004 0.992236
5.81357 10.1117 2.61541 -0.126999 -0.0389373 0.991138
4.78574 10.1168 2.50368 -0.0776347 -0.0395121 0.996199
3.6297 10.1172 2.47191 0.0384706 -0.042301 0.998364
2.66532 10.1098 2.57172 0.128332 -0.0532429 0.990301
2.54057 11.0147 2.63344 0.139816 -0.0438801 0.989205
3.60245 11.0222 2.52263 0.0475546 -0.062221 0.996929
4.80583 11.0223 2.54166 -0.0781086 -0.0356582 0.996307
5.63706 11.0194 2.63275 -0.124483 -0.0403517 0.991401
5.87164 11.9264 2.69025 -0.150342 -0.0489274 0.987423
4.81501 11.9305 2.57928 -0.0666838 -0.0176832 0.997617
3.59346 11.9285 2.5662 0.0197587 -0.0274617 0.999428
2.50124 11.9219 2.67354 0.141617 -0.0451988 0.988889
2.43993 11.9214 2.68306 0.153518 -0.0550074 0.986614
2.42261 12.8295 2.71432 0.148001 -0.02032 0.988778
3.43581 12.8356 2.60277 0.0528522 -0.0170994 0.998456
4.45397 12.838 2.592 -0.0326915 -0.0332188 0.998913
5.62133 12.8355 2.68362 -0.120188 -0.01148 0.992685
5.89351 12.8343 2.72249 -0.141266 -0.0275989 0.989587
5.884 13.7429 2.74023 -0.116475 -0.0310124 0.992709
4.65029 13.7457 2.63033 -0.0638284 -0.0492324 0.996746
3.64978 13.7452 2.62617 0.0587542 -0.0216038 0.998039
2.58568 13.74 2.72242 0.142822 -0.0436938 0.988784
2.49643 13.7392 2.73743 0.158613 -0.0325553 0.986804
2.35408 14.6485 2.78171 0.17255 -0.0375424 0.984285
3.39974 14.6553 2.66634 0.0704278 -0.0307292 0.997043
4.48377 14.6572 2.64431 -0.0420368 -0.0305614 0.998649
5.60163 14.6539 2.7438 -0.129174 -0.0279845 0.991227
5.70477 14.6535 2.75614 -0.118833 -0.0388848 0.992153
5.92433 15.5629 2.81517 -0.160338 -0.0338323 0.986482
4.89946 15.5663 2.69205 -0.0659745 -0.000726893 0.997821
3.76888 15.566 2.66472 0.00737719 -0.0281763 0.999576
2.70513 15.5619 2.75731 0.144362 -0.00818491 0.989491
2.39319 15.5597 2.80787 0.203584 -0.0464029 0.977957
2.47325 16.4724 2.82588 0.183638 -0.0191091 0.982808
3.52748 16.478 2.68938 0.0728229 -0.0160527 0.997216
4.53071 16.4794 2.67892 -0.0699118 0.0216899 0.997317
5.5269 16.4767 2.77762 -0.135019 -0.0357219 0.990199
5.91681 16.4742 2.84317 -0.185278 -0.0162548 0.982552
5.85633 17.3892 2.85179 -0.162991 -0.00488071 0.986616
4.82382 17.3929 2.71561 -0.0891861 -0.016787 0.995874
3.70212 17.3927 2.69547 0.0905613 -0.0237608 0.995607
2.68636 17.3878 2.82392 0.190183 -0.0328137 0.9812
2.66708 17.3877 2.82765 0.185676 -0.0387375 0.981847
2.83918 18.3058 2.81083 0.192547 0.0149194 0.981174
3.93143 18.31 2.69072 0.0789293 -0.0174224 0.996728
5.0749 18.3082 2.74932 -0.112478 0.00262501 0.993651
5.76672 18.3061 2.85149 -0.185637 0.00666766 0.982596
5.97635 19.2246 2.89757 -0.231805 -0.01632 0.972625
4.98825 19.2287 2.7354 -0.101464 -0.0120139 0.994767
3.97681 19.2297 2.70138 0.01057 -0.0075626 0.999916
2.92588 19.2262 2.80532 0.195314 -0.00439176 0.980731
2.85854 19.2258 2.81873 0.20243 -0.00717607 0.97927
2.84489 20.1481 2.82404 0.244709 -0.0416521 0.968702
3.99714 20.1493 2.70942 0.00975987 0.00944912 0.999908
5.01955 20.1508 2.7402 -0.0666109 -0.0287854 0.997364
5.82543 20.1477 2.87318 -0.235142 -0.0199631 0.971756
5.86682 21.0713 2.89271 -0.216328 -0.0254334 0.975989
4.82598 21.0748 2.72925 -0.0787517 -0.0238496 0.996609
3.81648 21.0741 2.72064 0.0556762 0.00540004 0.998434
2.91106 21.0709 2.84547 0.208977 -0.0446521 0.976901
3.0005 21.9959 2.83552 0.209742 -0.00294691 0.977752
4.07421 21.9995 2.71204 0.00660268 -0.0591777 0.998226
5.12377 21.9978 2.77107 -0.123999 -0.0132168 0.992194
5.78545 21.9962 2.87843 -0.214751 -0.0179715 0.976504
5.92482 22.9215 2.9115 -0.244008 -0.0102159 0.969719
4.91286 22.9232 2.76076 -0.0739779 -0.0247467 0.996953
3.85201 22.9237 2.74929 0.061735 -0.064278 0.996021
3.02184 22.9237 2.82629 0.181665 -0.0234344 0.983081
3.03053 23.8525 2.82891 0.251199 -0.0581552 0.966187
4.05515 23.8526 2.72863 0.0354413 0.012731 0.999291
5.10844 23.8524 2.77683 -0.119467 -0.0281599 0.992439
5.87438 23.8488 2.91858 -0.229886 0.0100057 0.973166
5.86217 24.7783 2.91382 -0.22065 -0.00862232 0.975315
4.76721 24.7842 2.74535 -0.086784 -0.022407 0.995975
3.64275 24.7831 2.74725 0.137856 -0.00737017 0.990425
3.02045 24.7808 2.86278 0.20871 -0.044892 0.976947
3.015 25.7122 2.85751 0.189706 0.031962 0.981321
4.0682 25.7215 2.71933 0.0580531 -0.0387619 0.997561
5.10633 25.7187 2.76901 -0.0950667 0.022101 0.995226
5.58755 25.714 2.86175 -0.214941 0.0201036 0.97642
5.3178 26.6567 2.81609 -0.136288 0.00225859 0.990667
4.26762 26.6611 2.75844 0.0203058 -0.0466326 0.998706
3.37272 26.6555 2.77452 0.156855 0.032659 0.987081
4.08679 27.6053 2.79986 -0.054363 -0.0592755 0.99676
4.50952 27.6034 2.82577 -0.0678936 -0.0615593 0.995792
4.61442 27.6025 2.83287 -0.0584114 -0.0822871 0.994895
