1.50584 14.776 2.88998 0.23153 -0.0482966 0.971628
1.55865 15.7803 2.93177 0.253894 -0.0515037 0.96586
1.70335 16.7983 2.93405 0.250972 -0.0268054 0.967623
1.86003 17.8953 2.93238 0.28099 -0.0325968 0.959157
2.02981 18.8992 2.92364 0.283191 -0.0310563 0.958561
2.09738 19.9727 2.94456 0.313692 -0.0319768 0.948986
2.11164 21.0773 2.96258 0.274747 -0.0143807 0.961409
2.2066 22.2327 2.95283 0.267155 -0.00795489 0.963621
2.21427 23.2928 2.96862 0.343701 -0.000600839 0.938982
2.17765 24.3909 2.9873 0.332524 -0.0477196 0.941887
2.22965 25.5273 2.97717 0.278518 0.00616504 0.960411
2.43744 26.5501 2.92261 0.364166 -0.0157276 0.931069
2.94714 27.5308 2.83523 0.314388 -0.176688 0.932707
3.70109 28.2674 2.76199 0.159393 -0.203349 0.965587
4.8305 28.3262 2.85062 -0.269496 -0.0977184 0.958031
5.55035 27.6161 2.88879 -0.235432 -0.174466 0.955869
6.17208 26.6256 2.95685 -0.318647 -0.0941279 0.943188
6.46918 25.6651 3.0151 -0.313455 -0.0476851 0.948405
6.46375 24.6223 2.98803 -0.29125 -0.0346438 0.956005
6.47268 23.6068 2.9802 -0.270499 -0.0123219 0.962641
6.48551 22.5457 2.9701 -0.292632 -0.013535 0.956128
6.45823 21.5333 2.95926 -0.273609 0.00153999 0.961835
6.45769 20.5326 2.95236 -0.272734 -0.00590026 0.962066
6.4415 19.4487 2.93837 -0.259659 -0.0137277 0.965603
6.46425 18.3148 2.91787 -0.235316 -0.0281988 0.971486
6.48299 17.2345 2.88233 -0.210145 -0.0399837 0.976852
6.45153 16.2035 2.85193 -0.185477 -0.0228483 0.982301
6.45628 15.1963 2.80853 -0.19311 -0.0605256 0.979309
6.44825 14.0985 2.75903 -0.175871 -0.0432469 0.983462
6.42666 13.0355 2.72835 -0.170487 -0.0200554 0.985156
6.43105 11.8992 2.6958 -0.172381 -0.0431438 0.984085
6.41218 10.8254 2.65325 -0.171738 -0.0336503 0.984568
6.44052 9.69497 2.60415 -0.160363 -0.0537747 0.985592
6.46419 8.47659 2.54199 -0.181753 -0.0571773 0.98168
6.4419 7.46067 2.46901 -0.160519 -0.0846684 0.983395
6.43978 6.46776 2.34281 -0.153312 -0.156117 0.975768
6.45121 5.45287 2.18492 -0.162593 -0.162371 0.973228
6.4305 4.43795 2.01168 -0.162043 -0.168743 0.972249
6.44959 3.39184 1.78104 -0.150193 -0.268671 0.95145
6.4624 2.28948 1.44792 -0.15136 -0.308647 0.939056
6.08819 1.50112 1.13973 -0.127609 -0.313499 0.940975
4.9784 1.52554 1.02475 -0.0851773 -0.310657 0.946681
3.96334 1.51279 0.967119 0.0272649 -0.283688 0.958529
2.82935 1.53001 1.0384 0.0820094 -0.313792 0.945936
1.78056 1.51894 1.15122 0.128496 -0.310861 0.941653
1.52263 2.4024 1.47274 0.144374 -0.304914 0.941373
1.53827 3.48916 1.79195 0.167249 -0.245215 0.954933
1.56736 4.56294 2.02283 0.159693 -0.181578 0.970323
1.56454 5.58169 2.19879 0.160952 -0.15579 0.974511
1.56413 6.60727 2.3681 0.184537 -0.14568 0.971882
1.60885 7.84115 2.49553 0.166752 -0.07987 0.982759
1.63675 8.87699 2.57682 0.194835 -0.0691449 0.978396
1.66082 9.94384 2.64055 0.212378 -0.0708188 0.974618
1.65894 10.9879 2.70173 0.202237 -0.0463073 0.978241
1.64226 12.0612 2.74812 0.193729 -0.047994 0.97988
1.57186 13.066 2.79817 0.220069 -0.035622 0.974783
1.51418 14.2052 2.85562 0.2538 -0.0524752 0.965832
1.50806 14.6117 2.88128 0.234775 -0.0520634 0.970641
0.543165 14.6561 3.13811 0.266185 -0.0539097 0.962412
0.568883 15.7164 3.19272 0.26243 -0.0561675 0.963315
0.710644 16.7075 3.20834 0.285617 -0.0454608 0.957211
0.836698 17.7333 3.23965 0.309093 -0.0793873 0.947713
1.04057 18.7686 3.25671 0.337749 -0.0722403 0.93846
1.15642 19.8862 3.27691 0.341321 -0.0312671 0.939386
1.17983 20.9701 3.29739 0.361006 -0.0189236 0.932311
1.2463 22.0506 3.30445 0.375173 -0.0454427 0.925746
1.29372 23.0893 3.32718 0.373267 -0.0215012 0.927412
1.27079 24.1571 3.33591 0.369449 0.0104443 0.929191
1.26261 25.2118 3.33462 0.384998 -0.0148395 0.922749
1.37847 26.3155 3.32579 0.372421 -0.0471357 0.92684
1.74208 27.2724 3.29028 0.377444 -0.164278 0.911345
2.23806 28.187 3.24535 0.406391 -0.227195 0.884778
2.98705 28.9079 3.19342 0.348341 -0.40033 0.847581
3.86899 29.3544 3.12104 0.182138 -0.530809 0.827688
4.87458 29.4055 3.17254 -0.343598 -0.342601 0.874394
5.70614 28.8081 3.22125 -0.349872 -0.363098 0.863499
6.46813 27.9404 3.2647 -0.384758 -0.237133 0.892037
7.01076 27.0619 3.3115 -0.36199 -0.161119 0.918152
7.39843 26.0617 3.35999 -0.33336 -0.0510214 0.941418
7.43673 25.0205 3.30776 -0.299316 -0.0509051 0.952795
7.43894 23.8666 3.2761 -0.301377 -0.0115615 0.953434
7.44401 22.7746 3.26822 -0.303017 -0.00704336 0.952958
7.43989 21.7326 3.26139 -0.301393 -0.00708933 0.953474
7.4386 20.6084 3.24429 -0.301996 -0.0178803 0.953136
7.43046 19.5991 3.21856 -0.273603 -0.031398 0.96133
7.44095 18.4427 3.17436 -0.249739 -0.0507037 0.966985
7.44149 17.4361 3.11842 -0.244295 -0.0570082 0.968024
7.44992 16.3993 3.0642 -0.217471 -0.0496161 0.974805
7.4401 15.3551 3.01499 -0.200515 -0.04571 0.978623
7.44091 14.2896 2.96485 -0.205619 -0.0430147 0.977683
7.43059 13.2138 2.91978 -0.198592 -0.0339273 0.979495
7.43485 12.0822 2.88518 -0.183657 -0.033234 0.982428
7.42015 11.0696 2.84904 -0.188671 -0.0317622 0.981527
7.4206 10.0686 2.81226 -0.189443 -0.0390203 0.981116
7.43996 9.04044 2.76845 -0.203505 -0.0514753 0.97772
7.44406 8.03121 2.70833 -0.196604 -0.0667008 0.978212
7.43237 6.99173 2.61288 -0.196243 -0.107426 0.974653
7.44543 5.8999 2.44545 -0.18445 -0.161242 0.969524
7.41151 4.91131 2.27336 -0.180561 -0.163769 0.969833
7.41422 3.84917 2.08004 -0.1927 -0.207494 0.958562
7.44553 2.87901 1.81683 -0.178531 -0.297098 0.938005
7.42295 1.81489 1.47084 -0.173033 -0.305585 0.936309
7.36282 0.705995 1.08868 -0.166706 -0.320764 0.932372
6.24318 0.545615 0.840536 -0.140955 -0.332373 0.932533
5.19802 0.567605 0.723111 -0.080227 -0.326512 0.941782
4.15838 0.560259 0.653085 -0.0431566 -0.315191 0.948046
3.12785 0.566972 0.691478 0.0625785 -0.321631 0.944693
2.13223 0.548823 0.778722 0.113407 -0.330117 0.937022
0.989389 0.574167 0.96346 0.16223 -0.319237 0.933686
0.559185 1.33651 1.29597 0.168152 -0.310278 0.935656
0.556224 2.35635 1.62939 0.166868 -0.29962 0.939352
0.563839 3.41114 1.95504 0.192818 -0.265332 0.94468
0.581333 4.52316 2.19587 0.178963 -0.185512 0.966197
0.573319 5.58345 2.38845 0.186456 -0.169031 0.967813
0.569043 6.58099 2.56169 0.193536 -0.158991 0.968111
0.595987 7.59738 2.68763 0.207916 -0.0969845 0.973317
0.638396 8.61436 2.76908 0.207347 -0.0857619 0.974501
0.676771 9.63695 2.84404 0.216618 -0.0776129 0.973166
0.683871 10.6849 2.91296 0.235305 -0.0492277 0.970674
0.639747 11.7027 2.96831 0.243662 -0.0457535 0.96876
0.606489 12.7061 3.023 0.263208 -0.0461357 0.963635
0.557953 13.7441 3.08544 0.266125 -0.0463312 0.962823
0.540282 14.513 3.1311 0.267861 -0.0533787 0.961977
2.00441 14.7227 2.77072 0.196464 -0.0668575 0.978229
2.99397 14.7304 2.61701 0.111433 -0.0105467 0.993716
4.17074 14.7344 2.5538 -0.0151788 -0.0362979 0.999226
5.32366 14.7334 2.62174 -0.0826923 -0.012617 0.996495
5.6867 14.732 2.66867 -0.132011 -0.0355324 0.990611
5.86769 13.8156 2.65541 -0.120823 -0.0338588 0.992096
4.87179 13.8183 2.55676 -0.0541212 -0.0435558 0.997584
3.87034 13.8188 2.53132 0.0396875 -0.0102434 0.99916
2.78393 13.8145 2.61219 0.111147 -0.0431347 0.992867
2.08931 13.8089 2.71911 0.182333 -0.036845 0.982546
2.10097 12.8937 2.68195 0.180298 -0.0157161 0.983486
3.11932 12.9016 2.54493 0.0952381 -0.0507635 0.994159
4.16839 12.9051 2.50581 -0.00751094 -0.00446013 0.999962
5.2848 12.9045 2.55581 -0.0728313 -0.0357343 0.996704
5.91982 12.9019 2.63924 -0.160059 -0.00905765 0.987066
5.79137 11.9897 2.59472 -0.153277 -0.045225 0.987148
4.67628 11.9937 2.48525 -0.0486727 -0.0366168 0.998143
3.64896 11.9915 2.47662 0.0275076 -0.0363189 0.998962
2.62335 11.9852 2.56878 0.131999 -0.0447932 0.990237
2.21229 11.9812 2.63652 0.174469 -0.0477199 0.983506
2.32486 11.0693 2.58033 0.162825 -0.0507927 0.985347
3.44092 11.0783 2.44937 0.0592454 -0.0452951 0.997215
4.56719 11.0809 2.44833 -0.0592178 -0.0343808 0.997653
5.58723 11.0775 2.53924 -0.123246 -0.0348477 0.991764
5.82839 11.0763 2.57233 -0.137325 -0.0415941 0.989652
5.93249 10.1634 2.54664 -0.126366 -0.0410904 0.991132
4.77786 10.1686 2.42238 -0.082417 -0.0402825 0.995783
3.75437 10.1682 2.39254 0.0369248 -0.0574725 0.997664
2.75579 10.1621 2.47725 0.122371 -0.0592834 0.990712
2.22246 10.1562 2.55046 0.162457 -0.0624882 0.984735
2.16943 9.24527 2.49938 0.152629 -0.0731925 0.98557
3.16987 9.25575 2.38243 0.0824101 -0.0578455 0.994918
4.29122 9.26008 2.34414 -0.0485067 -0.0566811 0.997213
5.48697 9.25542 2.44151 -0.10611 -0.0604094 0.992518
5.7747 9.25346 2.47439 -0.131632 -0.054579 0.989795
5.81126 8.34257 2.42978 -0.138778 -0.0533606 0.988885
4.80036 8.34963 2.33215 -0.0717879 -0.0561737 0.995837
3.7583 8.35129 2.2907 0.0180282 -0.0511864 0.998526
2.74631 8.34321 2.36921 0.0998634 -0.0720054 0.992392
2.17664 8.33652 2.43503 0.145167 -0.0726746 0.986735
2.17882 7.4295 2.36717 0.137992 -0.087556 0.986556
3.17632 7.44176 2.27082 0.0794356 -0.0840437 0.993291
4.27284 7.44742 2.23132 -0.050926 -0.0895129 0.994683
5.50882 7.43805 2.33288 -0.0901731 -0.08135 0.992598
5.86782 7.43338 2.37797 -0.121179 -0.0961239 0.987966
5.87107 6.53059 2.26809 -0.122817 -0.146455 0.981563
4.85178 6.54367 2.16577 -0.089558 -0.140299 0.98605
3.85142 6.54854 2.12288 0.0322111 -0.145455 0.98884
2.70798 6.53633 2.20237 0.0926287 -0.151073 0.984173
2.12888 6.52717 2.26271 0.141807 -0.157297 0.977317
2.07622 5.62811 2.12797 0.147645 -0.1634 0.975449
3.18514 5.64792 2.01791 0.0790133 -0.16203 0.983617
4.3298 5.65423 1.98624 -0.0227 -0.144309 0.989272
5.37707 5.64068 2.0722 -0.0942243 -0.162919 0.98213
5.84308 5.63247 2.1237 -0.126052 -0.172892 0.976841
5.88137 4.7351 1.9776 -0.127884 -0.16666 0.977686
4.83604 4.75414 1.87893 -0.0773377 -0.161076 0.983907
3.82293 4.76218 1.83301 0.0303112 -0.160936 0.986499
2.79448 4.74809 1.90198 0.0794875 -0.166837 0.982775
2.17345 4.73534 1.96339 0.126497 -0.168073 0.977625
2.2059 3.84646 1.78385 0.106092 -0.211444 0.971615
3.22389 3.86779 1.69553 0.0705155 -0.210464 0.975055
4.25839 3.87414 1.67235 -0.0213173 -0.21563 0.976242
5.31012 3.85586 1.75213 -0.0891822 -0.214898 0.972556
5.80492 3.84449 1.80113 -0.112079 -0.207345 0.971826
5.98139 2.96375 1.58358 -0.137704 -0.28678 0.948048
4.89781 2.99049 1.48297 -0.086564 -0.29807 0.950611
3.8965 3.0028 1.43749 0.0303937 -0.292621 0.955745
2.88596 2.98641 1.49464 0.0804209 -0.288483 0.954102
2.03337 2.96588 1.56895 0.130301 -0.284319 0.949834
2.05911 2.09983 1.29694 0.109943 -0.303294 0.946533
3.15659 2.12962 1.20199 0.0741145 -0.305578 0.949278
4.24146 2.13865 1.17402 -0.0169567 -0.294437 0.95552
5.38797 2.1148 1.2518 -0.0925313 -0.303037 0.948476
5.7631 2.10332 1.28962 -0.108536 -0.298595 0.948188
5.96165 15.6468 2.74058 -0.166887 -0.0495236 0.984731
4.91699 15.6508 2.60955 -0.0754747 -0.0205381 0.996936
3.82299 15.6494 2.58083 0.00688962 -0.0228909 0.999714
2.77625 15.6448 2.66429 0.134421 0.00754328 0.990896
2.13707 15.6394 2.78492 0.220096 -0.0501023 0.974191
2.23881 16.5582 2.79467 0.231851 -0.0219018 0.972505
3.34858 16.565 2.62164 0.105917 -0.0235657 0.994096
4.52282 16.5676 2.58742 -0.0414644 0.0133005 0.999051
5.70975 16.5654 2.72443 -0.164959 -0.0228656 0.986035
5.83007 16.5649 2.74461 -0.165429 -0.0231173 0.985951
5.89458 17.485 2.77306 -0.175395 -0.0125459 0.984418
4.82539 17.4889 2.63009 -0.0970497 -0.00937294 0.995235
3.80047 17.4885 2.60791 0.0657978 0.0211225 0.997609
2.68534 17.4828 2.73894 0.179275 -0.0193649 0.983608
2.31057 17.4792 2.81281 0.208629 -0.0166554 0.977853
2.51346 18.4037 2.7956 0.200732 -0.0131522 0.979558
3.64845 18.4107 2.61842 0.0856394 -0.0215236 0.996094
4.71768 18.4116 2.6242 -0.0653834 0.00293978 0.997856
5.75064 18.4075 2.76044 -0.166044 -0.00469095 0.986107
5.93735 18.4066 2.79793 -0.203275 -0.0295949 0.978674
5.87302 19.3315 2.78898 -0.210073 -0.016486 0.977547
4.83482 19.3355 2.63294 -0.0702656 -0.0295897 0.997089
3.7235 19.3363 2.63253 0.0454836 -0.00620044 0.998946
2.64671 19.3305 2.77967 0.205555 -0.0189954 0.978461
2.58982 19.3301 2.79123 0.199173 -0.0334834 0.979392
2.6786 20.2583 2.77827 0.265375 -0.0188362 0.963961
3.66816 20.2605 2.64514 0.0596031 -0.00885928 0.998183
4.73791 20.2625 2.64155 -0.0757644 0.0348879 0.996515
5.76169 20.2591 2.77661 -0.220004 -0.0215669 0.975261
5.92937 20.2582 2.81441 -0.230411 -0.0208303 0.97287
5.95169 21.187 2.82585 -0.229336 0.000985336 0.973347
4.80672 21.1913 2.64269 -0.0922996 -0.0283366 0.995328
3.79648 21.1899 2.62985 0.10712 -0.00879753 0.994207
2.7792 21.1867 2.78772 0.194526 -0.0162393 0.980763
2.77876 21.1867 2.78782 0.246081 -0.0142554 0.969144
2.68508 22.1169 2.81947 0.248575 -0.0142831 0.968507
3.68458 22.1197 2.64362 0.0879356 -0.0307165 0.995652
4.71693 22.1195 2.64487 -0.0643973 -0.0089819 0.997884
5.84423 22.1181 2.8048 -0.241677 0.0220912 0.970105
5.88337 22.1179 2.81456 -0.231375 0.00626802 0.972844
5.97989 23.0482 2.83527 -0.268417 -0.0169145 0.963154
4.96437 23.0517 2.65845 -0.0600718 -0.0116103 0.998127
3.92586 23.0546 2.64679 0.045252 0.0120783 0.998903
2.89433 23.0506 2.76543 0.205747 -0.0293957 0.978164
2.71699 23.0495 2.8027 0.241682 -0.00140579 0.970355
2.81357 23.986 2.79601 0.249139 0.00686769 0.968443
3.84475 23.9866 2.64211 0.039125 0.0163992 0.9991
4.9813 23.9866 2.67017 -0.137659 -0.00330952 0.990474
5.93051 23.9816 2.83851 -0.225703 0.0169777 0.974048
5.9806 24.9153 2.86424 -0.253424 -0.024914 0.967034
4.93577 24.9243 2.67264 -0.116692 -0.0290379 0.992744
3.82971 24.9265 2.64631 0.0529279 -0.0215315 0.998366
2.80215 24.9223 2.82302 0.2519 -0.0456228 0.966677
2.69038 24.9217 2.85212 0.2519 -0.0456231 0.966677
2.77426 25.8585 2.81193 0.212459 -0.0104307 0.977114
3.77687 25.8712 2.64998 0.0482127 -0.0402444 0.998026
4.92518 25.8696 2.65882 -0.05836 -0.0281477 0.997899
5.85591 25.8563 2.82802 -0.256258 0.00771711 0.966578
5.46716 26.81 2.76812 -0.238229 -0.102941 0.965738
4.44056 26.8224 2.6779 -0.0146963 -0.0381841 0.999163
3.35895 26.8178 2.70878 0.0533024 -0.00301393 0.998574
3.27533 26.8166 2.71253 0.084247 0.0165919 0.996307
3.94121 27.7791 2.69256 -0.0120581 -0.0433998 0.998985
4.47528 27.7756 2.7301 -0.119064 -0.0781488 0.989806
4.69836 27.7732 2.75675 -0.14866 -0.0822529 0.985462
