1.51154 14.6848 2.78549 0.262203 -0.0559149 0.963344
1.52494 13.6798 2.73479 0.234852 -0.0313232 0.971399
1.54819 12.6688 2.70002 0.204019 -0.0379933 0.978127
1.56057 11.6562 2.65988 0.208647 -0.0375121 0.977193
1.55868 10.6255 2.6188 0.212841 -0.0557441 0.975495
1.55052 9.51875 2.5513 0.202295 -0.0549777 0.97778
1.55422 8.48323 2.47795 0.196882 -0.0677802 0.978041
1.54019 7.48534 2.39811 0.183882 -0.094973 0.978321
1.57638 6.39476 2.249 0.178978 -0.155539 0.971395
1.52763 5.25026 2.06629 0.178149 -0.170295 0.969156
1.56626 4.1879 1.86311 0.151548 -0.2018 0.967631
1.5535 3.07164 1.58515 0.150719 -0.277302 0.948841
1.53727 2.10769 1.28738 0.147283 -0.306906 0.940252
2.08455 1.50157 1.01649 0.119423 -0.312734 0.942303
3.08438 1.50093 0.916053 0.0819503 -0.309554 0.947344
4.1745 1.51847 0.877434 -0.0186278 -0.296936 0.954173
5.34814 1.53614 0.975151 -0.10151 -0.316058 0.943294
6.42321 1.73841 1.17741 -0.159633 -0.292582 0.942822
6.45539 2.79041 1.51686 -0.160946 -0.294951 0.941824
6.41735 3.79369 1.78768 -0.148154 -0.232669 0.961008
6.44918 4.80567 1.99223 -0.161298 -0.155805 0.974529
6.43204 5.90607 2.17054 -0.163268 -0.164204 0.972708
6.43004 7.07731 2.34001 -0.153472 -0.113055 0.981664
6.45348 8.23056 2.43974 -0.191795 -0.0571501 0.97977
6.45914 9.29519 2.5037 -0.18219 -0.0579347 0.981555
6.44021 10.2986 2.54945 -0.18164 -0.0418619 0.98247
6.42489 11.5222 2.59502 -0.172356 -0.0445909 0.983955
6.44027 12.6806 2.63684 -0.16731 -0.0244839 0.9856
6.42869 13.7513 2.65981 -0.182428 -0.0231316 0.982947
6.44438 14.7955 2.70075 -0.190381 -0.0268036 0.981344
6.42617 15.899 2.75052 -0.186461 -0.0277386 0.982071
6.43755 16.9505 2.77434 -0.213764 -0.0338797 0.976272
6.46092 18.0329 2.81892 -0.240503 -0.0232635 0.97037
6.47186 19.0426 2.84961 -0.253793 -0.0138177 0.96705
6.47416 20.1738 2.86834 -0.263004 -0.0142078 0.96469
6.467 21.2383 2.87196 -0.257585 0.00383212 0.966248
6.45875 22.295 2.87633 -0.270145 -0.00596851 0.962801
6.49427 23.4308 2.89038 -0.272911 -0.000419039 0.961849
6.48291 24.4579 2.89991 -0.292095 -0.00842806 0.956352
6.49315 25.5932 2.92516 -0.286608 -0.0170584 0.957896
6.35411 26.6564 2.93331 -0.312134 -0.0907371 0.945695
5.70689 27.6517 2.83963 -0.259037 -0.158232 0.951691
4.99873 28.3696 2.7838 -0.187045 -0.167197 0.968018
4.12064 28.7275 2.62573 -0.201411 -0.112553 0.972894
3.28333 28.1836 2.72802 0.252861 -0.223629 0.941303
2.61883 27.4342 2.81866 0.343528 -0.170602 0.923138
2.15922 26.4992 2.92042 0.360622 -0.0415011 0.93039
1.96016 25.3354 2.97729 0.330986 -0.0118438 0.943541
1.94849 24.2392 2.97911 0.328084 -0.0192974 0.944451
1.99125 23.1692 2.9599 0.350478 -0.00364166 0.936507
1.95307 22.1005 2.94392 0.314217 -0.0364862 0.94865
1.88398 20.9292 2.94886 0.32373 -0.0291828 0.945698
1.8388 19.8993 2.93944 0.32766 -0.0321393 0.944249
1.68376 18.7963 2.93848 0.335309 -0.0604728 0.940165
1.54253 17.6103 2.92351 0.270408 -0.0420397 0.961827
1.5329 16.5923 2.88206 0.261293 -0.0265172 0.964894
1.55491 15.5609 2.83219 0.2537 -0.0553417 0.96569
1.51529 14.7697 2.79024 0.253291 -0.0693278 0.964855
0.54649 14.6967 3.05228 0.266677 -0.0540289 0.96227
0.55771 15.8386 3.11584 0.264433 -0.054261 0.962876
0.56972 16.8762 3.17109 0.295578 -0.0456846 0.954226
0.607367 17.9229 3.24512 0.318148 -0.0852001 0.944196
0.78605 18.9237 3.26862 0.339251 -0.072835 0.937872
0.902985 20.0349 3.28759 0.361604 -0.0357879 0.931645
0.9593 21.1104 3.29625 0.377889 -0.0274791 0.925383
1.01172 22.1564 3.31525 0.384422 -0.0348262 0.922491
1.07097 23.2381 3.32869 0.377135 -0.0112809 0.926003
1.03308 24.2616 3.33862 0.372342 0.00818784 0.928056
1.02904 25.3683 3.34066 0.372281 -0.0231005 0.927833
1.16924 26.4629 3.33291 0.38613 -0.0709897 0.919709
1.59461 27.5018 3.2988 0.395323 -0.166948 0.903243
2.15589 28.3446 3.2368 0.416049 -0.222457 0.881712
2.91755 29.0635 3.18173 0.382485 -0.401144 0.83234
3.80058 29.5811 3.05758 0.225176 -0.728759 0.643593
4.86566 29.6235 3.1337 -0.26781 -0.47947 0.835695
5.75604 28.9403 3.1759 -0.368225 -0.346083 0.862144
6.51517 28.1704 3.24027 -0.471893 -0.247607 0.846172
7.08432 27.3114 3.28727 -0.375216 -0.182164 0.908861
7.4511 26.3421 3.3043 -0.352193 -0.0714922 0.933193
7.42904 25.2528 3.22532 -0.312645 -0.0510563 0.948497
7.43068 24.0944 3.18644 -0.296538 -0.0181464 0.954846
7.41921 23.0854 3.17294 -0.299287 -0.0070934 0.954137
7.41886 22.0384 3.16685 -0.303239 -0.00737772 0.952886
7.43143 20.9754 3.16066 -0.299595 -0.0175284 0.953898
7.44963 19.9483 3.14429 -0.289643 -0.0237111 0.956841
7.42254 18.8723 3.1013 -0.264738 -0.0455298 0.963245
7.43733 17.7642 3.04979 -0.243071 -0.0534803 0.968533
7.4187 16.7277 2.98534 -0.21893 -0.0395089 0.97494
7.4138 15.5895 2.93444 -0.199006 -0.0417728 0.979108
7.43064 14.5289 2.88753 -0.20495 -0.0443977 0.977765
7.41228 13.4121 2.83754 -0.198202 -0.0384169 0.979408
7.4391 12.2652 2.80567 -0.183868 -0.0302271 0.982486
7.4258 11.2082 2.76901 -0.188613 -0.0320983 0.981526
7.42046 10.0497 2.72591 -0.190939 -0.0390576 0.980824
7.44427 8.89463 2.67664 -0.199514 -0.0556928 0.978311
7.42032 7.72301 2.59553 -0.195836 -0.0714208 0.978031
7.43996 6.58335 2.46911 -0.188226 -0.147176 0.97103
7.41443 5.55505 2.2967 -0.180735 -0.161096 0.970249
7.42009 4.53167 2.12489 -0.178582 -0.168941 0.969313
7.41006 3.41719 1.88689 -0.17422 -0.246302 0.953406
7.41604 2.41978 1.57661 -0.172408 -0.30051 0.938067
7.41935 1.41518 1.24955 -0.170553 -0.308671 0.935753
7.1417 0.600224 0.922061 -0.165733 -0.324577 0.931226
6.11142 0.56128 0.733315 -0.1517 -0.33639 0.929374
5.08432 0.555782 0.619778 -0.081286 -0.321138 0.943537
4.08544 0.558646 0.56169 -0.00759728 -0.305937 0.951577
2.90408 0.55023 0.614691 0.0738076 -0.321484 0.944034
1.70289 0.549745 0.745935 0.136679 -0.320549 0.937319
0.657201 0.679329 0.966075 0.160248 -0.325299 0.931933
0.572691 1.68848 1.32077 0.165449 -0.30691 0.937247
0.559423 2.80594 1.6847 0.16932 -0.303932 0.937526
0.585346 3.90668 1.98822 0.179261 -0.236042 0.955024
0.563589 5.04061 2.20754 0.174609 -0.174228 0.969101
0.566579 6.0707 2.38912 0.182466 -0.169867 0.968427
0.560561 7.11657 2.55486 0.197438 -0.134562 0.971025
0.556825 8.19261 2.66292 0.205065 -0.0829776 0.975219
0.5605 9.33354 2.7591 0.218449 -0.0791372 0.972634
0.563891 10.467 2.84076 0.22934 -0.0642289 0.971225
0.563339 11.5649 2.89523 0.242709 -0.0425535 0.969164
0.56122 12.6597 2.94583 0.26019 -0.0484921 0.964339
0.549685 13.7565 3.0009 0.268133 -0.0486626 0.962151
0.540011 14.508 3.0437 0.266705 -0.0529785 0.962321
2.09375 14.3441 2.64574 0.175453 -0.0368897 0.983796
3.17271 14.3514 2.5048 0.0998914 -0.0345987 0.994397
4.17325 14.3546 2.46025 0.00449192 -0.0309398 0.999511
5.19059 14.3548 2.51421 -0.0881343 -0.0261693 0.995765
5.93452 14.3527 2.59489 -0.149663 -0.047017 0.987619
5.87703 13.4599 2.56439 -0.135345 -0.00515348 0.990785
4.83688 13.4624 2.45466 -0.0815375 -0.0170326 0.996525
3.82612 13.4615 2.42883 0.0442915 -0.0189483 0.998839
2.77337 13.457 2.51482 0.118368 -0.0235959 0.992689
2.09908 13.4515 2.60942 0.190989 -0.0412896 0.980723
2.07659 12.5587 2.5958 0.169683 -0.0242446 0.985201
3.1212 12.5678 2.44487 0.097014 -0.0419197 0.9944
4.18832 12.5707 2.40863 -0.00688821 -0.0299234 0.999528
5.36931 12.5702 2.46816 -0.0802322 -0.0357229 0.996136
5.90582 12.5682 2.54321 -0.154338 -0.0234077 0.987741
5.91428 11.6774 2.51581 -0.151504 -0.0385528 0.987704
4.71019 11.6817 2.38995 -0.0625514 -0.0235778 0.997763
3.6956 11.6804 2.38143 0.0264087 -0.0597521 0.997864
2.60148 11.6726 2.47673 0.151531 -0.0402143 0.987634
2.2357 11.6691 2.53324 0.175082 -0.0397094 0.983753
2.17292 10.778 2.5088 0.160898 -0.035131 0.986346
3.20878 10.7886 2.37112 0.0978933 -0.036899 0.994513
4.24158 10.7927 2.33166 -0.0154018 -0.0968245 0.995182
5.45998 10.7893 2.42816 -0.116736 -0.0396231 0.992372
5.83476 10.7875 2.47513 -0.122197 -0.0345443 0.991905
5.90809 9.89784 2.44273 -0.13874 -0.0351296 0.989706
4.83564 9.9033 2.32888 -0.0808251 -0.0535165 0.995291
3.81848 9.90358 2.29202 0.0189989 -0.0696962 0.997387
2.78104 9.8961 2.37401 0.122806 -0.0537009 0.990977
2.13399 9.88907 2.4647 0.149241 -0.0647952 0.986676
2.10713 9.00107 2.40669 0.163766 -0.0681435 0.984143
3.19991 9.01286 2.2778 0.0867406 -0.0618388 0.99431
4.21033 9.0167 2.24302 -0.0555727 -0.044501 0.997462
5.32247 9.01349 2.32442 -0.0930105 -0.0613604 0.993773
5.84496 9.00978 2.38635 -0.137565 -0.0521915 0.989117
5.90066 8.1214 2.34624 -0.140342 -0.0689389 0.9877
4.8064 8.13014 2.23065 -0.0699578 -0.0536764 0.996105
3.75333 8.13137 2.19654 0.0351229 -0.0615777 0.997484
2.70502 8.12296 2.27244 0.0917413 -0.0581345 0.994084
2.07999 8.11413 2.35462 0.151864 -0.0766765 0.985423
2.074 7.23013 2.28009 0.139449 -0.105215 0.984624
3.12008 7.24476 2.17368 0.0781154 -0.0797492 0.993749
4.27518 7.25025 2.14037 -0.0467164 -0.0697753 0.996468
5.38128 7.24239 2.22166 -0.0883297 -0.0943137 0.991616
5.90296 7.23625 2.27881 -0.125765 -0.096205 0.987384
5.91302 6.35688 2.16286 -0.119576 -0.143345 0.982422
4.81247 6.37183 2.05318 -0.0869437 -0.143379 0.985841
3.67882 6.3748 2.02223 0.0117988 -0.138145 0.990342
2.60617 6.36267 2.09586 0.0837301 -0.156466 0.984128
2.07503 6.35283 2.15847 0.157861 -0.159244 0.974536
2.05336 5.47792 2.01594 0.1095 -0.157871 0.98137
3.20011 5.49823 1.90806 0.0719291 -0.161669 0.98422
4.2705 5.50354 1.88233 -0.0447329 -0.152756 0.987251
5.38823 5.4906 1.96339 -0.0929067 -0.163862 0.982099
5.87603 5.48178 2.01666 -0.131901 -0.159726 0.97831
5.92178 4.60609 1.87644 -0.139831 -0.184968 0.972746
4.85243 4.62651 1.77399 -0.0799155 -0.171254 0.98198
3.80735 4.63391 1.73358 0.03128 -0.173453 0.984345
2.74968 4.61973 1.79864 0.0821645 -0.176378 0.980887
2.1614 4.60712 1.85803 0.130716 -0.185078 0.973991
2.09304 3.73834 1.68989 0.111236 -0.216423 0.969942
3.17229 3.76242 1.5934 0.0741855 -0.207943 0.975324
4.17516 3.77118 1.56009 -0.0305693 -0.23204 0.972226
5.25697 3.75252 1.64021 -0.0881931 -0.20236 0.975332
5.79865 3.74165 1.6865 -0.109615 -0.225323 0.968098
5.88923 2.88695 1.45821 -0.113541 -0.288818 0.950628
4.8858 2.91156 1.36783 -0.0797125 -0.279096 0.956949
3.8858 2.92365 1.32369 0.0245146 -0.312829 0.949493
2.86674 2.90637 1.38272 0.0821231 -0.300027 0.950389
2.09179 2.88704 1.45137 0.111434 -0.288217 0.951059
2.25253 2.04767 1.17106 0.102499 -0.303137 0.947418
3.3618 2.07691 1.07815 0.0552756 -0.30567 0.950532
4.46811 2.07873 1.07367 -0.0693012 -0.307152 0.949134
5.46713 2.05468 1.1515 -0.0938865 -0.300736 0.949075
5.72422 2.04643 1.17817 -0.108131 -0.302602 0.946964
5.8635 15.2463 2.62203 -0.158571 -0.0362332 0.986683
4.73774 15.2506 2.49714 -0.0625641 -0.0161443 0.99791
3.56216 15.247 2.4938 0.0468894 -0.023577 0.998622
2.45161 15.2407 2.61453 0.182444 -0.0276437 0.982828
2.05134 15.2371 2.69248 0.198473 -0.0261981 0.979756
2.08707 16.1308 2.73252 0.214066 -0.0413636 0.975943
3.10324 16.1408 2.54855 0.0885637 -0.0156997 0.995947
4.20747 16.144 2.50068 -0.0133869 -0.00775327 0.99988
5.39375 16.1426 2.57297 -0.135638 -0.0210378 0.990535
5.88021 16.1402 2.65414 -0.17852 -0.0255568 0.983604
5.91975 17.0358 2.68336 -0.168598 -0.0276752 0.985296
4.81174 17.0394 2.52873 -0.0979946 -0.0247224 0.99488
3.79999 17.0386 2.50405 0.0438842 -0.0169215 0.998893
2.7212 17.0336 2.63427 0.179821 -0.0383627 0.982951
2.04386 17.0271 2.76503 0.219285 -0.0348278 0.975039
2.24638 17.9283 2.75154 0.217815 -0.0488265 0.974768
3.41434 17.9363 2.5559 0.117888 -0.0285156 0.992617
4.41735 17.9375 2.51382 -0.0736319 -0.0343559 0.996694
5.4133 17.9368 2.61541 -0.14807 -0.00155596 0.988976
5.92197 17.9349 2.69714 -0.188733 -0.00823515 0.981994
5.84774 18.8367 2.6927 -0.227049 0.000771033 0.973883
4.78306 18.8406 2.54107 -0.0637866 0.000487672 0.997963
3.76349 18.8393 2.52526 0.0398813 -0.0187335 0.999029
2.66877 18.833 2.66577 0.182027 -0.0144754 0.983187
2.26953 18.8298 2.76369 0.269064 0.0116413 0.963052
2.37293 19.7359 2.76182 0.228334 -0.0390362 0.9728
3.52455 19.7423 2.5569 0.0553157 0.00133857 0.998468
4.57132 19.7454 2.54439 -0.0488572 0.00944012 0.998761
5.66459 19.7428 2.65727 -0.175873 0.0276049 0.984026
5.89598 19.7419 2.71018 -0.230849 0.0318935 0.972467
5.82396 20.6493 2.70824 -0.224299 -0.01195 0.974447
4.82761 20.6512 2.5495 -0.0953049 0.0198057 0.995251
3.66987 20.651 2.55598 0.0914653 0.00235996 0.995805
2.64221 20.6461 2.71284 0.228022 -0.0356632 0.973003
2.42991 20.6444 2.76994 0.262663 -0.0212373 0.964654
2.50337 21.5557 2.77333 0.253223 -0.0103115 0.967353
3.57508 21.5587 2.56294 0.122145 -0.00274791 0.992509
4.76236 21.5601 2.55029 -0.0682272 -0.0280371 0.997276
5.82659 21.5565 2.70574 -0.183909 -0.010864 0.982883
5.86342 21.5564 2.7139 -0.251238 -0.00936602 0.96788
5.89907 22.465 2.72037 -0.259479 -0.0105601 0.965691
4.89475 22.4662 2.56984 -0.0931989 -0.0300147 0.995195
3.86113 22.469 2.55736 0.0252005 0.000595485 0.999682
2.84857 22.4668 2.69511 0.23623 0.0336433 0.971115
2.49787 22.466 2.78644 0.25432 -0.0261557 0.966766
2.50266 23.3768 2.78352 0.318074 -0.0137033 0.947967
3.50154 23.3821 2.58712 0.079291 -0.00176867 0.99685
4.65316 23.3826 2.55322 -0.0428016 0.0135748 0.998991
5.78534 23.3766 2.70848 -0.242252 -0.0189283 0.970029
6.00558 23.3751 2.76345 -0.23868 -0.00853788 0.971061
5.96599 24.2868 2.75996 -0.238257 -0.0177119 0.971041
4.97753 24.2944 2.57629 -0.0962305 0.00707834 0.995334
3.83457 24.2959 2.54604 0.0781732 -0.0028095 0.996936
2.67479 24.2918 2.74676 0.252756 -0.0317952 0.967007
2.46694 24.2907 2.80938 0.288515 -0.0275173 0.95708
2.54576 25.2047 2.79731 0.275054 0.00143062 0.961428
3.64018 25.2149 2.58143 0.123765 -0.0120827 0.992238
4.69489 25.2137 2.55976 -0.0934717 0.00780243 0.995591
5.72322 25.2039 2.70313 -0.24701 0.0359037 0.968348
6.01282 25.1993 2.77717 -0.268662 0.0129055 0.963148
5.86561 26.1201 2.74136 -0.281499 0.0119352 0.959487
4.88339 26.1386 2.5674 -0.0916064 -0.0437453 0.994834
3.85958 26.1423 2.56686 0.0609211 -0.02814 0.997746
2.77888 26.1264 2.72157 0.219225 -0.0173962 0.975519
2.57599 26.1222 2.77324 0.246912 -0.00705563 0.969012
3.03422 27.061 2.62035 0.242959 0.0946044 0.965412
4.0779 27.0724 2.59777 -0.0166571 -0.0192286 0.999676
5.18615 27.0645 2.67071 -0.120012 -0.0961071 0.98811
5.52994 27.0574 2.71242 -0.216057 -0.135692 0.966906
4.59195 28.0155 2.67092 -0.123435 -0.0455365 0.991307
3.9962 28.0196 2.6102 -0.0421131 -0.0704078 0.996629
3.87612 28.0184 2.60504 -0.0421131 -0.0704078 0.996629
