1.48971 18.174 2.87745 0.296013 -0.0582595 0.953398
1.53222 17.1368 2.81434 0.257461 -0.0473816 0.965126
1.55876 16.103 2.77098 0.252501 -0.0353383 0.966943
1.53779 15.0929 2.72055 0.223191 -0.056593 0.97313
1.53783 14.0339 2.66685 0.232118 -0.0397646 0.971743
1.55162 12.99 2.62426 0.222571 -0.0362685 0.974233
1.5705 11.9097 2.58137 0.214262 -0.0378021 0.976011
1.5343 10.8659 2.54355 0.185236 -0.0501312 0.981415
1.58363 9.77649 2.47553 0.203124 -0.0704672 0.976614
1.59239 8.74367 2.39902 0.205307 -0.0669494 0.976317
1.59004 7.72027 2.32263 0.188953 -0.085291 0.978275
1.58127 6.54869 2.18502 0.183062 -0.144445 0.972296
1.55242 5.44018 2.0061 0.18504 -0.166212 0.96856
1.54848 4.42549 1.82866 0.166506 -0.187077 0.968009
1.53066 3.40921 1.59687 0.166338 -0.26048 0.951042
1.5542 2.25987 1.24802 0.150243 -0.304512 0.940579
1.95317 1.5045 0.94559 0.120495 -0.322648 0.938818
3.00038 1.52403 0.842188 0.0835501 -0.311654 0.946515
4.06603 1.53239 0.79648 -0.0150498 -0.330735 0.943604
5.09755 1.52068 0.854553 -0.0878441 -0.30977 0.946745
6.17745 1.54157 0.984764 -0.131144 -0.311123 0.941216
6.44196 2.39697 1.30498 -0.156427 -0.314953 0.936128
6.46116 3.36745 1.6016 -0.185444 -0.261229 0.947154
6.42706 4.42726 1.83804 -0.168033 -0.173746 0.970276
6.46509 5.6211 2.04605 -0.171421 -0.159501 0.972201
6.47185 6.62188 2.2024 -0.162071 -0.141605 0.976566
6.42393 7.64784 2.30947 -0.16723 -0.071337 0.983334
6.44465 8.66157 2.37915 -0.191331 -0.0589944 0.979749
6.43067 9.69886 2.43155 -0.177596 -0.0530367 0.982673
6.43865 10.7137 2.48169 -0.177972 -0.0366244 0.98334
6.41932 11.7981 2.51717 -0.173269 -0.0385375 0.984115
6.4237 12.9731 2.55165 -0.179131 -0.018727 0.983647
6.41475 13.9943 2.57599 -0.178506 -0.0388743 0.983151
6.40616 15.0157 2.62031 -0.188371 -0.043517 0.981133
6.41994 16.0393 2.66736 -0.190683 -0.0280917 0.981228
6.40272 17.0904 2.68704 -0.201605 -0.0311044 0.978973
6.40442 18.1295 2.71918 -0.221817 -0.0210202 0.974862
6.43387 19.1483 2.75092 -0.266143 -0.0253014 0.963597
6.46684 20.1937 2.77664 -0.273233 -0.0103417 0.961892
6.48015 21.3898 2.78753 -0.278042 0.0018442 0.960567
6.48793 22.5261 2.79815 -0.27616 -0.0148032 0.960998
6.50634 23.6067 2.80721 -0.280969 0.00340115 0.959651
6.49355 24.7349 2.82064 -0.294487 -0.0236207 0.955362
6.48233 25.87 2.83362 -0.343323 -0.0270018 0.938517
6.3317 26.9299 2.86209 -0.34382 -0.0946323 0.934198
5.81236 27.7808 2.81336 -0.288028 -0.12727 0.948367
5.07845 28.5227 2.7353 -0.273211 -0.152206 0.949338
4.19511 28.9441 2.5407 -0.2368 -0.131843 0.962571
3.3262 28.4325 2.63119 0.35071 -0.220516 0.910151
2.53358 27.6044 2.76292 0.40579 -0.179464 0.895446
2.06113 26.6937 2.88581 0.423345 -0.0807222 0.902365
1.78197 25.5586 2.95043 0.356645 -0.00512868 0.934189
1.73241 24.438 2.9659 0.354564 0.013845 0.93492
1.78461 23.3489 2.95369 0.36551 -0.00149594 0.930806
1.73628 22.244 2.93684 0.360368 -0.0398913 0.931916
1.6891 21.1371 2.92408 0.3431 -0.0176005 0.939117
1.66719 20.1321 2.91942 0.340551 -0.0249383 0.939891
1.53665 19.0245 2.91521 0.335174 -0.0586989 0.940324
1.49208 18.2622 2.88242 0.297341 -0.0617657 0.952771
0.553991 18.2583 3.20239 0.324119 -0.0829866 0.942369
0.562429 17.1473 3.10519 0.305579 -0.0672943 0.949778
0.567826 16.0195 3.03347 0.274026 -0.062562 0.959685
0.566474 14.9462 2.97271 0.268208 -0.054959 0.961792
0.557128 13.947 2.92086 0.268298 -0.0504923 0.962012
0.565829 12.8368 2.86463 0.256497 -0.0452865 0.965444
0.575914 11.728 2.81304 0.243272 -0.0398747 0.969138
0.558521 10.6229 2.76707 0.231922 -0.0544856 0.971207
0.592529 9.51565 2.67973 0.219478 -0.0825253 0.972121
0.588139 8.48495 2.59568 0.208972 -0.081989 0.974479
0.569164 7.38769 2.49972 0.207437 -0.0946597 0.973636
0.591222 6.29535 2.33528 0.18787 -0.163301 0.968523
0.569149 5.15646 2.13974 0.178218 -0.173547 0.96856
0.576338 4.04438 1.92667 0.186992 -0.192669 0.963282
0.576624 2.92815 1.62759 0.167837 -0.290973 0.941895
0.578425 1.96566 1.32121 0.164383 -0.306585 0.937541
0.586242 0.846699 0.945299 0.159087 -0.322397 0.933138
1.44895 0.559307 0.699118 0.14845 -0.324226 0.934259
2.4411 0.554298 0.566908 0.094248 -0.327143 0.940263
3.43992 0.566917 0.491954 0.0521307 -0.31961 0.946114
4.48054 0.573849 0.490397 -0.04012 -0.310415 0.949754
5.60813 0.560174 0.581003 -0.104017 -0.330991 0.937883
6.60255 0.578858 0.728135 -0.15806 -0.326175 0.931991
7.40987 0.901294 0.983116 -0.167468 -0.320798 0.932225
7.41947 1.90022 1.31944 -0.170867 -0.30704 0.936232
7.42767 2.89991 1.64576 -0.169613 -0.305991 0.936804
7.42198 3.96148 1.93027 -0.184006 -0.188695 0.964632
7.42138 5.05485 2.12762 -0.185648 -0.166136 0.96847
7.4446 6.08865 2.30486 -0.184222 -0.158284 0.970056
7.42931 7.09302 2.45252 -0.184693 -0.111832 0.976373
7.42394 8.12264 2.53992 -0.194189 -0.0663615 0.97871
7.43988 9.18432 2.60572 -0.195339 -0.0454217 0.979683
7.40805 10.1901 2.64347 -0.191018 -0.0392823 0.9808
7.41367 11.3796 2.68662 -0.188253 -0.0334084 0.981552
7.42926 12.4384 2.72372 -0.182795 -0.0300883 0.98269
7.41259 13.5292 2.75642 -0.198178 -0.0393045 0.979378
7.42278 14.5316 2.80005 -0.204276 -0.0446601 0.977894
7.40428 15.5918 2.8468 -0.199133 -0.0432703 0.979017
7.41503 16.7254 2.89787 -0.226398 -0.0455663 0.972898
7.39285 17.8893 2.95858 -0.242209 -0.055589 0.968625
7.4205 18.9802 3.01679 -0.265296 -0.0372583 0.963446
7.42968 20.0826 3.05568 -0.288366 -0.0171794 0.957366
7.43714 21.1511 3.07594 -0.303582 -0.0121361 0.952728
7.46235 22.2253 3.09146 -0.300514 -0.00530505 0.953763
7.44657 23.3136 3.09368 -0.297284 -0.00436196 0.954776
7.43457 24.3767 3.10229 -0.293491 -0.0208262 0.955735
7.4296 25.4169 3.14558 -0.311141 -0.0591108 0.948524
7.43713 26.5127 3.21907 -0.356113 -0.107134 0.926967
7.0994 27.5339 3.24655 -0.42373 -0.218718 0.878301
6.52987 28.3621 3.19569 -0.447519 -0.349129 0.823307
5.79332 29.1133 3.16308 -0.364138 -0.396802 0.84247
4.85578 29.8103 3.10845 -0.254548 -0.565355 0.779114
3.80892 29.7328 3.06786 0.201009 -0.696567 0.68876
2.91918 29.2452 3.1543 0.431746 -0.377184 0.81924
2.15105 28.505 3.18719 0.45975 -0.296213 0.835953
1.48856 27.6553 3.28073 0.399312 -0.208068 0.892893
1.04053 26.6847 3.30868 0.380581 -0.078923 0.921374
0.844573 25.4968 3.32316 0.389122 -0.0215227 0.920914
0.802949 24.4132 3.33739 0.374457 0.0135319 0.927146
0.863113 23.3991 3.32384 0.373328 -0.00450424 0.927631
0.819862 22.3627 3.31084 0.385656 -0.0342961 0.921983
0.752817 21.3053 3.29909 0.395395 -0.0393118 0.917664
0.700236 20.2256 3.28199 0.36146 -0.0238221 0.932083
0.589812 19.2028 3.27167 0.339995 -0.0677511 0.937956
0.554395 18.4989 3.22344 0.324119 -0.082987 0.942369
2.04035 18.9103 2.74179 0.30562 -0.0441236 0.951131
3.13227 18.9198 2.50063 0.1656 -0.00532452 0.986179
4.14726 18.9238 2.43045 -0.000912972 0.00141602 0.999999
5.24203 18.9234 2.4977 -0.129909 0.0140786 0.991426
5.87647 18.921 2.61278 -0.214139 -0.016504 0.976664
5.88118 18.0152 2.60479 -0.16633 -0.013078 0.985983
4.78319 18.0182 2.45746 -0.0839663 -0.00106488 0.996468
3.7701 18.0156 2.42899 0.0955343 -0.00394384 0.995418
2.67342 18.0098 2.5775 0.162599 -0.0175281 0.986537
2.06624 18.003 2.70122 0.237285 -0.0173653 0.971285
2.10226 17.1005 2.66596 0.219971 -0.0402445 0.974676
3.30773 17.1121 2.46443 0.121268 -0.0410846 0.991769
4.31906 17.1136 2.41183 -0.0380541 -0.00822818 0.999242
5.41129 17.1133 2.51131 -0.123663 -0.0205433 0.992112
5.80256 17.1119 2.57444 -0.17234 -0.037036 0.984341
5.74055 16.2115 2.54801 -0.1493 -0.0308776 0.98831
4.74666 16.2143 2.43177 -0.0358201 -0.00780997 0.999328
3.74044 16.2135 2.41895 0.0308145 0.00607967 0.999507
2.62576 16.2061 2.53597 0.19113 -0.0294541 0.981123
2.08727 16.1998 2.64656 0.21566 -0.043393 0.975504
2.12741 15.3026 2.59461 0.220004 -0.0465976 0.974385
3.26861 15.3115 2.4266 0.0971483 -0.0477356 0.994125
4.33993 15.315 2.39815 -0.0184066 -0.0185084 0.999659
5.37482 15.314 2.47287 -0.113362 -0.0228616 0.993291
5.67888 15.3131 2.50908 -0.161754 -0.0449102 0.985809
5.8414 14.4152 2.50049 -0.12319 -0.0419378 0.991497
4.80617 14.4174 2.4025 -0.0612412 -0.0306744 0.997652
3.70468 14.4168 2.3807 0.057883 -0.0317597 0.997818
2.60195 14.4101 2.48601 0.128382 -0.0166789 0.991584
2.19452 14.4064 2.54572 0.153512 -0.018427 0.987975
2.1829 13.5098 2.51511 0.172054 -0.0244789 0.984783
3.32651 13.5183 2.37754 0.0668591 -0.0416632 0.996892
4.37358 13.5217 2.35102 -0.0194661 -0.0416726 0.998942
5.39426 13.5211 2.41654 -0.107234 -0.0357712 0.99359
5.86625 13.5194 2.46819 -0.1691 -0.010663 0.985541
5.76761 12.6244 2.43861 -0.138506 -0.026529 0.990006
4.68112 12.6267 2.33641 -0.05221 -0.0258752 0.998301
3.60367 12.6251 2.3341 0.0247561 -0.0352294 0.999073
2.60707 12.6183 2.42311 0.155032 -0.0263321 0.987558
2.08276 12.6132 2.51036 0.169459 -0.0277207 0.985147
2.24314 11.7204 2.44572 0.167062 -0.0459405 0.984875
3.25474 11.7285 2.31689 0.0820293 -0.0183274 0.996461
4.42046 11.732 2.29675 -0.0308559 -0.0597323 0.997737
5.45382 11.7311 2.37157 -0.118236 -0.0356866 0.992344
5.84812 11.7294 2.4214 -0.146488 -0.0402656 0.988393
5.91325 10.8348 2.40384 -0.143394 -0.0415822 0.988792
4.80688 10.8388 2.28534 -0.0828124 -0.0418628 0.995686
3.72651 10.8384 2.25558 0.0614857 -0.0706482 0.995605
2.64725 10.8312 2.35109 0.121746 -0.0376857 0.991846
2.08849 10.8248 2.43814 0.162796 -0.0558744 0.985076
2.17985 9.93343 2.37101 0.160259 -0.0679737 0.984732
3.28002 9.94457 2.23384 0.110441 -0.0583824 0.992166
4.34302 9.94868 2.20641 -0.0416457 -0.0485778 0.997951
5.39192 9.94489 2.29832 -0.104362 -0.0561169 0.992955
5.91496 9.94186 2.36037 -0.142965 -0.0453235 0.988689
5.78763 9.05085 2.29398 -0.126031 -0.057279 0.990371
4.67651 9.05679 2.1893 -0.0742565 -0.0624206 0.995284
3.60074 9.0559 2.16721 0.0596207 -0.0541292 0.996752
2.55519 9.04669 2.26331 0.135082 -0.0745164 0.988028
2.18549 9.0421 2.31287 0.145107 -0.0792475 0.986237
2.20686 8.15211 2.25504 0.146682 -0.0769631 0.986185
3.20191 8.16383 2.14546 0.0640032 -0.0590687 0.9962
4.27201 8.16821 2.11665 -0.0370458 -0.0744804 0.996534
5.31981 8.16323 2.19204 -0.0900988 -0.062872 0.993946
5.87504 8.15808 2.25753 -0.134401 -0.0560668 0.98934
5.81582 7.26981 2.18045 -0.134751 -0.0905015 0.986738
4.65177 7.28132 2.06748 -0.0866896 -0.0872893 0.992404
3.60475 7.28228 2.05017 0.0409166 -0.107658 0.993346
2.596 7.27114 2.13387 0.0899952 -0.0984956 0.99106
2.13244 7.2641 2.18724 0.127791 -0.110532 0.985623
2.12232 6.38235 2.06709 0.137102 -0.138594 0.980813
3.22778 6.39875 1.96464 0.0638146 -0.160452 0.984979
4.34202 6.40289 1.9431 -0.0543616 -0.154631 0.986476
5.37541 6.39249 2.02188 -0.0951533 -0.156172 0.983136
5.95328 6.38404 2.08535 -0.138522 -0.146287 0.979496
5.96328 5.50406 1.94428 -0.126412 -0.150712 0.980462
4.89454 5.52156 1.83963 -0.0764424 -0.159606 0.984217
3.83408 5.52863 1.79299 -0.00330911 -0.144946 0.989434
2.71745 5.51546 1.86343 0.085226 -0.166578 0.982338
2.23768 5.50654 1.91156 0.127812 -0.15227 0.98004
2.13218 4.62663 1.77864 0.108843 -0.179461 0.977725
3.15875 4.64741 1.68256 0.0743458 -0.173996 0.981936
4.20233 4.65433 1.65169 -0.0435071 -0.171143 0.984285
5.30041 4.63973 1.72678 -0.0965086 -0.174348 0.979943
5.90794 4.62655 1.79279 -0.128314 -0.148315 0.980581
5.89402 3.75578 1.61331 -0.119011 -0.225038 0.967055
4.84885 3.77799 1.51905 -0.091895 -0.214698 0.972348
3.66958 3.78567 1.48444 0.0177834 -0.241946 0.970127
2.55937 3.76658 1.56043 0.0943443 -0.209099 0.973333
2.06807 3.75468 1.60885 0.118636 -0.240319 0.963417
2.27991 2.90479 1.34943 0.0988887 -0.295414 0.950238
3.29942 2.92922 1.26431 0.0749004 -0.297036 0.951924
4.34173 2.93451 1.24791 -0.0464283 -0.284112 0.957666
5.35792 2.91367 1.32345 -0.0954053 -0.286398 0.953349
5.88575 2.8999 1.37416 -0.11282 -0.290222 0.950286
5.71073 2.05658 1.09068 -0.106434 -0.300421 0.947849
4.63148 2.086 0.995187 -0.058661 -0.298112 0.952727
3.50426 2.08711 0.990262 0.0452181 -0.28829 0.956475
2.47855 2.06394 1.06338 0.0985614 -0.304276 0.947471
2.21989 2.05573 1.08947 0.105155 -0.300811 0.947869
2.21089 19.8219 2.72425 0.295507 -0.0244912 0.955027
3.18914 19.8301 2.50453 0.182095 -0.041772 0.982393
4.25786 19.8326 2.44055 0.0055241 -0.0140913 0.999885
5.34912 19.8324 2.51188 -0.159367 -0.0101993 0.987167
5.82645 19.8304 2.60405 -0.233641 -0.00173324 0.972321
5.83448 20.7428 2.61907 -0.244826 -0.013406 0.969474
4.74559 20.7458 2.45918 -0.115113 0.000239274 0.993352
3.60115 20.7453 2.4699 0.0874929 -0.0357772 0.995522
2.61517 20.7392 2.63505 0.230024 -0.0319919 0.972659
2.27372 20.7354 2.73156 0.27496 -0.0251939 0.961125
2.19219 21.6502 2.77034 0.262125 -0.0284017 0.964616
3.16785 21.6552 2.54655 0.181992 0.0227165 0.983038
4.18079 21.6581 2.43468 0.00873216 -0.00966237 0.999915
5.28128 21.6572 2.52354 -0.150274 -0.013715 0.988549
5.9986 21.6546 2.66255 -0.237998 -0.0157647 0.971138
5.84818 22.5694 2.62361 -0.243206 0.00593074 0.969956
4.75902 22.5731 2.47159 -0.0471205 0.00586805 0.998872
3.54079 22.5715 2.4916 0.0843941 -0.00397096 0.996425
2.45629 22.5682 2.71271 0.276487 -0.0145312 0.960908
2.27498 22.5676 2.76175 0.289726 -0.0318042 0.956581
2.37261 23.4846 2.73514 0.317487 -0.0133906 0.948168
3.38733 23.4882 2.5137 0.109342 -0.0322058 0.993482
4.4743 23.4884 2.46429 -0.0235239 -0.00150431 0.999722
5.47209 23.4861 2.54789 -0.190729 0.0323033 0.981111
6.00485 23.4825 2.668 -0.254534 -0.00205983 0.967062
6.00758 24.397 2.68545 -0.235606 -0.013807 0.971751
4.91249 24.4057 2.48461 -0.103596 -0.0228543 0.994357
3.89249 24.4062 2.45205 0.0012622 0.0175975 0.999844
2.84104 24.4058 2.61815 0.207526 -0.0195938 0.978033
2.38728 24.4025 2.74221 0.295582 -0.0169006 0.955168
2.27657 25.3214 2.77584 0.301686 0.0122431 0.953329
3.25545 25.33 2.54467 0.189751 0.0152543 0.981714
4.31268 25.3337 2.45885 -0.0419725 0.00249201 0.999116
5.34441 25.326 2.54892 -0.153387 0.0397378 0.987367
5.97665 25.3163 2.67933 -0.257481 -0.0106613 0.966225
5.88163 26.2426 2.66318 -0.303875 -0.0299178 0.952242
4.89176 26.2637 2.49237 -0.101621 -0.0717871 0.99223
3.82389 26.2695 2.48183 0.0543379 -0.013829 0.998427
2.77586 26.2542 2.64412 0.229279 -0.00742799 0.973332
2.53471 26.2487 2.70089 0.253492 0.00194291 0.967335
2.85873 27.1927 2.60468 0.220591 -0.0507321 0.974046
4.00351 27.2202 2.49549 -0.0407166 0.0200146 0.99897
5.05312 27.2069 2.56528 -0.0907674 -0.0623214 0.99392
5.55083 27.1912 2.64891 -0.219385 -0.14218 0.965223
4.71248 28.1682 2.59478 -0.171193 -0.0436395 0.984271
3.90393 28.178 2.49334 0.0277956 -0.0603382 0.997791
3.86202 28.1766 2.49443 -0.0138306 -0.0911897 0.995737
