1.52222 24.3445 2.95785 0.35685 0.0100485 0.934103
1.58163 23.1208 2.9364 0.368246 -0.0173756 0.929516
1.55341 22.0038 2.90927 0.340622 -0.0247867 0.939874
1.52783 20.8346 2.88978 0.344685 -0.0101322 0.938664
1.52459 19.8221 2.87284 0.340117 -0.0299095 0.939907
1.55057 18.8244 2.8091 0.336761 -0.0562807 0.939907
1.56043 17.7319 2.74625 0.291371 -0.0526366 0.955161
1.56321 16.6213 2.6994 0.251693 -0.0281819 0.967379
1.57895 15.5614 2.65191 0.25326 -0.0564624 0.965717
1.53892 14.5174 2.60139 0.225891 -0.0397955 0.973339
1.5527 13.4224 2.55176 0.206958 -0.0328287 0.977752
1.60374 12.2584 2.50257 0.199555 -0.0337506 0.979305
1.58322 11.2382 2.46821 0.209954 -0.0373808 0.976996
1.60344 10.2318 2.41614 0.207924 -0.0630984 0.976065
1.5937 9.11661 2.34063 0.204965 -0.0801123 0.975485
1.5996 8.10197 2.26211 0.204007 -0.0813107 0.975575
1.56437 7.0841 2.17333 0.163797 -0.117602 0.979189
1.56246 6.06899 2.02452 0.169849 -0.155706 0.973067
1.60598 5.01237 1.83715 0.155982 -0.174484 0.972227
1.56944 3.92166 1.63035 0.180174 -0.224976 0.957561
1.58502 2.92438 1.36085 0.14967 -0.282323 0.947498
1.6099 1.84038 1.01449 0.144621 -0.300169 0.942859
2.48987 1.5209 0.799248 0.0979771 -0.312019 0.94501
3.55353 1.54234 0.718492 0.0669286 -0.32115 0.944661
4.62006 1.5365 0.73125 -0.0659797 -0.31934 0.945341
5.73789 1.52664 0.833686 -0.113003 -0.317949 0.941262
6.40071 2.0133 1.08493 -0.144943 -0.302382 0.942102
6.43759 2.97817 1.39353 -0.165722 -0.278596 0.945994
6.42941 3.96682 1.65254 -0.17651 -0.206513 0.962391
6.42641 5.03287 1.85569 -0.173686 -0.165614 0.970776
6.40324 6.19932 2.04285 -0.171317 -0.155417 0.97288
6.42463 7.20638 2.18685 -0.172311 -0.0905496 0.980872
6.43801 8.29218 2.26992 -0.163775 -0.0577577 0.984805
6.43216 9.47225 2.33454 -0.193772 -0.0534762 0.979588
6.43755 10.5728 2.38878 -0.17988 -0.033959 0.983102
6.40923 11.6546 2.42608 -0.171369 -0.0481393 0.98403
6.39082 12.8427 2.46131 -0.168986 -0.030179 0.985156
6.40202 13.9901 2.48734 -0.179786 -0.0478334 0.982542
6.3932 15.0058 2.53098 -0.189672 -0.0451227 0.98081
6.40953 16.0843 2.57952 -0.185141 -0.0251653 0.982378
6.42616 17.1854 2.6115 -0.200435 -0.0404187 0.97887
6.4017 18.2057 2.6387 -0.20288 -0.0309662 0.978714
6.39819 19.2753 2.65735 -0.261929 -0.0172978 0.964881
6.44037 20.2961 2.68385 -0.253633 -0.00916812 0.967257
6.45233 21.4744 2.69468 -0.273135 0.000689864 0.961976
6.43709 22.5202 2.69607 -0.269426 -0.00153474 0.96302
6.46571 23.5249 2.70871 -0.273301 0.00343553 0.961922
6.46642 24.5589 2.71918 -0.280293 -0.0102667 0.959823
6.45786 25.6375 2.73231 -0.300263 0.00157146 0.953855
6.45668 26.6713 2.77577 -0.350669 -0.07909 0.932617
6.06473 27.6298 2.77165 -0.295337 -0.167568 0.940583
5.28842 28.4806 2.67613 -0.254197 -0.153747 0.954417
4.50095 29.0992 2.51031 -0.462028 -0.194324 0.862284
3.56109 28.8065 2.56165 0.374559 -0.250524 0.89264
2.66434 27.9845 2.68013 0.372921 -0.246556 0.894505
2.11099 27.13 2.80974 0.400043 -0.0883817 0.912225
1.64808 26.207 2.92302 0.380638 -0.0301291 0.924233
1.5438 25.1838 2.9432 0.34914 -0.000335153 0.937068
1.52294 24.4822 2.95632 0.359262 0.00848565 0.933198
0.571465 24.5378 3.33819 0.380096 0.00781427 0.924897
0.63102 25.6299 3.32437 0.393463 -0.0213414 0.919093
0.789858 26.6568 3.31962 0.407546 -0.126152 0.904429
1.34 27.6732 3.2512 0.425175 -0.199959 0.882307
1.92694 28.5104 3.18942 0.495817 -0.294143 0.817095
2.76659 29.3184 3.14963 0.357196 -0.456766 0.814724
3.68623 29.853 3.06653 0.216493 -0.688926 0.691746
4.69614 29.9843 3.07954 0.0179808 -0.696277 0.717548
5.57422 29.4728 3.13574 -0.441215 -0.393074 0.806733
6.40142 28.6712 3.16616 -0.466621 -0.359218 0.808225
7.05659 27.853 3.22863 -0.409193 -0.2794 0.868618
7.41713 26.7736 3.15489 -0.392873 -0.148508 0.907031
7.43527 25.7193 3.07531 -0.334149 -0.0465426 0.941361
7.42953 24.698 3.02111 -0.2937 -0.0282035 0.955473
7.43592 23.6341 3.00352 -0.299224 -0.00863896 0.954144
7.40497 22.4581 2.98717 -0.298498 -0.00628076 0.95439
7.44123 21.3702 2.9906 -0.304394 -0.00883247 0.952505
7.44024 20.1829 2.97146 -0.288997 -0.0179265 0.957162
7.39262 19.0587 2.92385 -0.261211 -0.042935 0.964326
7.42675 17.9881 2.88591 -0.241292 -0.0485889 0.969235
7.42385 16.8711 2.82208 -0.237407 -0.0589172 0.969622
7.41793 15.742 2.76965 -0.201495 -0.0446446 0.978472
7.38475 14.7173 2.71534 -0.202553 -0.0451212 0.978231
7.42571 13.651 2.67822 -0.2016 -0.039373 0.978676
7.39543 12.6428 2.63889 -0.188823 -0.0317564 0.981498
7.41445 11.5068 2.60522 -0.184373 -0.0345626 0.982249
7.42804 10.4533 2.57133 -0.191109 -0.0368194 0.980878
7.42205 9.32174 2.52225 -0.192042 -0.0474677 0.980238
7.42073 8.19794 2.45836 -0.194363 -0.059013 0.979153
7.42034 7.16093 2.36902 -0.178948 -0.113783 0.977224
7.38919 5.97698 2.18998 -0.18118 -0.158354 0.970617
7.41924 4.84989 2.00859 -0.178633 -0.165051 0.969965
7.4202 3.84549 1.81648 -0.196015 -0.225763 0.95399
7.40838 2.77733 1.51323 -0.178226 -0.29833 0.937657
7.40203 1.77481 1.18643 -0.170396 -0.308174 0.935945
7.36249 0.674579 0.804589 -0.166475 -0.325481 0.930778
6.31572 0.563866 0.586388 -0.147613 -0.334032 0.930931
5.24137 0.564675 0.457133 -0.0858574 -0.324345 0.942034
4.14946 0.560602 0.382677 -0.0180938 -0.32492 0.945568
2.94068 0.565081 0.435305 0.0683453 -0.321283 0.944513
1.92078 0.561954 0.536394 0.131564 -0.325298 0.936415
0.864645 0.585071 0.715052 0.15847 -0.325896 0.932029
0.605339 1.56386 1.0947 0.163024 -0.310209 0.936586
0.597954 2.51975 1.40658 0.167775 -0.296602 0.940148
0.576405 3.57544 1.72547 0.179718 -0.242244 0.953425
0.598784 4.62597 1.95092 0.175434 -0.182374 0.967451
0.570232 5.70026 2.15118 0.182158 -0.169211 0.968581
0.557458 6.69961 2.32315 0.187694 -0.154673 0.969973
0.572751 7.74234 2.4466 0.202936 -0.0888405 0.975154
0.583719 8.79296 2.5368 0.208056 -0.082369 0.974638
0.586686 9.89771 2.62471 0.219392 -0.0760403 0.972669
0.582582 10.9354 2.69094 0.239159 -0.0446702 0.969952
0.596369 11.9694 2.73223 0.244261 -0.0455607 0.968639
0.588751 13.0571 2.78317 0.258805 -0.0441648 0.964919
0.548304 14.093 2.84341 0.267689 -0.050784 0.962164
0.586137 15.1405 2.89154 0.265267 -0.0600015 0.962306
0.567581 16.192 2.95692 0.268923 -0.0508146 0.961818
0.579302 17.2054 3.01534 0.305316 -0.0664271 0.949931
0.571961 18.3558 3.11434 0.324542 -0.0810827 0.942387
0.551217 19.5092 3.21776 0.342637 -0.0726269 0.936656
0.55612 20.6091 3.26386 0.376098 -0.0406932 0.925686
0.585358 21.6408 3.29374 0.398318 -0.0340638 0.916615
0.606651 22.6523 3.31792 0.385508 -0.0298632 0.922203
0.604971 23.7076 3.33403 0.373904 0.00496614 0.927445
0.572651 24.3741 3.33963 0.37578 0.0113999 0.926639
2.07194 24.4827 2.75758 0.320511 -0.00639614 0.947223
3.22242 24.4923 2.45056 0.182251 0.00478947 0.98324
4.30358 24.4952 2.35567 -0.0163576 -0.0214048 0.999637
5.31708 24.4924 2.45009 -0.167022 -0.0298471 0.985501
5.89199 24.4866 2.5678 -0.239513 -0.00609012 0.970874
5.85207 23.567 2.54922 -0.236293 -0.009005 0.97164
4.81931 23.5704 2.38612 -0.0770522 0.0142761 0.996925
3.68228 23.5697 2.38837 0.0596081 0.0321368 0.997704
2.6182 23.5658 2.56932 0.272519 -0.0380723 0.961397
2.13191 23.563 2.72421 0.355225 -0.00477604 0.934769
2.18126 22.6435 2.69753 0.327632 -0.0447099 0.943747
3.25001 22.6478 2.4274 0.10957 -0.00665351 0.993957
4.40221 22.6522 2.36677 -0.0178138 -0.00508773 0.999828
5.54936 22.6499 2.47936 -0.143393 0.00964876 0.989619
5.94073 22.6485 2.56125 -0.257873 0.000133662 0.966179
5.93021 21.7308 2.55324 -0.257692 0.00195556 0.966225
4.93969 21.7329 2.39292 -0.0855785 -0.00999205 0.996281
3.79964 21.7327 2.35748 0.0697073 0.00993767 0.997518
2.80553 21.7275 2.52316 0.204784 0.0229166 0.978539
2.09616 21.7221 2.71536 0.299165 -0.0453469 0.953123
2.02439 20.8013 2.72119 0.294234 -0.0214556 0.955492
3.0269 20.8128 2.46236 0.180672 -0.00460761 0.983533
4.16123 20.8162 2.34088 0.0401739 0.0166809 0.999053
5.16157 20.8174 2.41466 -0.112573 0.00409641 0.993635
5.92371 20.8148 2.55104 -0.227184 -0.0135756 0.973757
5.79031 19.8999 2.51744 -0.2213 -0.0137348 0.975109
4.75338 19.9028 2.36919 -0.0581183 0.0203027 0.998103
3.65979 19.9016 2.37616 0.0551299 0.0195678 0.998287
2.57882 19.8923 2.53823 0.230136 -0.0158237 0.97303
2.05292 19.8856 2.68862 0.304711 -0.0352412 0.951793
2.04684 18.9726 2.65864 0.295509 -0.0408631 0.954466
3.02701 18.983 2.43247 0.168325 0.00595762 0.985714
4.16485 18.9894 2.34396 0.0149523 -0.0194454 0.999699
5.17304 18.9898 2.40231 -0.128236 0.00638659 0.991723
5.75274 18.9883 2.50523 -0.201303 -0.00509814 0.979516
5.83562 18.077 2.51945 -0.165634 -0.0302255 0.985724
4.8226 18.0804 2.36984 -0.0893245 0.0160986 0.995872
3.81374 18.0789 2.34531 0.0774467 0.0102804 0.996943
2.65097 18.0694 2.49418 0.170613 -0.00560431 0.985322
2.10753 18.0639 2.60991 0.269608 -0.0122161 0.962893
2.18009 17.1583 2.56402 0.193994 -0.0245022 0.980697
3.1845 17.1666 2.39762 0.105417 -0.03524 0.993803
4.2086 17.1709 2.33591 -0.0266634 -0.0171121 0.999498
5.23056 17.172 2.40658 -0.116777 -0.0285818 0.992747
5.73139 17.1704 2.47885 -0.162285 -0.027294 0.986366
5.83458 16.2657 2.47617 -0.17753 -0.0230402 0.983846
4.75863 16.268 2.34012 -0.0807575 -0.00689193 0.99671
3.64333 16.2651 2.34011 0.0235364 0.0129256 0.999639
2.58172 16.2587 2.46053 0.191442 -0.000134243 0.981504
2.27333 16.2556 2.5205 0.220143 -0.0443577 0.974458
2.09799 15.3526 2.51766 0.213604 -0.0368683 0.976224
3.0877 15.3613 2.36537 0.110712 -0.0214303 0.993621
4.21583 15.3651 2.3164 -0.0117154 -0.0169888 0.999787
5.28227 15.3656 2.37727 -0.127503 -0.0360784 0.991182
5.8644 15.3636 2.45746 -0.152641 -0.0455633 0.987231
5.71838 14.4645 2.39752 -0.110128 -0.0404663 0.993093
4.65761 14.466 2.30573 -0.064439 -0.0401833 0.997112
3.58042 14.464 2.30281 0.0763346 -0.0268703 0.99672
2.50485 14.4572 2.41207 0.119849 -0.0324502 0.992262
2.17985 14.4544 2.46101 0.170296 -0.0621544 0.983431
2.11253 13.5545 2.43995 0.193073 -0.0106552 0.981127
3.14639 13.563 2.30876 0.10426 -0.0303918 0.994086
4.16606 13.5676 2.25648 0.00949247 -0.0407603 0.999124
5.17498 13.5665 2.31503 -0.0905457 -0.0345784 0.995292
5.84736 13.5648 2.3821 -0.106369 -0.0366739 0.99365
5.78376 12.6663 2.36028 -0.143203 -0.0274046 0.989314
4.7264 12.6684 2.25347 -0.0355995 -0.028312 0.998965
3.71239 12.6667 2.24376 0.0271182 -0.0351069 0.999016
2.69128 12.661 2.32243 0.120305 -0.0472411 0.991612
2.17127 12.6562 2.40358 0.191666 -0.0248516 0.981145
2.33499 11.7603 2.34617 0.167904 -0.0271714 0.985429
3.53735 11.7693 2.22044 0.0476128 -0.0253547 0.998544
4.65043 11.772 2.21889 -0.0555088 -0.039127 0.997691
5.73294 11.7689 2.32283 -0.143804 -0.0327788 0.989063
5.85376 10.8717 2.30572 -0.13403 -0.0256103 0.990646
4.79875 10.8752 2.19927 -0.0803941 -0.0463659 0.995684
3.65262 10.8741 2.17712 0.0644939 -0.0567993 0.9963
2.65528 10.8671 2.26756 0.125433 -0.02538 0.991777
2.23283 10.8628 2.32645 0.167684 -0.0184513 0.985668
2.27063 9.96778 2.27454 0.148089 -0.0620371 0.987026
3.41462 9.9791 2.13663 0.10535 -0.0476773 0.993292
4.43676 9.98139 2.12747 -0.0804455 -0.0564348 0.99516
5.60237 9.97652 2.23953 -0.112946 -0.0537486 0.992146
5.92363 9.97492 2.27695 -0.151859 -0.0486453 0.987204
5.85263 9.08048 2.21851 -0.138232 -0.0647856 0.988279
4.75634 9.0865 2.10895 -0.0854632 -0.0500741 0.995082
3.62826 9.08666 2.07638 0.0352983 -0.0291576 0.998951
2.47738 9.07605 2.18689 0.13369 -0.059566 0.989232
2.1883 9.07255 2.22647 0.16865 -0.0570521 0.984024
2.12884 8.17859 2.17869 0.160462 -0.0747678 0.984206
3.26033 8.19146 2.0594 0.0761997 -0.0479223 0.99594
4.26882 8.19553 2.03364 -0.0402591 -0.0535539 0.997753
5.3894 8.19007 2.11894 -0.107711 -0.0563166 0.992586
5.9084 8.18509 2.18097 -0.127099 -0.0594217 0.990109
5.87945 7.29291 2.11046 -0.141927 -0.100172 0.984796
4.7118 7.30488 1.9949 -0.0797758 -0.0923957 0.992521
3.6871 7.30595 1.97353 0.0327607 -0.116827 0.992612
2.61381 7.29557 2.0486 0.0913086 -0.107831 0.989967
2.16538 7.28896 2.09775 0.138131 -0.104506 0.984885
2.07673 6.40259 1.99286 0.147277 -0.153888 0.977051
3.16185 6.41922 1.88756 0.0693077 -0.150711 0.986145
4.18954 6.4249 1.85597 -0.0124619 -0.145629 0.989261
5.35666 6.41453 1.93643 -0.0934042 -0.148406 0.984506
5.83307 6.40746 1.98864 -0.126677 -0.139679 0.98206
5.88706 5.52469 1.85014 -0.118235 -0.170099 0.978308
4.75713 5.54157 1.74741 -0.0823807 -0.158646 0.983893
3.73677 5.5468 1.71039 0.0142861 -0.173518 0.984727
2.66372 5.5329 1.78619 0.0923741 -0.160056 0.982776
2.0939 5.52176 1.84573 0.122841 -0.158963 0.979613
2.19727 4.64441 1.68466 0.132405 -0.190016 0.972812
3.34434 4.66542 1.58781 0.0690451 -0.1727 0.982551
4.46072 4.66733 1.58304 -0.0509178 -0.174375 0.983362
5.45863 4.6528 1.65714 -0.120421 -0.170826 0.977915
5.927 4.64152 1.71351 -0.14083 -0.168544 0.975582
5.8819 3.76949 1.52443 -0.119368 -0.221621 0.967799
4.75192 3.79324 1.42482 -0.0648484 -0.257119 0.964202
3.75285 3.79883 1.39942 0.0305397 -0.232199 0.972189
2.74651 3.78384 1.45768 0.0767671 -0.21609 0.973351
2.08207 3.76879 1.5177 0.111493 -0.242377 0.963755
2.2182 2.913 1.26988 0.105743 -0.275942 0.95534
3.22115 2.93792 1.18344 0.0791107 -0.289632 0.953863
4.24118 2.94584 1.15741 -0.0110424 -0.293923 0.955765
5.39318 2.92349 1.23817 -0.084947 -0.285656 0.95456
5.92256 2.90882 1.291 -0.137108 -0.280596 0.949983
5.7422 2.06236 1.00745 -0.109898 -0.300415 0.947456
4.68121 2.09128 0.914338 -0.0737207 -0.300789 0.950837
3.67822 2.09774 0.893229 0.0484046 -0.303863 0.951485
2.63403 2.07543 0.962987 0.0859303 -0.304705 0.948563
2.23215 2.06376 0.999906 0.104086 -0.303087 0.947262
2.09275 25.4048 2.74088 0.343258 -0.0052302 0.939227
3.06043 25.4192 2.48567 0.193835 0.0184872 0.98086
4.05723 25.4262 2.35441 0.048132 -0.0306713 0.99837
5.19756 25.4189 2.43288 -0.131168 0.00619535 0.991341
5.80868 25.4105 2.54321 -0.243391 -0.00177522 0.969927
5.87021 26.3443 2.55949 -0.273052 0.00673035 0.961976
4.78899 26.3654 2.38894 -0.0126304 -0.0704113 0.997438
3.67116 26.3648 2.40735 0.0388165 -0.0266466 0.998891
2.61776 26.3434 2.58452 0.240119 0.0247973 0.970427
2.22062 26.3353 2.70582 0.352435 -0.0325684 0.93527
2.82254 27.2975 2.53106 0.201051 -0.0543377 0.978072
3.83419 27.3254 2.40273 -0.0400573 0.0282089 0.998799
4.92489 27.3201 2.47823 -0.145946 -0.0705768 0.986772
5.64014 27.2947 2.60056 -0.174639 -0.106081 0.978901
4.7452 28.2919 2.51041 -0.242936 -0.00628881 0.970022
3.7166 28.3001 2.38137 0.217603 -0.059611 0.974215
3.70091 28.2989 2.38747 0.367566 -0.153599 0.917225
