2.68383 1.39254 1.89646 0.0950804 -0.30097 0.948874
3.67973 1.87302 1.97719 0.0134126 -0.330705 0.943639
4.65999 1.63997 1.9224 -0.0866117 -0.295626 0.951369
5.16048 1.25027 1.8449 -0.0892695 -0.303595 0.948595
4.09941 1.14563 1.73682 -0.0111333 -0.311438 0.949371
2.87904 1.21969 1.82519 0.0789613 -0.301665 0.950139
2.68443 1.36852 1.88867 0.0879458 -0.302352 0.949099
2.24968 2.00748 2.13106 0.101163 -0.288957 0.951982
1.39385 1.33447 2.03941 0.153813 -0.296656 0.942516
0.688775 0.558441 1.91299 0.162917 -0.303736 0.938721
1.65507 0.453893 1.71902 0.142522 -0.306234 0.941227
2.75452 0.460977 1.58937 0.0961833 -0.321182 0.94212
3.78583 0.434982 1.50842 0.0100666 -0.304206 0.952294
4.86676 0.461035 1.5578 -0.0669167 -0.317506 0.945851
5.88267 0.4789 1.67255 -0.112539 -0.31625 0.941977
7.03409 0.479789 1.85651 -0.166313 -0.302645 0.938474
6.77454 1.07726 2.00253 -0.159092 -0.295925 0.941869
5.95182 1.80151 2.10107 -0.120607 -0.300515 0.946012
5.05018 2.32027 2.17192 -0.0865139 -0.299804 0.95007
4.05692 2.69539 2.22287 -0.0257327 -0.290375 0.956284
3.00894 2.4055 2.18682 0.0801294 -0.299263 0.9508
2.44385 2.13299 2.14852 0.0932682 -0.289062 0.952723
2.28943 2.03458 2.13506 0.101163 -0.288958 0.951982
