1.50666 25.5824 2.67755 0.3448 -0.00795653 0.938547
1.5355 24.3831 2.67907 0.361514 0.0110629 0.9323
1.50684 23.21 2.6927 0.371303 -0.00788039 0.928471
1.53265 22.0612 2.64848 0.365536 -0.0265031 0.93042
1.54851 20.9517 2.62411 0.3398 -0.0194015 0.940298
1.53792 19.9181 2.60196 0.332819 -0.0315552 0.942463
1.57363 18.9033 2.54095 0.312305 -0.047768 0.94878
1.57631 17.8565 2.48512 0.267323 -0.0497064 0.962324
1.57621 16.7348 2.4391 0.258143 -0.0232793 0.965755
1.59423 15.6522 2.38658 0.240464 -0.0575674 0.968949
1.57123 14.6433 2.33016 0.233884 -0.0601135 0.970083
1.57832 13.5944 2.28794 0.216813 -0.0240152 0.975918
1.58505 12.4996 2.25072 0.197335 -0.0152026 0.980218
1.60334 11.4985 2.21472 0.206304 -0.0382937 0.977733
1.60292 10.4417 2.16649 0.202729 -0.0508504 0.977914
1.58659 9.31277 2.10267 0.206114 -0.0750076 0.975626
1.59698 8.27297 2.02335 0.185257 -0.069527 0.980224
1.5747 7.22047 1.92608 0.20071 -0.11374 0.973011
1.57524 6.04914 1.75993 0.154033 -0.156318 0.975622
1.5845 5.02549 1.58564 0.152267 -0.171857 0.973283
1.62721 3.89883 1.35183 0.138901 -0.225227 0.96395
1.63857 2.93229 1.08076 0.137898 -0.271915 0.95239
1.65184 1.90284 0.76031 0.1514 -0.305893 0.939938
2.5157 1.58954 0.548424 0.0943121 -0.307626 0.946772
3.52798 1.7843 0.525943 0.0709492 -0.304449 0.949883
4.5648 1.7926 0.541105 -0.0724633 -0.309386 0.94812
5.58239 1.57435 0.563359 -0.103538 -0.314145 0.943712
6.37097 1.98746 0.805208 -0.160313 -0.30635 0.93832
6.37144 2.95508 1.10665 -0.16359 -0.271946 0.948306
6.386 3.99228 1.39023 -0.157853 -0.226347 0.960704
6.38348 5.06573 1.59868 -0.163487 -0.158674 0.973701
6.3693 6.16129 1.77796 -0.171947 -0.14625 0.974142
6.3534 7.25899 1.91955 -0.168516 -0.0923258 0.981366
6.35239 8.44694 2.01316 -0.174335 -0.0732595 0.981957
6.35728 9.5211 2.07088 -0.1819 -0.046965 0.982195
6.36272 10.6248 2.1195 -0.182332 -0.0357091 0.982588
6.33852 11.6665 2.15654 -0.166692 -0.0328095 0.985463
6.3782 12.7634 2.19591 -0.169603 -0.0185691 0.985308
6.37748 13.8497 2.21794 -0.166989 -0.0330064 0.985124
6.3682 14.8845 2.26409 -0.174805 -0.0385268 0.983849
6.37561 16.0015 2.30921 -0.180832 -0.0303701 0.983042
6.39587 17.0061 2.33858 -0.200733 -0.0279972 0.979246
6.39777 18.2157 2.37205 -0.20939 -0.0273346 0.977446
6.40571 19.3164 2.40261 -0.242106 -0.0145679 0.97014
6.41295 20.4774 2.41545 -0.270017 -0.00397334 0.962847
6.39575 21.4799 2.41824 -0.261169 0.0013035 0.965292
6.40682 22.6447 2.42022 -0.281751 0.000486263 0.959487
6.41081 23.6615 2.42546 -0.279927 -0.00745698 0.959992
6.45122 24.6617 2.44279 -0.261733 -0.00640249 0.965119
6.47567 25.7082 2.46425 -0.312216 -0.00579725 0.949993
6.48048 26.8263 2.52084 -0.347715 -0.0680568 0.935127
6.36312 27.8429 2.62755 -0.335622 -0.157847 0.928677
5.70575 28.658 2.50994 -0.325319 -0.138626 0.935388
4.9291 29.3545 2.42929 -0.400388 -0.346246 0.848412
4.02441 29.5264 2.30381 0.339004 -0.551543 0.762152
3.11705 28.979 2.47184 0.36806 -0.397997 0.840316
2.31446 28.0915 2.53909 0.460762 -0.207039 0.863037
1.63915 27.1903 2.71201 0.468192 -0.12466 0.874789
1.51204 26.1268 2.6871 0.382819 -0.0525309 0.92221
1.507 25.8282 2.68253 0.351161 -0.0194523 0.936113
0.552627 25.8523 3.07599 0.379487 -0.0223278 0.924928
0.57258 26.8557 3.15578 0.434181 -0.131628 0.891157
0.953422 27.8757 3.21912 0.422859 -0.25755 0.868825
1.67449 28.7045 3.08219 0.52273 -0.320918 0.789105
2.38011 29.5177 3.02558 0.496831 -0.38363 0.778451
3.19776 30.1299 3.02665 0.247213 -0.622676 0.742401
4.22437 30.3604 2.99163 -0.0135396 -0.753212 0.657183
5.23351 30.2299 3.0411 -0.495129 -0.50595 0.706302
6.01609 29.5629 3.07244 -0.479629 -0.460076 0.74597
6.78387 28.8038 3.11824 -0.534725 -0.345828 0.77102
7.37686 27.953 3.14342 -0.486554 -0.274445 0.829425
7.4262 26.8075 2.8788 -0.404576 -0.148826 0.902313
7.43203 25.6155 2.79089 -0.333395 -0.0468315 0.941569
7.42838 24.4697 2.7418 -0.296259 -0.0240213 0.954806
7.39552 23.3218 2.71937 -0.293519 -0.00128541 0.955952
7.43158 22.2961 2.72789 -0.301383 -0.00545421 0.953479
7.40567 21.157 2.71067 -0.302143 -0.0105253 0.953205
7.41397 20.063 2.69693 -0.284757 -0.014995 0.958482
7.4099 19.0623 2.66583 -0.263269 -0.0323804 0.964169
7.40395 17.8584 2.61394 -0.246565 -0.0419233 0.968219
7.42071 16.8281 2.5615 -0.224899 -0.0519861 0.972969
7.38286 15.6086 2.49721 -0.201013 -0.0412979 0.978717
7.3989 14.4819 2.4492 -0.203018 -0.0444617 0.978163
7.42146 13.4411 2.41171 -0.200187 -0.0326796 0.979207
7.40538 12.3965 2.37478 -0.186038 -0.0305881 0.982062
7.37803 11.3356 2.33569 -0.188029 -0.0305953 0.981687
7.38218 10.2607 2.29861 -0.190023 -0.0377068 0.981054
7.39854 9.14173 2.25247 -0.18969 -0.0467168 0.980732
7.40305 7.93502 2.17806 -0.190309 -0.0683456 0.979342
7.37841 6.77938 2.05794 -0.190292 -0.132358 0.972764
7.38836 5.72016 1.89127 -0.179188 -0.162355 0.970326
7.41513 4.61986 1.70445 -0.178305 -0.179784 0.967355
7.40048 3.46792 1.45386 -0.175446 -0.265126 0.947922
7.38854 2.49986 1.15243 -0.168403 -0.303259 0.93791
7.38965 1.52044 0.828724 -0.167735 -0.320125 0.932408
7.08736 0.607657 0.457525 -0.165242 -0.327838 0.93017
6.03883 0.584503 0.276502 -0.122224 -0.326352 0.937208
4.98932 0.664114 0.199704 -0.0756487 -0.321485 0.943858
4.00413 0.871568 0.21571 -0.00289014 -0.298614 0.953866
2.98828 0.661241 0.195574 0.071578 -0.320548 0.944489
1.82858 0.584924 0.287535 0.140187 -0.334093 0.932047
0.790155 0.596934 0.458789 0.1582 -0.325549 0.932197
0.599529 1.54093 0.817451 0.156792 -0.318429 0.93489
0.61484 2.49446 1.12859 0.162684 -0.304054 0.938656
0.590576 3.45897 1.43039 0.169661 -0.261881 0.94988
0.594046 4.53794 1.67119 0.180734 -0.190897 0.964828
0.568714 5.63365 1.8797 0.180873 -0.170516 0.968612
0.57656 6.64357 2.05208 0.20186 -0.1332 0.970314
0.588673 7.86409 2.19363 0.204343 -0.0913795 0.974625
0.588066 8.88722 2.28428 0.206866 -0.0846626 0.974699
0.570978 9.94187 2.37297 0.223718 -0.0730792 0.97191
0.591769 10.9865 2.43125 0.236854 -0.0421973 0.970628
0.5922 12.0822 2.47601 0.250446 -0.0371725 0.967417
0.590327 13.1319 2.52223 0.260816 -0.0456332 0.964309
0.575548 14.2508 2.58197 0.268775 -0.0531489 0.961735
0.598593 15.422 2.64281 0.267571 -0.0549138 0.961972
0.590393 16.4431 2.7004 0.272885 -0.0515094 0.960664
0.580347 17.5692 2.77823 0.302381 -0.0724685 0.950414
0.584929 18.5847 2.86006 0.32894 -0.084188 0.940591
0.555155 19.6781 2.9516 0.34758 -0.0565226 0.935869
0.563182 20.7086 2.99498 0.377726 -0.0357019 0.925229
0.582153 21.7749 3.02536 0.392808 -0.0271207 0.91922
0.562547 22.8547 3.06706 0.372594 -0.0195904 0.927788
0.57095 23.9713 3.0686 0.374585 0.00971606 0.927142
0.5575 25.1851 3.06261 0.373593 -0.00219843 0.92759
0.553899 25.6557 3.07072 0.379488 -0.0223274 0.924927
1.99235 25.7178 2.4998 0.353715 0.00829894 0.935316
3.02808 25.7439 2.20857 0.210886 0.0154412 0.977389
4.08718 25.7601 2.08842 0.0374281 -0.0189011 0.999121
5.14536 25.7533 2.14636 -0.16711 0.0146752 0.985829
5.7879 25.7396 2.25531 -0.242467 0.0286811 0.969736
5.90914 24.8006 2.30719 -0.220572 -0.00673004 0.975348
4.91064 24.8109 2.13996 -0.126211 0.0232117 0.991732
3.86877 24.8095 2.09982 0.0879096 0.00582074 0.996111
2.67874 24.7988 2.30741 0.225442 -0.016862 0.974111
2.07425 24.7886 2.47739 0.33706 0.00860484 0.941444
2.06493 23.8568 2.48247 0.345254 -0.00168363 0.938508
3.09448 23.867 2.19163 0.170109 -0.0291034 0.984995
4.20133 23.8713 2.0921 0.00524108 0.0301176 0.999533
5.32143 23.8703 2.1784 -0.147931 -0.0232701 0.988724
5.78082 23.8679 2.26548 -0.23412 -0.0217266 0.971965
5.87517 22.9364 2.28452 -0.224288 -0.0267096 0.974157
4.79449 22.9395 2.1247 -0.0663261 0.0180308 0.997635
3.79489 22.9375 2.1161 0.0489955 -0.0127851 0.998717
2.73386 22.9316 2.27563 0.239323 0.0475145 0.969777
2.06559 22.9258 2.48054 0.304647 -0.00387046 0.952457
2.06311 21.9945 2.45342 0.277307 0.000121861 0.960781
3.18987 22.0038 2.18226 0.181361 -0.013098 0.983329
4.29794 22.0096 2.08905 -0.00916725 -0.0340662 0.999378
5.37579 22.0107 2.18739 -0.129795 0.0334786 0.990975
5.85639 22.0091 2.2748 -0.216572 0.0207879 0.976045
5.83673 21.0821 2.27419 -0.204186 0.0227514 0.978668
4.80902 21.0825 2.11399 -0.0779925 0.00796683 0.996922
3.80846 21.0817 2.09743 0.0604431 -0.0156018 0.99805
2.75288 21.0758 2.26554 0.224857 -0.0236367 0.974105
2.15117 21.0697 2.41905 0.260951 -0.0254688 0.965016
2.05573 20.1424 2.4324 0.304925 -0.0317581 0.951847
3.07377 20.1533 2.17317 0.192946 -0.0231709 0.980936
4.12188 20.1584 2.10172 0.0255744 0.00959685 0.999627
5.17081 20.1577 2.14295 -0.133822 0.0154926 0.990884
5.8229 20.1572 2.27112 -0.217766 -0.0051073 0.975988
5.86076 19.2347 2.26641 -0.234322 -0.00146828 0.972158
4.79534 19.2369 2.11332 -0.0341621 -0.0140668 0.999317
3.63743 19.2313 2.11451 0.0771055 0.0196163 0.99683
2.64479 19.226 2.25204 0.213377 -0.0251725 0.976646
2.13026 19.2197 2.37881 0.27153 -0.0384568 0.961661
2.14513 18.301 2.34581 0.213296 -0.00757391 0.976958
3.27266 18.3116 2.13331 0.163008 -0.00270689 0.986621
4.28939 18.3162 2.07704 -0.0593584 -0.00873572 0.998199
5.29187 18.316 2.16792 -0.131621 -0.000200789 0.9913
5.76457 18.3149 2.24401 -0.185484 -0.0245856 0.98234
5.71127 17.3987 2.21843 -0.153021 -0.0173158 0.988071
4.70405 17.4001 2.09396 -0.0622575 -0.0356335 0.997424
3.57515 17.3972 2.09006 0.0961456 -0.0158467 0.995241
2.51153 17.389 2.24687 0.181611 -0.0264997 0.983013
2.19946 17.3857 2.30661 0.197997 -0.023776 0.979914
2.24356 16.4727 2.2691 0.206344 -0.0170769 0.97833
3.2845 16.482 2.10957 0.0941281 -0.0264202 0.995209
4.33476 16.4864 2.07455 -0.0259667 -0.000754655 0.999663
5.40628 16.4851 2.14799 -0.111772 -0.0315474 0.993233
5.74463 16.4836 2.20619 -0.182578 -0.0289994 0.982764
5.83134 15.5707 2.19684 -0.169247 -0.0368822 0.984883
4.63369 15.5718 2.07109 -0.0464738 -0.0324315 0.998393
3.62544 15.5705 2.06374 0.0431721 -0.0227479 0.998809
2.59998 15.5652 2.16897 0.134689 -0.0172721 0.990737
2.26667 15.5619 2.22735 0.200491 -0.055132 0.978143
2.08324 14.649 2.22707 0.191949 -0.0479126 0.980235
3.21968 14.6575 2.07262 0.10511 -0.0193347 0.994273
4.24662 14.662 2.03114 0.00247942 -0.0268002 0.999638
5.27111 14.6613 2.10507 -0.102819 -0.0315599 0.994199
5.85605 14.66 2.16767 -0.163281 -0.0514919 0.985235
5.7803 13.7503 2.12706 -0.128874 -0.041332 0.990799
4.71746 13.7525 2.03191 -0.0566174 -0.0291976 0.997969
3.60509 13.7504 2.02104 0.0524554 -0.0383288 0.997887
2.53834 13.7431 2.12259 0.11873 -0.0293484 0.992493
2.22571 13.7403 2.16329 0.156017 -0.0450542 0.986726
2.10945 12.8301 2.15735 0.184695 -0.0269599 0.982426
3.13689 12.839 2.01978 0.0854461 -0.0390173 0.995579
4.18785 12.8431 1.98792 -0.00643271 -0.0170704 0.999834
5.30941 12.8426 2.04524 -0.111328 -0.0369905 0.993095
5.72317 12.8414 2.09484 -0.132031 -0.00355698 0.991239
5.82035 11.933 2.08259 -0.155882 -0.0273129 0.987398
4.63362 11.9356 1.96666 -0.0455539 -0.0432233 0.998026
3.5915 11.9338 1.95923 0.0232979 -0.0427229 0.998815
2.53079 11.9272 2.0592 0.127927 -0.03393 0.991203
2.21151 11.9239 2.11196 0.165811 -0.0368174 0.98547
2.20028 11.0176 2.07807 0.162672 -0.0303467 0.986213
3.32002 11.0271 1.94175 0.0921385 -0.0495164 0.994514
4.48538 11.0299 1.92464 -0.0362531 -0.0368069 0.998665
5.63366 11.0268 2.02877 -0.113372 -0.0276874 0.993167
5.65473 11.0267 2.03128 -0.117935 -0.021421 0.99279
5.67716 10.1212 2.00029 -0.114953 -0.0459033 0.99231
4.56337 10.1253 1.89195 -0.0748196 -0.0462871 0.996122
3.44949 10.1231 1.89201 0.0611997 -0.0734708 0.995418
2.259 10.1128 2.02729 0.134855 -0.0552933 0.989321
2.20054 10.1121 2.03522 0.143315 -0.0616455 0.987755
2.21112 9.20863 1.97638 0.173256 -0.0859228 0.981122
3.22291 9.21855 1.86035 0.0623663 -0.0308799 0.997576
4.37268 9.22252 1.83404 -0.0641943 -0.0625758 0.995974
5.57188 9.21701 1.94052 -0.10393 -0.0531999 0.993161
5.78991 9.21568 1.96552 -0.128713 -0.0552151 0.990144
5.81953 8.31153 1.9209 -0.137834 -0.0596721 0.988656
4.79792 8.31918 1.81662 -0.0805643 -0.0580371 0.995058
3.72227 8.32022 1.78 0.0101928 -0.0608456 0.998095
2.68345 8.3117 1.86233 0.115293 -0.0663576 0.991113
2.12216 8.30404 1.9331 0.142678 -0.0797635 0.98655
2.20359 7.40522 1.84847 0.116797 -0.110663 0.986971
3.27957 7.4179 1.7494 0.0828848 -0.0948375 0.992036
4.38391 7.42165 1.73081 -0.0258349 -0.104455 0.994194
5.38496 7.41457 1.80566 -0.0996869 -0.0798855 0.991807
5.7955 7.40975 1.85317 -0.135349 -0.104358 0.985287
5.66252 6.51549 1.72707 -0.108872 -0.134671 0.984891
4.61042 6.52782 1.6313 -0.0807266 -0.133031 0.987819
3.58827 6.52868 1.61718 0.0252021 -0.157477 0.987201
2.58783 6.51661 1.69465 0.0953505 -0.143577 0.985035
2.10127 6.50822 1.74734 0.106457 -0.136634 0.984885
2.12207 5.61739 1.60326 0.123004 -0.164879 0.978614
3.14217 5.63544 1.50575 0.0787996 -0.162221 0.983603
4.18424 5.64227 1.46966 -0.0338856 -0.147563 0.988472
5.27971 5.63 1.54845 -0.0854309 -0.160323 0.983361
5.77779 5.62138 1.60075 -0.1161 -0.159161 0.980402
5.8555 4.72971 1.45816 -0.129082 -0.181529 0.974877
4.78784 4.74927 1.35852 -0.0880879 -0.172468 0.981068
3.69833 4.75533 1.32331 0.029224 -0.164513 0.985942
2.52893 4.73697 1.41114 0.0885646 -0.171124 0.981261
2.16687 4.72951 1.44627 0.126297 -0.186988 0.97421
2.19418 3.84863 1.25932 0.096341 -0.248922 0.96372
3.21765 3.86901 1.17644 0.0830178 -0.217625 0.972495
4.31152 3.87548 1.15143 -0.0419163 -0.230746 0.972111
5.32688 3.85939 1.22162 -0.0818353 -0.249806 0.964832
5.87613 3.84686 1.27452 -0.107765 -0.236989 0.965517
5.78504 2.97913 1.02964 -0.115133 -0.276915 0.953972
4.63788 3.00618 0.931709 -0.0716727 -0.297058 0.952166
3.5851 3.00975 0.917879 0.0593616 -0.289243 0.955413
2.462 2.9885 0.991743 0.0909082 -0.28973 0.952781
2.22755 2.98143 1.01654 0.1093 -0.290153 0.950718
2.39319 2.12597 0.733502 0.101238 -0.294654 0.950226
2.72159 2.13455 0.706511 0.0889409 -0.303845 0.948561
5.31541 2.13169 0.717931 -0.098356 -0.299535 0.949002
5.65146 2.12133 0.751449 -0.0996423 -0.308901 0.94586
5.91613 26.6843 2.32499 -0.267728 -0.0667046 0.961183
4.88486 26.7159 2.1268 -0.0952083 -0.0637377 0.993415
3.8473 26.7133 2.11953 0.0577678 0.000503249 0.99833
2.78454 26.6872 2.22994 0.242899 0.0393321 0.969254
2.11097 26.6585 2.46339 0.394183 -0.0431008 0.918021
2.60706 27.6515 2.32569 0.390265 -0.110017 0.914106
3.61718 27.7044 2.06856 -0.0464028 0.033612 0.998357
4.82468 27.6967 2.19031 -0.167551 -0.111637 0.979522
5.84222 27.6443 2.41952 -0.300795 -0.157627 0.940572
4.87561 28.7041 2.21389 -0.335091 -0.0853906 0.938308
3.8108 28.7301 2.1122 0.325514 -0.30694 0.894331
3.62393 28.7116 2.18122 0.356749 -0.287968 0.88871
3.56357 28.7061 2.20366 0.349359 -0.285354 0.892481
