1.48786 26.8275 2.64911 0.410255 -0.0995287 0.906524
1.54013 25.737 2.57937 0.364557 -0.0190593 0.930899
1.51004 24.5991 2.59961 0.351945 0.015462 0.9358
1.51194 23.4359 2.60049 0.355428 -0.00962362 0.934654
1.53032 22.393 2.56687 0.355018 -0.02791 0.934191
1.54573 21.3178 2.53684 0.364258 -0.0206565 0.931069
1.49109 20.2289 2.53948 0.336366 -0.024224 0.941419
1.51336 19.0483 2.47891 0.324707 -0.0494245 0.944522
1.52388 18.0468 2.41876 0.301391 -0.0548155 0.951924
1.57515 16.9078 2.35695 0.259511 -0.0324463 0.965192
1.58197 15.8369 2.31108 0.244337 -0.0527523 0.968254
1.57698 14.8293 2.25568 0.229568 -0.0538059 0.971636
1.56391 13.82 2.21445 0.223515 -0.018285 0.974529
1.58656 12.7633 2.17262 0.199453 -0.0368274 0.979215
1.59258 11.6984 2.13554 0.21561 -0.0528557 0.975048
1.5877 10.55 2.08802 0.204713 -0.0572165 0.977148
1.63797 9.39013 2.00964 0.195963 -0.0643879 0.978495
1.59468 8.27302 1.9334 0.19807 -0.0798613 0.976929
1.61565 7.19454 1.82555 0.173008 -0.115834 0.978016
1.58472 6.16986 1.69276 0.165052 -0.146491 0.975345
1.563 5.1732 1.52679 0.156802 -0.165742 0.973623
1.59273 4.13416 1.31836 0.153219 -0.201614 0.967407
1.59351 3.15325 1.06465 0.175676 -0.25409 0.951092
1.60742 2.13724 0.751365 0.14806 -0.297508 0.943008
2.34335 1.77132 0.536603 0.109123 -0.311221 0.944051
3.39187 1.99686 0.518722 0.0658515 -0.319768 0.945205
4.41233 2.01075 0.514389 -0.0263832 -0.324225 0.945612
5.5509 1.81807 0.552823 -0.0987511 -0.30346 0.947713
6.36102 1.97809 0.715281 -0.154942 -0.303016 0.940242
6.38458 3.02631 1.04058 -0.162726 -0.264974 0.950426
6.39946 3.9986 1.30907 -0.165573 -0.228596 0.958923
6.44149 5.04301 1.51615 -0.176817 -0.165259 0.970248
6.42852 6.24086 1.71048 -0.172216 -0.14638 0.974122
6.4042 7.24082 1.83766 -0.162217 -0.0990574 0.981771
6.38912 8.31407 1.92188 -0.190741 -0.0610184 0.979742
6.41448 9.4122 1.9887 -0.18896 -0.0505831 0.980681
6.40802 10.5318 2.0387 -0.177715 -0.0391252 0.983304
6.3493 11.6743 2.07217 -0.170415 -0.0309262 0.984887
6.35311 12.7598 2.10473 -0.17641 -0.0237914 0.984029
6.39779 13.8009 2.13373 -0.175044 -0.0318121 0.983875
6.3667 14.8299 2.17568 -0.173979 -0.0469116 0.983631
6.39562 15.8791 2.2216 -0.178035 -0.0234269 0.983745
6.37318 16.8807 2.23888 -0.192648 -0.0248808 0.98078
6.42628 18.078 2.28627 -0.246844 -0.0325679 0.968508
6.42417 19.1165 2.31605 -0.241072 -0.0211956 0.970276
6.43652 20.1558 2.33414 -0.261446 -0.0146418 0.965107
6.40531 21.206 2.33306 -0.258113 -0.00518107 0.966078
6.44836 22.2476 2.34571 -0.267485 0.00261499 0.963559
6.4475 23.2529 2.34529 -0.282477 -0.00473447 0.959262
6.43686 24.3792 2.34933 -0.251544 -0.0102838 0.967766
6.46786 25.4438 2.36578 -0.293777 -0.00753217 0.955605
6.46395 26.4632 2.40564 -0.30716 -0.0476995 0.950154
6.47587 27.5449 2.52805 -0.387688 -0.158756 0.908017
6.09716 28.4719 2.50483 -0.450134 -0.0922091 0.888188
5.32564 29.2501 2.42754 -0.432226 -0.312912 0.845734
4.50976 29.7967 2.23733 -0.105826 -0.545557 0.815811
3.49536 29.4742 2.36309 0.440829 -0.351101 0.825664
2.62258 28.7695 2.44313 0.234549 -0.329321 0.914623
1.91893 27.9148 2.58129 0.494117 -0.165753 0.853448
1.48916 26.8862 2.65497 0.410255 -0.0995287 0.906524
0.539081 26.8121 3.05025 0.377027 -0.147146 0.911168
0.714159 27.7757 3.21815 0.443206 -0.257661 0.858592
1.45338 28.6438 3.10803 0.50186 -0.423076 0.754416
2.09765 29.4003 3.01657 0.583139 -0.478127 0.656767
2.86567 30.1056 3.00196 0.491212 -0.443692 0.749565
3.86966 30.4607 2.98683 0.159486 -0.806267 0.569647
4.94193 30.5511 2.97324 0.0372672 -0.762145 0.636847
5.75127 29.9728 3.06875 -0.489054 -0.509412 0.706397
6.50035 29.2189 3.07642 -0.489513 -0.443748 0.74908
7.2197 28.4907 3.15131 -0.512802 -0.310915 0.799098
7.43559 27.5413 2.9494 -0.443125 -0.255679 0.859226
7.41253 26.4945 2.74502 -0.35985 -0.0832526 0.929288
7.42798 25.4276 2.68789 -0.32414 -0.0542719 0.944451
7.41662 24.3987 2.64586 -0.300127 -0.0202782 0.953684
7.43006 23.187 2.63964 -0.293903 -0.00336213 0.955829
7.43548 22.017 2.63762 -0.300228 -0.00936129 0.953822
7.42984 20.894 2.62716 -0.29123 -0.0139006 0.956537
7.41494 19.8694 2.60637 -0.281965 -0.018221 0.959245
7.39332 18.7816 2.56149 -0.253519 -0.037595 0.9666
7.41465 17.7424 2.52253 -0.241754 -0.0491075 0.969094
7.36525 16.7132 2.45537 -0.222846 -0.0425319 0.9739
7.41799 15.5641 2.41601 -0.203531 -0.0424393 0.978145
7.39198 14.5012 2.36274 -0.201833 -0.0447782 0.978392
7.41261 13.3303 2.32082 -0.19588 -0.0329694 0.980074
7.37585 12.263 2.27999 -0.184911 -0.0319435 0.982236
7.40526 11.105 2.24768 -0.189777 -0.0318183 0.981311
7.40415 10.0803 2.20996 -0.190239 -0.0382926 0.980991
7.40742 9.0567 2.16425 -0.192279 -0.0466732 0.98023
7.38241 7.9757 2.09193 -0.192973 -0.0670341 0.978905
7.42349 6.90357 1.99684 -0.185301 -0.130086 0.97401
7.41381 5.85934 1.83236 -0.182763 -0.161257 0.969842
7.41462 4.82402 1.65776 -0.17142 -0.171874 0.97009
7.39908 3.82333 1.45558 -0.184842 -0.230532 0.955347
7.40048 2.80118 1.16414 -0.177038 -0.29404 0.939178
7.40341 1.84501 0.850628 -0.165201 -0.315191 0.934539
7.39789 0.87859 0.516715 -0.163005 -0.326959 0.930874
6.52836 0.623023 0.275485 -0.154774 -0.335088 0.929387
5.46055 0.835804 0.209956 -0.0965865 -0.32494 0.940784
4.43796 1.02854 0.190789 -0.0518127 -0.309509 0.949211
3.33697 1.01097 0.200381 0.0688478 -0.310963 0.947925
2.21353 0.764798 0.210749 0.106837 -0.328883 0.938262
1.0411 0.582757 0.318759 0.158374 -0.326457 0.931849
0.594744 1.21585 0.61579 0.156632 -0.323018 0.93334
0.593236 2.20902 0.951441 0.160067 -0.310766 0.936911
0.593741 3.17073 1.25699 0.180268 -0.29302 0.938958
0.59073 4.1965 1.51864 0.170487 -0.207613 0.963188
0.576112 5.38959 1.74913 0.174799 -0.173211 0.969235
0.587181 6.41653 1.92876 0.190591 -0.167879 0.967153
0.619956 7.50651 2.06654 0.199888 -0.10135 0.974563
0.5866 8.55266 2.16846 0.208804 -0.0850099 0.974256
0.615832 9.55994 2.24587 0.218188 -0.0810587 0.972531
0.596612 10.6282 2.32379 0.232227 -0.051174 0.971312
0.589991 11.7865 2.37719 0.245699 -0.0377038 0.968601
0.583707 12.7951 2.42088 0.262071 -0.0435121 0.964067
0.577383 13.8806 2.47365 0.26824 -0.0494715 0.962077
0.599724 14.9426 2.52676 0.270809 -0.0583325 0.960864
0.576655 15.9435 2.58929 0.268194 -0.0494852 0.962093
0.572766 17.1796 2.66302 0.294651 -0.0550385 0.954019
0.559388 18.2275 2.74822 0.32217 -0.0823275 0.943095
0.561612 19.3679 2.83935 0.34667 -0.0634244 0.935783
0.563769 20.4762 2.89406 0.362953 -0.0426304 0.930832
0.581008 21.4839 2.92535 0.378933 -0.0376124 0.924659
0.543225 22.64 2.97695 0.385559 -0.0262152 0.922311
0.56109 23.7445 2.98243 0.376259 0.00967531 0.926464
0.551783 24.7806 2.97451 0.378517 0.00456144 0.925583
0.583195 25.8982 2.96756 0.382913 -0.028826 0.923169
0.551678 26.6051 3.02865 0.367307 -0.0788376 0.926668
2.03784 26.776 2.40228 0.384582 -0.00967992 0.92304
2.98566 26.8216 2.08967 0.141959 0.0671637 0.987591
4.03574 26.8467 2.01346 -0.0160068 0.0155718 0.999751
5.04441 26.8423 2.06812 -0.0554976 -0.0719014 0.995867
5.85801 26.8132 2.23577 -0.263486 -0.0655823 0.962431
5.82176 25.8603 2.17748 -0.275026 -0.0516579 0.960048
4.74404 25.8811 2.01 -0.110047 0.0114563 0.99386
3.73288 25.8792 2.03611 0.0890049 -0.00326484 0.996026
2.56708 25.8489 2.23116 0.229112 0.0512149 0.972052
2.12202 25.8367 2.36809 0.332306 -0.0020144 0.94317
2.01126 24.8988 2.4086 0.323823 0.0195108 0.945916
3.01387 24.9149 2.13375 0.219755 -0.00780325 0.975524
4.01543 24.9263 1.99825 0.0793989 0.00175223 0.996841
5.09016 24.9239 2.07021 -0.133929 0.028882 0.99057
5.94395 24.9122 2.22871 -0.221656 0.00833788 0.975089
5.7909 23.9775 2.18517 -0.214903 -0.0182514 0.976465
4.80484 23.9813 2.02202 -0.080035 -0.03593 0.996144
3.78948 23.9799 2.02727 0.040166 -0.024123 0.998902
2.75659 23.9737 2.17398 0.220238 -0.0186451 0.975268
2.15836 23.9667 2.36045 0.329317 -0.0126679 0.944134
2.03061 23.0311 2.3982 0.344258 -0.0146704 0.938761
3.07014 23.0398 2.11539 0.180957 0.0107025 0.983433
4.14606 23.0449 2.01425 -0.00914142 -0.00711803 0.999933
5.15292 23.0468 2.06558 -0.111504 0.0082967 0.993729
5.9147 23.0454 2.20305 -0.237064 0.0052915 0.97148
5.79263 22.1143 2.18084 -0.213572 0.0161022 0.976795
4.66136 22.1155 2.02784 -0.0607777 0.017262 0.998002
3.57416 22.1099 2.03645 0.141701 -0.00857624 0.989872
2.50708 22.1044 2.23873 0.262437 0.00240107 0.964946
2.12049 22.1013 2.35991 0.301642 -0.0212483 0.953185
2.04783 21.1699 2.36532 0.278385 -0.0392521 0.959667
3.0328 21.1794 2.12408 0.17389 -0.019171 0.984579
4.06329 21.1829 1.99795 0.0182647 -0.0253571 0.999512
5.1216 21.1837 2.05696 -0.0814403 -0.0280039 0.996285
5.85614 21.183 2.19076 -0.246435 -0.0027687 0.969155
5.7577 20.2549 2.16437 -0.232932 -0.0157547 0.972365
4.69554 20.2559 2.01101 -0.0249518 0.00171621 0.999687
3.52922 20.2533 2.03928 0.0786764 0.00162137 0.996899
2.46911 20.2454 2.22487 0.243392 -0.0495868 0.96866
1.99157 20.24 2.36442 0.324002 -0.0273715 0.94566
2.06306 19.3141 2.31085 0.305429 -0.0532621 0.950724
3.12746 19.324 2.07404 0.12986 0.00433809 0.991523
4.20983 19.3292 2.00253 0.00254641 0.00195571 0.999995
5.25353 19.3296 2.079 -0.146038 -0.0259413 0.988939
5.785 19.3286 2.17049 -0.180505 -0.00103773 0.983573
5.89772 18.4055 2.17949 -0.219521 -0.0206855 0.975388
4.80568 18.4086 2.02255 -0.100115 -0.00721615 0.99495
3.78621 18.4057 2.00042 0.0510755 -0.0148398 0.998585
2.78248 18.3991 2.13283 0.171285 0.0231449 0.98495
2.03737 18.3912 2.28332 0.2472 -0.0145776 0.968855
2.06632 17.4718 2.25305 0.224276 -0.0503616 0.973223
3.23389 17.4832 2.05221 0.118087 -0.0155236 0.992882
4.28873 17.4865 1.99068 -0.0189398 -8.84312e-05 0.999821
5.42231 17.4877 2.08614 -0.130292 -0.0173744 0.991323
5.88548 17.4861 2.16422 -0.173199 -0.0266493 0.984526
5.74 16.5683 2.12047 -0.171902 -0.011193 0.98505
4.60723 16.5701 1.99288 -0.0600697 -0.0031467 0.998189
3.5712 16.5678 1.99648 0.0751224 0.0072452 0.997148
2.42441 16.5598 2.14518 0.195713 -0.0439842 0.979674
2.10196 16.556 2.21099 0.229532 -0.0310581 0.972806
2.16145 15.6425 2.16157 0.197378 -0.033051 0.97977
3.15215 15.6505 2.0139 0.0802844 -0.00162881 0.996771
4.19164 15.6551 1.9741 -0.0104108 -0.0125288 0.999867
5.32976 15.6546 2.04394 -0.107283 -0.0342068 0.99364
5.79257 15.6528 2.10727 -0.166812 -0.0339383 0.985404
5.7918 14.7396 2.07698 -0.107129 -0.025223 0.993925
4.79396 14.7414 1.98149 -0.0566911 -0.038823 0.997637
3.60454 14.7391 1.95933 0.0550619 -0.0148568 0.998372
2.55044 14.7329 2.06468 0.138141 -0.0284097 0.990005
2.21632 14.7302 2.11469 0.199218 -0.0306863 0.979475
2.14631 13.8171 2.1011 0.184907 -0.0315281 0.98225
3.14148 13.825 1.97529 0.0886283 -0.031819 0.995556
4.32749 13.8287 1.9291 -0.0435738 -0.0249523 0.998739
5.39502 13.8278 2 -0.106561 -0.0320505 0.993789
5.84223 13.8267 2.05175 -0.121655 -0.0392138 0.991797
5.85009 12.9161 2.02195 -0.146076 -0.0177731 0.989114
4.85413 12.9191 1.92103 -0.0511957 -0.02425 0.998394
3.8272 12.9178 1.90045 0.00660315 -0.0377242 0.999266
2.68463 12.9108 1.99096 0.126306 -0.0568559 0.990361
2.13954 12.9056 2.07144 0.167306 -0.0115078 0.985838
2.1056 11.9953 2.04741 0.166303 -0.0443269 0.985078
3.22533 12.0053 1.90396 0.0882178 -0.0556406 0.994546
4.22493 12.0094 1.87013 0.000876828 -0.0366858 0.999326
5.23246 12.0085 1.92115 -0.0940499 -0.0163789 0.995433
5.75307 12.0063 1.98813 -0.137256 -0.0227707 0.990274
5.86124 11.0958 1.9753 -0.129077 -0.0289646 0.991211
4.83506 11.0997 1.87011 -0.0749072 -0.0214197 0.99696
3.6985 11.0983 1.84258 0.0134532 -0.0576935 0.998244
2.50769 11.0901 1.94866 0.12814 -0.0363915 0.991088
2.14129 11.086 2.00887 0.167449 -0.0162402 0.985747
2.18561 10.1787 1.95325 0.15257 -0.0596771 0.986489
3.30926 10.1894 1.81649 0.0973656 -0.0494589 0.994019
4.39845 10.1921 1.79997 -0.0441988 -0.0524586 0.997645
5.44338 10.1888 1.89107 -0.0962838 -0.0534918 0.993916
5.78249 10.1874 1.92995 -0.117745 -0.057396 0.991384
5.80235 9.27957 1.88653 -0.12826 -0.0628006 0.98975
4.77163 9.28509 1.78159 -0.0798823 -0.0544705 0.995315
3.75948 9.28549 1.74224 0.0490147 -0.0367757 0.998121
2.67289 9.27712 1.8338 0.119746 -0.0566154 0.991189
2.16116 9.27132 1.90594 0.160508 -0.064024 0.984956
2.30921 8.36755 1.82365 0.135905 -0.0434821 0.989767
3.36587 8.37823 1.71402 0.0907675 -0.0503425 0.994599
4.38076 8.3812 1.70106 -0.0438029 -0.0454784 0.998005
5.38816 8.37607 1.79007 -0.105194 -0.0550941 0.992924
5.8333 8.37221 1.84141 -0.126003 -0.046124 0.990957
5.68388 7.46947 1.75729 -0.123504 -0.0754153 0.989474
4.66034 7.47766 1.67018 -0.0730772 -0.0942345 0.992864
3.58099 7.47756 1.65381 0.0225317 -0.0450958 0.998729
2.5189 7.46795 1.72856 0.085106 -0.0868465 0.99258
2.20774 7.46327 1.76562 0.124606 -0.0755875 0.989323
2.17793 6.56491 1.65735 0.119397 -0.134125 0.983745
3.27851 6.58031 1.56073 0.0809321 -0.151134 0.985195
4.4074 6.58438 1.54312 -0.0451431 -0.160796 0.985955
5.43287 6.57407 1.6239 -0.0911702 -0.136541 0.98643
5.75322 6.56964 1.65692 -0.111466 -0.138827 0.984023
5.85539 5.67201 1.53377 -0.131324 -0.154397 0.979242
4.81896 5.68859 1.43207 -0.0871568 -0.160534 0.983175
3.67727 5.6938 1.39487 0.0270231 -0.145651 0.988967
2.50332 5.67747 1.48399 0.0924074 -0.168051 0.981438
2.21148 5.67181 1.51507 0.132833 -0.177109 0.975186
2.21956 4.78091 1.36098 0.122538 -0.193112 0.973495
3.38611 4.80126 1.26411 0.0628695 -0.159347 0.985219
4.4362 4.80378 1.25518 -0.0737682 -0.170863 0.982529
5.47178 4.78697 1.34284 -0.0916636 -0.16893 0.981356
5.91445 4.77772 1.38937 -0.109837 -0.164063 0.980316
5.88837 3.89229 1.20435 -0.128536 -0.241339 0.961891
4.87886 3.91351 1.11351 -0.0976739 -0.225072 0.969434
3.76749 3.924 1.06582 0.019172 -0.232415 0.972428
2.64021 3.90653 1.1376 0.0704295 -0.237481 0.968836
2.21409 3.89655 1.17799 0.116924 -0.231181 0.965859
2.24805 3.02552 0.939154 0.102755 -0.262518 0.95944
3.26675 3.04717 0.863542 0.059234 -0.290744 0.954965
4.3612 3.05289 0.845368 -0.0442848 -0.296399 0.954037
5.40299 3.03307 0.917447 -0.0954006 -0.269312 0.958316
5.74552 3.02418 0.949696 -0.111193 -0.26512 0.957783
5.70291 27.7946 2.29369 -0.272967 -0.112494 0.955424
4.58299 27.8383 2.05483 -0.18923 0.0261291 0.981585
3.56163 27.8349 1.97337 -0.0564966 -0.0237948 0.998119
2.49236 27.7673 2.29697 0.394604 -0.11734 0.911328
2.41236 27.7605 2.33074 0.39424 -0.117155 0.91151
3.46528 28.8484 2.1637 0.354848 -0.340519 0.870706
4.49717 28.8904 2.01461 -0.0845251 0.0283682 0.996017
4.89857 28.8623 2.12925 -0.372781 -0.114878 0.920781
5.06177 28.847 2.19468 -0.393643 -0.119678 0.91144
