1.44619 26.8581 2.55661 0.451114 -0.0965981 0.887058
1.47661 25.8223 2.50931 0.363517 -0.0223713 0.931319
1.50731 24.7836 2.50222 0.362981 0.0172268 0.931637
1.54734 23.6965 2.49999 0.355028 0.00756835 0.934825
1.503 22.6178 2.49947 0.370779 -0.0310851 0.928201
1.50521 21.5323 2.46819 0.350227 -0.0203288 0.936444
1.52151 20.5175 2.44506 0.339989 -0.0196785 0.940222
1.54289 19.3585 2.39694 0.314762 -0.0415491 0.948253
1.54218 18.2135 2.33937 0.277065 -0.0403336 0.960004
1.55933 17.0478 2.27677 0.267257 -0.0442896 0.962573
1.57602 16.0232 2.23336 0.2528 -0.0413216 0.966632
1.56466 14.9741 2.17754 0.254928 -0.0447292 0.965925
1.58847 13.8053 2.12395 0.213102 -0.0341749 0.97642
1.60064 12.6461 2.08387 0.20203 -0.0171375 0.979214
1.5904 11.5099 2.04609 0.207795 -0.0311986 0.977675
1.56338 10.3595 2.00126 0.202824 -0.0551509 0.977568
1.56165 9.35859 1.93074 0.19682 -0.0727436 0.977737
1.5718 8.30197 1.85529 0.180527 -0.0765674 0.980585
1.59139 7.13011 1.74025 0.167635 -0.119144 0.978623
1.5734 5.94861 1.57603 0.172386 -0.154144 0.972894
1.57311 4.95177 1.40219 0.162267 -0.178723 0.97042
1.61081 3.82423 1.15509 0.148016 -0.23992 0.959443
1.63955 2.80411 0.862339 0.13366 -0.288626 0.948066
1.89611 1.93859 0.557035 0.1314 -0.313325 0.940422
2.94093 2.19555 0.529764 0.0816995 -0.30483 0.948896
3.98984 2.27097 0.494288 -0.00202897 -0.288289 0.956509
5.15522 2.15205 0.530992 -0.085 -0.304997 0.948547
6.26792 1.89772 0.578225 -0.146398 -0.311658 0.938823
6.37965 2.82986 0.887905 -0.151283 -0.284975 0.946521
6.4121 3.84437 1.17478 -0.185823 -0.244863 0.951584
6.42046 4.88548 1.39921 -0.165045 -0.181078 0.969476
6.42649 5.91525 1.57572 -0.163732 -0.156128 0.974012
6.39732 6.98455 1.72516 -0.165751 -0.129972 0.977565
6.4189 8.10887 1.83161 -0.169483 -0.0657649 0.98333
6.40314 9.20595 1.89284 -0.175592 -0.0510595 0.983138
6.34028 10.2529 1.93549 -0.162259 -0.0440025 0.985767
6.40133 11.2677 1.98069 -0.16335 -0.0435678 0.985606
6.37126 12.3556 2.01118 -0.161021 -0.0316732 0.986429
6.38368 13.446 2.03939 -0.187961 -0.0209139 0.981889
6.40813 14.5063 2.0794 -0.18344 -0.0512645 0.981693
6.41428 15.5343 2.12539 -0.194556 -0.0402546 0.980033
6.39586 16.5556 2.14921 -0.185806 -0.0266854 0.982097
6.38564 17.6878 2.18628 -0.219401 -0.0328868 0.97508
6.40083 18.6955 2.21538 -0.240324 -0.0209845 0.970466
6.43034 19.7029 2.2425 -0.259217 -0.0120416 0.965744
6.45155 20.7183 2.25421 -0.270383 -0.00295297 0.962748
6.45571 21.7978 2.25453 -0.253623 0.0163673 0.967152
6.43779 22.8693 2.25247 -0.251728 0.00100343 0.967747
6.42947 24.004 2.25794 -0.278883 -0.00913415 0.960281
6.45208 25.1049 2.26819 -0.285139 -0.00709254 0.95846
6.4697 26.1332 2.2944 -0.303737 -0.0444195 0.951534
6.50069 27.2312 2.393 -0.339849 -0.116339 0.933257
6.35672 28.3037 2.51928 -0.404298 -0.197521 0.892521
5.64022 29.1614 2.4418 -0.355436 -0.405552 0.842136
4.7308 29.8307 2.23803 -0.4491 -0.370668 0.812759
3.75386 29.859 2.22499 0.374962 -0.390901 0.812417
2.96738 29.246 2.41884 0.251139 -0.381961 0.889401
2.21311 28.4725 2.42309 0.3955 -0.193928 0.897259
1.61407 27.6667 2.60227 0.443991 -0.165294 0.88064
1.44966 26.9938 2.57203 0.444659 -0.112403 0.888619
0.546466 26.8815 2.97831 0.420804 -0.158781 0.893114
0.55198 25.7365 2.87974 0.37807 -0.0303697 0.925276
0.580411 24.5873 2.87248 0.37312 0.0111918 0.927713
0.600539 23.5237 2.87622 0.373245 -0.00252129 0.92773
0.544203 22.4839 2.88235 0.386581 -0.0292649 0.921789
0.563525 21.4841 2.83988 0.382308 -0.0273775 0.923629
0.560318 20.434 2.80171 0.367656 -0.0427438 0.928979
0.591029 19.3377 2.7326 0.347385 -0.0650027 0.935467
0.569147 18.2357 2.65914 0.321133 -0.0740238 0.944137
0.575717 17.1658 2.57524 0.29906 -0.070479 0.951628
0.582168 16.1217 2.5103 0.267038 -0.0501757 0.962379
0.575011 15.1147 2.45638 0.270461 -0.0569888 0.961043
0.590843 14.0287 2.39141 0.268832 -0.0527625 0.961741
0.583896 13.0286 2.34411 0.263276 -0.0428383 0.963769
0.580782 12.012 2.30277 0.244431 -0.0379191 0.968921
0.571839 10.847 2.25564 0.237751 -0.0479417 0.970142
0.568222 9.78513 2.18845 0.217425 -0.072334 0.973393
0.56849 8.72279 2.10107 0.208251 -0.0830504 0.974539
0.586047 7.71827 2.00685 0.212578 -0.0913783 0.97286
0.576301 6.69937 1.8864 0.196172 -0.127215 0.972282
0.585895 5.57873 1.69425 0.178471 -0.167818 0.969528
0.598491 4.42275 1.47539 0.165745 -0.194729 0.966678
0.612681 3.25984 1.18883 0.175261 -0.282 0.943271
0.615828 2.21266 0.859469 0.163862 -0.306997 0.937471
0.602909 1.26125 0.539539 0.159026 -0.322999 0.932938
1.03355 0.608169 0.238684 0.155282 -0.331812 0.930471
2.01717 0.930378 0.200099 0.111069 -0.329487 0.937523
2.98711 1.2171 0.204286 0.0745723 -0.312774 0.946896
3.98567 1.33799 0.186449 -0.000534874 -0.303252 0.952343
4.97837 1.20685 0.205474 -0.080575 -0.312135 0.946615
5.98799 0.944957 0.215532 -0.127968 -0.333263 0.934067
6.96354 0.603824 0.251471 -0.163014 -0.329289 0.930049
7.41427 1.24124 0.554926 -0.162974 -0.326169 0.931157
7.38678 2.20412 0.876922 -0.168302 -0.307006 0.936691
7.39792 3.24576 1.20777 -0.185531 -0.288979 0.939184
7.4136 4.3942 1.48982 -0.169882 -0.193426 0.966295
7.42189 5.43403 1.67816 -0.174873 -0.164517 0.970738
7.4157 6.57529 1.86265 -0.172178 -0.147101 0.974021
7.41836 7.62773 1.98628 -0.196174 -0.0961957 0.975839
7.40759 8.66936 2.05788 -0.186896 -0.0626748 0.980378
7.40806 9.70447 2.10978 -0.189805 -0.0426034 0.980897
7.38628 10.777 2.147 -0.188944 -0.0350791 0.981361
7.39391 11.86 2.1842 -0.187782 -0.0317876 0.981696
7.38488 12.9931 2.21954 -0.191455 -0.0351731 0.980871
7.39829 14.0864 2.26132 -0.199671 -0.0386889 0.979093
7.43291 15.1008 2.31289 -0.202523 -0.0433108 0.978319
7.40745 16.2143 2.35394 -0.210887 -0.0358071 0.976854
7.39137 17.2826 2.40567 -0.238968 -0.0594904 0.969203
7.4129 18.4338 2.46595 -0.248649 -0.0382705 0.967837
7.41304 19.5159 2.50715 -0.268917 -0.0300316 0.962695
7.42414 20.6519 2.53196 -0.284818 -0.0144883 0.958472
7.43653 21.6597 2.54677 -0.304418 -0.0084366 0.952499
7.42449 22.6654 2.54837 -0.292781 -0.00287782 0.956175
7.41773 23.7942 2.54966 -0.288022 -0.00507084 0.95761
7.42875 24.8711 2.57146 -0.311236 -0.0355247 0.94966
7.42419 25.95 2.61736 -0.344639 -0.0493119 0.937439
7.43797 26.9938 2.72439 -0.400219 -0.154798 0.903251
7.44472 28.1613 3.06292 -0.468282 -0.295439 0.832625
6.84484 29.099 3.09544 -0.52737 -0.463261 0.712139
6.10466 29.8205 3.07651 -0.469287 -0.497145 0.729806
5.23411 30.5009 2.96187 -0.535437 -0.686243 0.487979
4.22045 30.6294 2.97486 0.0710863 -0.802013 0.593062
3.12904 30.4151 2.98141 0.266298 -0.734902 0.623055
2.24091 29.7648 2.96897 0.490806 -0.659766 0.557628
1.5905 28.9841 3.04012 0.575962 -0.521259 0.629728
0.884408 28.223 3.17271 0.517682 -0.322234 0.788725
0.542905 27.145 3.03229 0.448962 -0.242586 0.859991
0.543287 27.1077 3.02158 0.432774 -0.203863 0.876981
1.94053 26.8659 2.34523 0.356805 0.0089091 0.934136
2.96012 26.9217 1.99777 0.141044 0.0908452 0.985826
4.10117 26.9509 1.92461 -0.0278373 0.0226789 0.999355
5.10607 26.9419 1.98366 -0.114234 -0.0901837 0.989352
5.7883 26.9131 2.13517 -0.260405 -0.0854768 0.961708
5.81753 25.9472 2.08966 -0.265128 -0.0625497 0.962182
4.72107 25.9701 1.91514 -0.0874819 -0.02958 0.995727
3.52542 25.9678 1.94716 0.0652621 -0.0400282 0.997065
2.5175 25.9381 2.15258 0.266538 0.0333771 0.963246
2.06099 25.9232 2.29447 0.333999 0.0104696 0.942515
2.15157 24.9874 2.26599 0.326179 0.00794455 0.945275
3.25175 25.0052 1.9958 0.183163 -0.0231315 0.98281
4.25013 25.0108 1.89439 -0.0102872 -0.032025 0.999434
5.26102 25.0064 1.99231 -0.146701 0.00109771 0.98918
5.80769 24.9986 2.10675 -0.222022 0.01407 0.97494
5.79685 24.0605 2.09975 -0.212976 -0.0168174 0.976913
4.70868 24.0651 1.92624 -0.0399347 -0.00699008 0.999178
3.65166 24.0635 1.93719 0.131483 0.00214268 0.991316
2.48337 24.0554 2.17139 0.305954 -0.00304463 0.952042
2.03404 24.0488 2.31993 0.332558 0.00441455 0.943073
2.16429 23.1175 2.26192 0.348321 -0.0197892 0.937166
3.13514 23.1244 2.0136 0.203951 0.0148457 0.978869
4.18142 23.1271 1.92579 -0.0205013 0.0147316 0.999681
5.3043 23.1257 2.00349 -0.129272 0.02008 0.991406
5.88583 23.1248 2.11196 -0.238819 -0.0173653 0.970909
5.86279 22.1915 2.10458 -0.235009 -0.0137396 0.971896
4.83203 22.1922 1.94861 -0.0708106 -0.0058191 0.997473
3.77604 22.1897 1.9294 0.123057 -0.0126394 0.992319
2.63301 22.1852 2.11618 0.24882 0.0188602 0.968366
2.11206 22.1816 2.26432 0.284011 -0.00767582 0.95879
2.04741 21.2473 2.27243 0.288368 -0.0138259 0.95742
3.07632 21.2557 2.02545 0.194605 -0.0154147 0.98076
4.28841 21.2607 1.91935 0.00074622 -0.0157861 0.999875
5.3045 21.2609 1.99618 -0.16622 0.00106325 0.986088
5.87974 21.2599 2.11629 -0.226571 -0.0176162 0.973835
5.69853 20.3305 2.07014 -0.222456 -0.0026173 0.974939
4.6226 20.3315 1.93248 -0.0554502 0.021411 0.998232
3.60949 20.3299 1.94985 0.0759883 0.0366185 0.996436
2.51969 20.3215 2.12336 0.249763 -0.0112757 0.968241
2.01138 20.3161 2.26636 0.307842 -0.0120935 0.951361
2.08972 19.3889 2.22084 0.30393 -0.0176486 0.952531
3.13316 19.3979 1.98598 0.138739 -0.00167912 0.990328
4.18647 19.4029 1.9201 0.0090814 -0.0143096 0.999856
5.27668 19.4033 1.99102 -0.145623 0.0129145 0.989256
5.84265 19.402 2.08966 -0.242014 -0.00260947 0.970269
5.82983 18.4776 2.08444 -0.191844 -0.00950728 0.981379
4.80588 18.4799 1.9459 -0.0896509 0.0187449 0.995797
3.71946 18.4788 1.91989 0.0529987 -0.0174799 0.998442
2.56645 18.469 2.08756 0.181927 -0.0104212 0.983257
2.04816 18.463 2.19741 0.258468 -0.0172221 0.965866
2.04786 17.5415 2.16923 0.240138 -0.0361552 0.970065
3.04795 17.5512 1.9896 0.139666 -0.0203608 0.989989
4.14478 17.556 1.90231 -0.017833 0.00569825 0.999825
5.17683 17.5575 1.97135 -0.126005 -0.02296 0.991764
5.79322 17.5561 2.05882 -0.164781 -0.0293395 0.985894
5.80112 16.6362 2.04614 -0.172621 -0.0171337 0.984839
4.77116 16.6386 1.91993 -0.0768709 0.0243543 0.996744
3.58485 16.6354 1.90808 0.0401897 0.0239753 0.998904
2.56461 16.6287 2.03272 0.183533 -0.0141813 0.982911
2.08033 16.6235 2.13188 0.213422 -0.042386 0.97604
2.12081 15.7076 2.08465 0.232129 -0.0508002 0.971358
3.12435 15.7157 1.93106 0.103882 -0.0118062 0.99452
4.21134 15.7192 1.89133 -0.0175388 -0.00860501 0.999809
5.26592 15.7204 1.95448 -0.101049 -0.033941 0.994302
5.7839 15.7188 2.02214 -0.157529 -0.0359569 0.98686
5.77729 14.804 1.98999 -0.144594 -0.0567356 0.987863
4.67154 14.8056 1.88508 -0.0722282 -0.023126 0.99712
3.63766 14.8033 1.87428 0.0458246 -0.0056536 0.998934
2.58948 14.7974 1.97565 0.124456 -0.00887655 0.992185
2.18996 14.7939 2.04028 0.171001 -0.0547607 0.983748
2.24477 13.8809 1.99839 0.155349 -0.0535448 0.986407
3.34666 13.8892 1.87592 0.0885534 -0.0239769 0.995783
4.53721 13.8924 1.8577 -0.0393592 -0.028771 0.998811
5.65508 13.8902 1.94398 -0.122948 -0.0372082 0.991715
5.87481 13.8893 1.97128 -0.123399 -0.037438 0.991651
5.71708 12.9773 1.92551 -0.149828 -0.00752797 0.988683
4.68697 12.9796 1.82792 -0.0745067 -0.0150813 0.997106
3.5408 12.9771 1.82324 0.0443125 -0.0469828 0.997912
2.4178 12.9699 1.94042 0.120035 -0.0362634 0.992107
2.13043 12.9669 1.98881 0.169432 -0.0275537 0.985157
2.2001 12.0552 1.94657 0.150722 -0.0432774 0.987628
3.34039 12.0641 1.80873 0.0649513 -0.0445076 0.996895
4.36971 12.0665 1.79122 -0.00959221 -0.0371103 0.999265
5.37341 12.0654 1.85573 -0.103331 -0.0203583 0.994439
5.84171 12.0638 1.91986 -0.139858 -0.0239148 0.989883
5.78615 11.1524 1.88406 -0.118495 -0.0251771 0.992635
4.61633 11.1561 1.7805 -0.0560768 -0.0232965 0.998155
3.37128 11.1531 1.77712 0.0610735 -0.0145668 0.998027
2.31776 11.145 1.89748 0.152323 -0.0356364 0.987688
2.18907 11.1437 1.91728 0.152323 -0.0356363 0.987688
2.1062 10.2324 1.88699 0.162552 -0.0769874 0.983692
3.15913 10.2417 1.75304 0.100853 -0.0476998 0.993757
4.17138 10.2459 1.71532 -0.023508 -0.0386949 0.998975
5.23133 10.2442 1.79251 -0.095382 -0.044276 0.994456
5.81976 10.2412 1.85782 -0.122942 -0.0438349 0.991445
5.78877 9.33141 1.80857 -0.137663 -0.0633536 0.988451
4.72389 9.33711 1.69693 -0.0874651 -0.0578207 0.994488
3.72415 9.33771 1.65765 0.0485758 -0.0576499 0.997154
2.61685 9.32914 1.75803 0.114228 -0.0649513 0.991329
2.09663 9.32277 1.82942 0.167033 -0.0608257 0.984073
2.09411 8.41443 1.77263 0.158521 -0.0653948 0.985188
3.19165 8.42738 1.6474 0.0911158 -0.0508979 0.994539
4.33668 8.43127 1.61858 -0.0130756 -0.0448819 0.998907
5.39652 8.42586 1.71051 -0.111083 -0.04547 0.99277
5.71355 8.42329 1.74644 -0.129362 -0.0450766 0.990572
5.75494 7.51619 1.68684 -0.119447 -0.0782584 0.989752
4.71759 7.5254 1.59253 -0.0693851 -0.0777799 0.994553
3.62053 7.52617 1.57037 0.0185966 -0.102641 0.994545
2.47061 7.51484 1.6542 0.0976078 -0.0845356 0.991628
2.22467 7.51103 1.68389 0.128082 -0.0746207 0.988952
2.17175 6.61 1.58242 0.122306 -0.135568 0.98319
3.21479 6.6253 1.48496 0.0879384 -0.147518 0.985142
4.39492 6.62986 1.46523 -0.0194155 -0.155504 0.987644
5.47152 6.61847 1.55088 -0.104621 -0.142767 0.984211
5.86963 6.61236 1.59655 -0.114399 -0.140498 0.98345
5.86682 5.71542 1.45594 -0.133668 -0.169216 0.976473
4.80713 5.73185 1.3548 -0.0818325 -0.16284 0.983253
3.70135 5.73783 1.31385 0.0504445 -0.149958 0.987405
2.63175 5.72292 1.39493 0.0909258 -0.170231 0.9812
2.13527 5.71311 1.44855 0.135376 -0.164713 0.977007
2.12934 4.81944 1.29567 0.120412 -0.169809 0.978093
3.26728 4.84115 1.19259 0.0821425 -0.168469 0.982278
4.31647 4.84567 1.17369 -0.0565612 -0.183855 0.981325
5.33739 4.83168 1.24867 -0.0923465 -0.181166 0.979107
5.88183 4.82017 1.30723 -0.127643 -0.184427 0.974522
5.90055 3.93407 1.1168 -0.127179 -0.246887 0.960663
4.85726 3.95407 1.03017 -0.0751736 -0.240082 0.967838
3.74078 3.96225 0.9923 0.00031167 -0.254346 0.967113
2.72245 3.94679 1.05487 0.0808094 -0.243452 0.966541
2.27549 3.93784 1.09133 0.123528 -0.234662 0.964196
2.18248 3.06118 0.866206 0.111482 -0.268674 0.956758
3.21331 3.08429 0.785608 0.0670273 -0.293429 0.953628
4.25492 3.09151 0.76207 -0.0248085 -0.282212 0.959031
5.26621 3.07347 0.826661 -0.0718111 -0.279694 0.9574
5.78423 3.06133 0.8709 -0.110399 -0.265049 0.957894
5.92096 27.8808 2.26786 -0.288137 -0.0629774 0.955516
4.9551 27.9502 2.01407 -0.205228 -0.00919886 0.978671
3.84172 27.9682 1.85866 -0.00808911 0.0625674 0.998008
2.81442 27.9151 2.07249 0.364999 -0.145576 0.919556
2.48122 27.8848 2.19435 0.395137 -0.201094 0.896342
3.38792 28.9748 2.11953 0.370984 -0.290905 0.881899
4.37946 29.045 1.91449 -0.0969029 -0.0194123 0.995105
4.97193 28.991 2.07801 -0.440275 -0.18507 0.878582
5.08558 28.9725 2.13106 -0.410168 -0.202264 0.889298
