1.48278 27.2664 2.48665 0.437475 -0.142506 0.887171
1.49955 26.2368 2.41468 0.367204 -0.0283229 0.929707
1.53594 25.0939 2.39396 0.355826 0.0202269 0.934333
1.5267 23.9565 2.41318 0.360204 0.00721639 0.932836
1.51373 22.939 2.41326 0.366379 -0.018496 0.930243
1.51473 21.8064 2.38345 0.346997 -0.015514 0.937713
1.54248 20.7418 2.35466 0.334519 -0.0193279 0.942191
1.56682 19.6755 2.31648 0.320941 -0.0373282 0.946363
1.55387 18.6333 2.26431 0.302658 -0.035422 0.952172
1.58026 17.5207 2.21125 0.266324 -0.042927 0.962927
1.57889 16.4308 2.16303 0.254964 -0.0339123 0.966356
1.57773 15.3905 2.11388 0.252137 -0.0524982 0.966266
1.592 14.356 2.05807 0.233064 -0.0390974 0.971666
1.59546 13.2358 2.0091 0.176762 -0.0278975 0.983815
1.60221 12.0545 1.97479 0.216477 -0.0447609 0.975261
1.61644 11.042 1.93422 0.202222 -0.0419863 0.978439
1.59636 10.0312 1.88535 0.197149 -0.065856 0.978159
1.60508 8.94116 1.8072 0.204351 -0.0748531 0.975974
1.59983 7.82926 1.72212 0.184826 -0.0959255 0.978016
1.58023 6.80991 1.61411 0.192067 -0.130825 0.972609
1.59847 5.71654 1.44708 0.160735 -0.166294 0.972876
1.58959 4.577 1.24167 0.16424 -0.1795 0.969951
1.59283 3.59366 1.00399 0.184175 -0.255973 0.948931
1.62836 2.53023 0.696318 0.157528 -0.282342 0.946292
2.45645 2.34388 0.532122 0.0925862 -0.296396 0.950558
3.56709 2.57738 0.521038 0.0433676 -0.309025 0.950025
4.6905 2.54224 0.52708 -0.0659107 -0.305352 0.949913
5.66375 2.29647 0.538531 -0.102789 -0.296211 0.949566
6.40256 2.67825 0.760173 -0.149668 -0.288648 0.94562
6.40836 3.83405 1.08097 -0.178292 -0.237772 0.954818
6.40734 4.81124 1.29972 -0.165552 -0.183882 0.968899
6.38691 5.876 1.48074 -0.157835 -0.170021 0.972659
6.3857 7.00024 1.63865 -0.171469 -0.105439 0.979458
6.40759 8.1051 1.74385 -0.179729 -0.0708896 0.981157
6.38793 9.24677 1.80746 -0.172098 -0.063561 0.983027
6.39797 10.2796 1.85654 -0.181228 -0.0366053 0.98274
6.39804 11.2906 1.89466 -0.173309 -0.0376256 0.984148
6.37425 12.3964 1.92505 -0.16295 -0.0256743 0.986268
6.36946 13.5663 1.9537 -0.182096 -0.0203319 0.983071
6.37771 14.6429 1.99695 -0.181147 -0.054363 0.981952
6.40752 15.6794 2.04461 -0.177895 -0.0286858 0.983605
6.41873 16.7269 2.07249 -0.202417 -0.0384873 0.978543
6.43554 17.7482 2.10736 -0.229429 -0.0336127 0.972692
6.39648 18.7564 2.12868 -0.237725 -0.0170375 0.971183
6.39465 19.8258 2.14396 -0.247038 -0.0092669 0.968953
6.41435 20.8447 2.1595 -0.246359 -0.00402847 0.969112
6.42815 21.8555 2.16634 -0.254949 -0.00885814 0.966914
6.41547 22.9047 2.15845 -0.278783 0.00281025 0.960334
6.44128 23.9147 2.17226 -0.276978 -0.0132518 0.960785
6.43724 25.0253 2.17485 -0.297074 -0.00121426 0.954833
6.47364 26.1217 2.20632 -0.285746 -0.0491596 0.957044
6.49211 27.1447 2.2837 -0.343151 -0.110653 0.93274
6.49409 28.2593 2.44493 -0.484252 -0.233936 0.843074
5.87667 29.0932 2.40084 -0.412111 -0.424309 0.806304
5.114 29.7625 2.25272 -0.558866 -0.313506 0.762548
4.0793 30.0881 2.15587 0.0792351 -0.454516 0.887207
3.20409 29.6602 2.32082 0.363372 -0.346172 0.861716
2.39933 28.9763 2.33643 0.14374 -0.275257 0.950564
1.71111 28.0846 2.51257 0.488714 -0.163297 0.856375
1.4831 27.2946 2.49215 0.469367 -0.1554 0.868447
0.563047 27.1628 2.91631 0.434893 -0.228037 0.870854
0.548369 26.1168 2.80322 0.384963 -0.0410966 0.921971
0.584459 24.9762 2.77437 0.371944 0.00442245 0.92824
0.561746 23.8265 2.79728 0.37564 0.00815354 0.92673
0.560271 22.7075 2.78893 0.377846 -0.019557 0.925662
0.556734 21.5638 2.75261 0.377609 -0.0282909 0.925533
0.572206 20.5581 2.70923 0.361262 -0.0234766 0.932169
0.575847 19.3641 2.64974 0.345113 -0.0623771 0.936473
0.581799 18.2969 2.56822 0.319507 -0.0684786 0.945099
0.581991 17.1789 2.48473 0.286042 -0.0609974 0.956274
0.59307 16.0894 2.41787 0.274385 -0.0500198 0.960309
0.566308 14.9911 2.364 0.274897 -0.0549339 0.959903
0.582922 13.9345 2.30205 0.264472 -0.0505529 0.963068
0.581825 12.9355 2.25414 0.252605 -0.0386414 0.966798
0.575656 11.8819 2.2115 0.245465 -0.0412218 0.968529
0.587839 10.7467 2.16194 0.2362 -0.0420029 0.970796
0.571572 9.64873 2.09091 0.213046 -0.0788671 0.973854
0.585004 8.58574 1.99909 0.205796 -0.0854736 0.974855
0.594728 7.39226 1.88816 0.20518 -0.106799 0.972824
0.591697 6.34764 1.74045 0.172377 -0.163025 0.971447
0.601559 5.23523 1.54235 0.171449 -0.177634 0.969047
0.590096 4.16169 1.33183 0.167836 -0.203019 0.964651
0.594505 3.17973 1.08016 0.173229 -0.27991 0.944179
0.613402 2.15745 0.751189 0.160485 -0.312263 0.936339
0.605814 1.08223 0.384626 0.156481 -0.324495 0.932854
1.36191 0.994659 0.226451 0.157842 -0.327462 0.931587
2.43055 1.33707 0.20286 0.0804409 -0.314076 0.945984
3.46707 1.59249 0.206189 0.0592941 -0.314342 0.947456
4.58015 1.58417 0.207659 -0.066628 -0.316128 0.946374
5.66629 1.30119 0.207179 -0.0964025 -0.319768 0.942513
6.73966 0.900223 0.224899 -0.164163 -0.327728 0.9304
7.41044 1.13073 0.423491 -0.163723 -0.325817 0.931149
7.39495 2.12804 0.762404 -0.173931 -0.304454 0.936512
7.41706 3.2082 1.11265 -0.182083 -0.280615 0.942391
7.40408 4.23103 1.36721 -0.166392 -0.195327 0.96652
7.40113 5.21638 1.55029 -0.171334 -0.168061 0.970773
7.40592 6.3451 1.73987 -0.17992 -0.159533 0.970658
7.40486 7.37121 1.87452 -0.192415 -0.108121 0.975339
7.39643 8.40278 1.95188 -0.188169 -0.0653957 0.979956
7.39118 9.41638 2.00718 -0.190821 -0.0448372 0.9806
7.40788 10.5945 2.05883 -0.190144 -0.0366498 0.981072
7.39633 11.7095 2.09418 -0.187576 -0.0317101 0.981738
7.37977 12.7274 2.12339 -0.189586 -0.0327086 0.981316
7.39558 13.8649 2.16576 -0.200725 -0.0378345 0.978917
7.39852 15.0172 2.21657 -0.200284 -0.0445286 0.978726
7.40707 16.0949 2.26092 -0.206501 -0.0330921 0.977887
7.41749 17.1466 2.3172 -0.229842 -0.0543825 0.971707
7.40691 18.2247 2.36929 -0.245651 -0.0363362 0.968677
7.39942 19.2324 2.40455 -0.25918 -0.0366921 0.965131
7.407 20.2792 2.43547 -0.280278 -0.0139774 0.959817
7.42322 21.3261 2.45129 -0.295907 -0.00227477 0.955214
7.40537 22.3677 2.45202 -0.298833 -0.00218332 0.954303
7.43151 23.49 2.46174 -0.293241 0.00126197 0.956038
7.41516 24.4924 2.4664 -0.297506 -0.0137544 0.954621
7.42758 25.6963 2.51293 -0.339381 -0.04139 0.939699
7.42962 26.713 2.58914 -0.350259 -0.135453 0.926595
7.45864 27.7109 2.81791 -0.439769 -0.237129 0.866241
7.32731 28.6884 3.09357 -0.482314 -0.362148 0.797635
6.64766 29.4619 3.07807 -0.479389 -0.522833 0.704864
5.83157 30.1655 3.01225 -0.505335 -0.543776 0.670033
4.99154 30.7414 2.90049 -0.378992 -0.84361 0.380378
3.90719 30.7097 2.97072 0.158915 -0.79314 0.587302
2.91012 30.4574 2.95008 0.533435 -0.707036 0.46427
2.14216 29.8168 2.9682 0.668797 -0.585692 0.457503
1.46129 29.0142 3.04405 0.588726 -0.509922 0.627201
0.721322 28.2465 3.16511 0.500151 -0.364513 0.78548
0.559696 27.2809 2.95111 0.449366 -0.24068 0.860316
2.06867 27.1418 2.20617 0.393908 -0.0743313 0.916139
3.08141 27.2007 1.85401 0.201257 0.048913 0.978316
4.10276 27.2274 1.80674 -0.0501368 0.0613642 0.996855
5.11931 27.2124 1.92351 -0.173896 -0.118358 0.977625
5.91305 27.1749 2.09789 -0.261042 -0.0825304 0.961793
5.98117 26.2305 2.05944 -0.269256 -0.0543277 0.961535
4.9008 26.2605 1.84743 -0.0913758 -0.0291869 0.995389
3.81011 26.2669 1.84761 0.0434264 -0.0186356 0.998883
2.73932 26.2383 1.98166 0.271701 0.0598911 0.960516
2.04725 26.2126 2.20057 0.3421 -0.00272513 0.93966
2.10243 25.2913 2.19324 0.316772 -0.00028485 0.948502
3.26776 25.3148 1.907 0.171689 0.0224144 0.984896
4.37331 25.3244 1.81427 -0.00603969 -0.0298539 0.999536
5.46424 25.3137 1.93717 -0.186513 0.0069741 0.982428
5.86253 25.3065 2.026 -0.220264 0.0145398 0.975332
5.82165 24.3889 2.01944 -0.232539 -0.0258044 0.972245
4.79766 24.3952 1.84932 -0.0787929 -0.0458825 0.995835
3.6892 24.3906 1.84845 0.109171 0.0052493 0.994009
2.66115 24.3842 2.03181 0.249042 -0.00222788 0.96849
2.10758 24.3777 2.19572 0.344456 0.0127096 0.938717
2.01094 23.4642 2.22834 0.353517 0.00701685 0.935402
3.09004 23.4747 1.92861 0.198646 0.00287117 0.980067
4.08583 23.4773 1.82191 0.0126054 0.0375572 0.999215
5.2584 23.4764 1.90573 -0.136865 -0.0176339 0.990433
5.8949 23.4741 2.02564 -0.2451 -0.013433 0.969405
5.8905 22.5635 2.02019 -0.220927 -0.00928979 0.975246
4.88125 22.5643 1.86241 -0.0690329 0.00982903 0.997566
3.7574 22.5631 1.84907 0.0538058 -0.0306992 0.998079
2.63025 22.5574 2.03192 0.212206 -0.0481401 0.976039
2.00404 22.5526 2.21801 0.322748 -0.0245487 0.946166
2.12264 21.6432 2.16696 0.296208 -0.00874662 0.955083
3.30054 21.6496 1.89754 0.174789 -0.0163118 0.984471
4.4518 21.6523 1.83118 -0.0377918 -0.00944229 0.999241
5.45494 21.6545 1.93855 -0.177222 -0.00401696 0.984163
5.77508 21.6543 1.9997 -0.232152 -0.0230232 0.972407
5.88124 20.7459 2.0265 -0.221398 -0.0172089 0.975032
4.88907 20.7461 1.85765 -0.0882575 -0.00843374 0.996062
3.78026 20.7448 1.84236 0.0623847 -0.000942988 0.998052
2.73751 20.7396 1.9895 0.168874 -0.00815917 0.985604
2.02914 20.7321 2.18698 0.325063 -0.0168949 0.945542
2.06233 19.8263 2.16205 0.29926 0.000153272 0.954172
3.23471 19.8373 1.88588 0.140426 -0.00683081 0.990068
4.23733 19.8413 1.83652 0.00695734 -0.00169213 0.999974
5.32468 19.8415 1.90243 -0.162039 -0.0034065 0.986779
5.79893 19.8408 2.00008 -0.218924 0.00863348 0.975704
5.86998 18.9384 2.0089 -0.193811 -0.0049604 0.981026
4.85747 18.9413 1.8485 -0.127641 0.0121891 0.991746
3.81586 18.9397 1.8336 0.0506789 -0.020154 0.998512
2.76297 18.9322 1.96197 0.191157 -0.00800498 0.981527
2.13927 18.9249 2.10226 0.234211 -0.00325559 0.97218
2.24805 18.0264 2.0644 0.214971 -0.0538553 0.975134
3.28282 18.0357 1.8832 0.131243 0.0023659 0.991347
4.33054 18.0409 1.82387 -0.0607836 -0.0108892 0.998092
5.36662 18.0402 1.92101 -0.130338 -0.00953499 0.991424
5.79363 18.0383 1.98838 -0.181194 -0.0216711 0.983208
5.88046 17.1403 1.98158 -0.175897 -0.0103961 0.984354
4.75672 17.1422 1.82707 -0.0846481 -0.0264024 0.996061
3.66941 17.1397 1.82368 0.111603 -0.0403529 0.992933
2.56023 17.1327 1.97438 0.175573 -0.0178301 0.984305
2.18171 17.129 2.04324 0.220786 -0.0271842 0.974943
2.19911 16.2338 2.00165 0.228917 -0.0304477 0.97297
3.22321 16.2426 1.84908 0.0991129 -0.0454377 0.994038
4.25548 16.2467 1.80913 -0.0174967 -0.00369943 0.99984
5.38503 16.2463 1.88997 -0.11232 0.00961043 0.993626
5.75552 16.2447 1.9484 -0.160495 -0.0140682 0.986936
5.88467 15.3503 1.94153 -0.16138 -0.025301 0.986568
4.89111 15.3519 1.82946 -0.0817648 -0.0135813 0.996559
3.88857 15.3504 1.79971 0.0189038 -0.0542845 0.998347
2.86007 15.3457 1.86846 0.137471 -0.0443535 0.989512
2.18648 15.3401 1.97402 0.170373 -0.0471626 0.98425
2.22594 14.4492 1.93304 0.139563 -0.0266418 0.989855
3.28913 14.4561 1.80514 0.0962741 -0.017966 0.995193
4.37076 14.4601 1.77885 -0.0273915 -0.0387269 0.998874
5.50342 14.459 1.86358 -0.0939439 -0.0378697 0.994857
5.86751 14.4584 1.8985 -0.137733 -0.019808 0.990271
5.77502 13.5673 1.86118 -0.135868 -0.0390945 0.989955
4.68969 13.5692 1.76592 -0.0436555 -0.0353122 0.998422
3.59465 13.5672 1.76183 0.0622844 -0.0346144 0.997458
2.56802 13.5611 1.8549 0.110609 -0.0291984 0.993435
2.10163 13.5572 1.92485 0.162705 -0.0159249 0.986546
2.25902 12.6688 1.87011 0.173026 -0.0343629 0.984318
3.32199 12.6763 1.74109 0.0798266 -0.0288376 0.996392
4.323 12.6789 1.72283 -0.0246157 -0.0240853 0.999407
5.52133 12.6777 1.80437 -0.0870658 -0.0361063 0.995548
5.75225 12.6767 1.83664 -0.14148 -0.0336904 0.989368
5.75171 11.7876 1.81251 -0.130468 -0.0375136 0.990743
4.70612 11.7902 1.70972 -0.0537891 -0.0380435 0.997827
3.65554 11.79 1.69464 0.0367042 -0.0372655 0.998631
2.62236 11.7826 1.78661 0.131686 -0.0373684 0.990587
2.28767 11.7793 1.83459 0.16385 -0.0487449 0.98528
2.15608 10.8888 1.82782 0.154111 -0.04181 0.987169
3.21482 10.8986 1.69139 0.0604251 -0.0492127 0.996959
4.40287 10.9028 1.67421 -0.0520786 -0.0420792 0.997756
5.48014 10.8997 1.75733 -0.108417 -0.0202017 0.9939
5.86265 10.8978 1.80288 -0.137186 -0.0241496 0.990251
5.83042 10.0107 1.75972 -0.118367 -0.044271 0.991983
4.68802 10.0152 1.64492 -0.0793891 -0.0607531 0.994991
3.51106 10.0138 1.62353 0.043442 -0.0816688 0.995712
2.48836 10.0053 1.73031 0.120948 -0.0679561 0.99033
2.21444 10.0025 1.76836 0.151125 -0.0698177 0.986046
2.15549 9.11581 1.72039 0.166755 -0.0832037 0.982481
3.25229 9.12686 1.59894 0.0866335 -0.0336842 0.995671
4.25585 9.13121 1.57201 -0.0201675 -0.00744697 0.999769
5.31615 9.12703 1.6535 -0.0930897 -0.0568495 0.994033
5.82064 9.12365 1.71044 -0.12126 -0.0569655 0.990985
5.84764 8.23694 1.66593 -0.132746 -0.0767592 0.988173
4.72925 8.24561 1.55381 -0.0694692 -0.0604131 0.995753
3.72548 8.24637 1.52199 0.0331746 -0.0538078 0.998
2.66893 8.23755 1.60053 0.102608 -0.0629564 0.992728
2.11232 8.23016 1.66869 0.151969 -0.0857206 0.984661
2.16162 7.34918 1.58476 0.129654 -0.0981672 0.986688
3.17536 7.36167 1.49189 0.0822047 -0.102156 0.991366
4.31545 7.36704 1.46083 -0.0101448 -0.1178 0.992986
5.36982 7.3585 1.54636 -0.098629 -0.098359 0.990251
5.85165 7.35282 1.59969 -0.126647 -0.119281 0.98475
5.83723 6.47462 1.48815 -0.119986 -0.138595 0.983054
4.64773 6.48989 1.37429 -0.0638398 -0.144631 0.987424
3.61128 6.4916 1.35264 0.0458979 -0.16095 0.985895
2.5996 6.47905 1.43116 0.0927205 -0.140951 0.985665
2.15832 6.47128 1.47891 0.107856 -0.135771 0.984852
2.10617 5.59676 1.34815 0.13053 -0.160132 0.978427
3.13769 5.61539 1.24799 0.0825796 -0.163183 0.983134
4.16918 5.62288 1.21117 -0.0247578 -0.171303 0.984907
5.25543 5.61078 1.28694 -0.0891354 -0.159279 0.983201
5.72971 5.60217 1.33896 -0.119402 -0.157648 0.98025
5.66906 4.73249 1.18007 -0.11195 -0.180625 0.97716
4.58399 4.75219 1.07862 -0.0953726 -0.172856 0.980319
3.52963 4.75345 1.06788 0.0282115 -0.168057 0.985374
2.52771 4.73693 1.14631 0.074502 -0.172349 0.982214
2.2743 4.73147 1.17166 0.122781 -0.179078 0.976143
2.11548 3.86533 1.00092 0.112461 -0.262139 0.958455
3.1761 3.88547 0.919615 0.0619589 -0.223368 0.972763
4.18397 3.89405 0.885803 -0.0307635 -0.223383 0.974245
5.36852 3.87679 0.962408 -0.0804095 -0.24621 0.965875
5.80325 3.86675 1.00429 -0.107958 -0.249819 0.962255
5.87644 3.01144 0.781909 -0.129604 -0.253346 0.958654
4.83106 3.03654 0.692668 -0.0652298 -0.297958 0.952348
4.70516 3.03838 0.68587 -0.0557903 -0.303478 0.951204
3.42802 3.04089 0.674738 0.0589885 -0.281998 0.9576
2.4217 3.022 0.739499 0.0851456 -0.269573 0.959208
2.21272 3.01701 0.756647 0.108755 -0.265052 0.958081
2.45172 28.1354 2.13622 0.410344 -0.146355 0.90011
3.5052 28.2194 1.78773 0.217905 -0.0138474 0.975872
4.49769 28.2243 1.81354 -0.233571 -0.0103404 0.972285
5.53101 28.1628 2.07378 -0.283631 -0.0674708 0.956557
5.99719 28.1228 2.20797 -0.330717 -0.117573 0.936378
4.98 29.2324 2.01713 -0.452337 -0.18698 0.872026
4.03933 29.2964 1.81921 0.31887 -0.0559807 0.946144
3.567 29.2361 1.99214 0.428543 -0.214632 0.877659
3.39917 29.2081 2.06722 0.385047 -0.258479 0.885961
