3.91593 23.1481 3.4705 0.00745048 -0.00992897 0.99971
4.05113 22.1102 3.42956 0.0320231 -0.00632564 0.999431
4.05511 21.0008 3.4084 0.0478615 0.0361629 0.998199
3.94036 19.9858 3.43008 0.0168558 -0.00899077 0.999818
4.04726 18.9719 3.4012 0.0219798 -0.0346759 0.999024
4.50014 19.5468 3.42293 -0.0308477 -0.0172987 0.999374
4.51274 20.6725 3.42069 -0.00572304 0.0334489 0.999138
4.46117 21.7509 3.42605 -0.0724438 -0.00309114 0.997334
4.62771 22.7857 3.4604 -0.0363919 -0.00931416 0.999294
4.6062 23.7943 3.46258 -0.0410861 0.0261669 0.998813
4.30281 24.7157 3.44065 -0.0373717 0.0233167 0.999029
4.19563 25.0944 3.43384 -0.0153902 -0.0399313 0.998327
4.05051 24.0357 3.44795 0.0340603 0.01712 0.999212
3.92101 23.2002 3.4699 0.00986536 0.0105444 0.999896
3.24126 23.2506 3.50446 0.0821063 -0.0106538 0.996561
3.34527 22.2137 3.48012 0.122566 -0.00541155 0.992446
3.42563 21.1828 3.46048 0.19164 -0.0312179 0.980969
3.29282 20.1551 3.45813 0.081573 -0.0093414 0.996255
3.32843 19.1099 3.4401 0.0813716 -0.0243625 0.996386
3.63289 18.0024 3.39954 0.100503 0.0141511 0.994807
3.8876 16.9096 3.36846 0.040639 -0.0217143 0.998938
4.61188 17.2553 3.38348 -0.0830264 0.00797144 0.996515
4.71702 18.2453 3.40754 -0.0923609 -0.021195 0.994904
5.13851 19.2474 3.4414 -0.0472136 -0.0203093 0.998678
5.2385 20.2576 3.45971 -0.0448761 -0.0261212 0.998647
5.07096 21.3828 3.47467 -0.155923 -0.00439295 0.987759
5.31492 22.3589 3.4996 -0.0804058 0.00346917 0.996756
5.31807 23.3876 3.50463 -0.0715516 -0.024814 0.997128
5.10549 24.5175 3.50954 -0.125254 -0.0467277 0.991005
5.12846 25.6458 3.50381 -0.137135 0.0401077 0.98974
5.10673 26.7222 3.50778 -0.0466788 -0.0246276 0.998082
4.32456 27.2237 3.52377 0.0309039 -0.0488188 0.99832
3.4826 26.6907 3.52518 0.0472909 -0.027453 0.998367
3.49423 25.6896 3.50158 0.124933 0.0224694 0.991911
3.51228 24.6691 3.48686 0.164747 -0.00781568 0.984138
3.26504 23.4739 3.50562 0.0957752 -0.0239861 0.994959
3.26476 23.4716 3.50561 0.0815323 -0.0138518 0.996574
4.20239 25.4924 3.45335 0.0229955 0.00682987 0.999712
4.46209 26.3822 3.47549 -0.0327179 -0.0311939 0.998807
4.13639 25.9163 3.45197 -0.0113291 -0.0119886 0.999097
4.15669 25.667 3.4532 0.0229959 0.00682964 0.999712
