1.36915 29.0536 1.85332 0.775511 -0.17404 0.606872
1.8028 29.9221 1.87174 0.618163 -0.553903 0.557733
2.51657 30.6449 1.76168 0.79242 -0.537519 0.288345
3.16769 31.4119 1.70764 0.615574 -0.675514 0.20186
4.17106 31.295 1.84056 -0.237335 -0.825681 0.510756
5.2575 31.3011 1.73215 0.0448361 -0.752066 0.63901
5.91783 30.5718 1.93769 -0.757879 -0.500018 0.419047
6.47209 29.6586 1.98715 -0.539415 -0.441276 0.716416
6.50861 28.55 1.55164 -0.420243 -0.181784 0.889016
6.4292 27.5468 1.44219 -0.388139 -0.0323925 0.919363
6.32656 26.5384 1.35216 -0.302075 -0.0625748 0.95117
6.33127 25.4755 1.32711 -0.271342 0.0155256 0.961982
6.33308 24.2528 1.34896 -0.251394 0.00650471 0.967863
6.33683 23.2131 1.34968 -0.263471 -0.00212807 0.964658
6.31881 22.122 1.34659 -0.260247 0.00387156 0.965486
6.32743 21.0628 1.35577 -0.250356 -0.00293662 0.968149
6.34115 20.0127 1.35042 -0.254071 -0.00907195 0.967142
6.32812 18.8536 1.33605 -0.214914 -0.0125158 0.976443
6.29657 17.842 1.29428 -0.231153 -0.0333581 0.972345
6.27248 16.8293 1.26598 -0.193202 -0.0420905 0.980256
6.26258 15.692 1.23319 -0.193649 -0.0259747 0.980715
6.26044 14.6371 1.19755 -0.173201 -0.0480489 0.983627
6.25465 13.6181 1.16545 -0.167961 -0.0202488 0.985585
6.26548 12.6151 1.1414 -0.138484 -0.0340783 0.989652
6.25823 11.5557 1.10571 -0.152649 -0.0316045 0.987751
6.26037 10.4902 1.06668 -0.15819 -0.0384526 0.98666
6.29523 9.47562 1.02996 -0.156019 -0.0462382 0.986671
6.2905 8.39988 0.967898 -0.150555 -0.0781889 0.985505
6.27263 7.35699 0.865739 -0.161752 -0.122386 0.97921
6.28532 6.2331 0.737587 -0.164732 -0.135751 0.976952
6.27391 5.24603 0.577832 -0.153091 -0.186442 0.970446
5.44817 5.05894 0.433143 -0.107548 -0.192311 0.975423
4.44036 5.23197 0.36873 -0.0869105 -0.183284 0.979211
3.43893 5.22528 0.372322 0.0892871 -0.17736 0.980084
2.35025 5.01373 0.433091 0.105297 -0.198242 0.974354
1.71121 5.51686 0.617149 0.164308 -0.17116 0.971444
1.69897 6.53435 0.767352 0.150135 -0.127884 0.98036
1.72625 7.59693 0.893929 0.170976 -0.108695 0.979108
1.71248 8.6716 0.99214 0.181454 -0.0746389 0.980563
1.71424 9.67651 1.06644 0.18226 -0.0582034 0.981472
1.70627 10.7915 1.13087 0.20627 -0.0450612 0.977389
1.71565 11.8386 1.16259 0.202947 -0.0331372 0.978629
1.70605 12.9641 1.1976 0.204429 -0.0329491 0.978138
1.70249 14.0529 1.2312 0.171765 -0.0183777 0.984967
1.70251 15.2074 1.28726 0.236536 -0.0403259 0.970786
1.68878 16.2092 1.33757 0.254138 -0.0286311 0.966744
1.66472 17.273 1.38915 0.253996 -0.0382597 0.966418
1.66334 18.4223 1.43284 0.287645 -0.0307115 0.957244
1.65241 19.5651 1.48589 0.315223 -0.0434411 0.947969
1.64271 20.5766 1.52096 0.327895 -0.0249478 0.944385
1.6211 21.5856 1.5423 0.325622 -0.0103436 0.945381
1.63359 22.5882 1.54875 0.332667 -0.017941 0.942825
1.62634 23.6188 1.55866 0.355236 -0.00223394 0.934773
1.67054 24.7315 1.53459 0.346897 0.00645504 0.937854
1.62219 25.7713 1.53402 0.354001 0.0193201 0.935044
1.58398 26.9451 1.51635 0.405621 0.0180096 0.913864
1.49416 27.965 1.60543 0.49776 -0.103019 0.85893
1.37005 29.0119 1.84021 0.743732 -0.155933 0.64772
0.550607 28.8241 2.54937 0.582733 -0.348791 0.731021
0.854985 29.6869 2.94067 0.647281 -0.563046 0.51357
1.59269 30.3701 2.89214 0.602479 -0.668233 0.436445
2.46632 31.0149 2.81608 0.57906 -0.765322 0.27197
3.31689 31.6954 2.82301 0.523354 -0.846601 0.0967864
4.325 31.8549 2.83906 -0.0603994 -0.915466 0.39582
5.34464 31.5989 2.8234 -0.397178 -0.889566 0.225659
6.17591 31.0388 2.9061 -0.542784 -0.716519 0.437744
7.07619 30.3703 2.97213 -0.495906 -0.584964 0.64179
7.42998 29.5211 2.57218 -0.521487 -0.483407 0.703114
7.45774 28.3923 2.07224 -0.574911 -0.25723 0.776731
7.42782 27.3529 1.8425 -0.411141 -0.157675 0.897832
7.37687 26.3673 1.69011 -0.329047 -0.0476122 0.943113
7.37947 25.2543 1.65121 -0.30438 -0.0165141 0.952408
7.39734 24.1451 1.64986 -0.284109 0.00473544 0.95878
7.3851 23.0163 1.65017 -0.28332 0.00262809 0.959022
7.39072 21.9957 1.65468 -0.280166 -1.2028e-05 0.959951
7.38777 20.9861 1.64838 -0.270284 -0.00973412 0.962729
7.39592 19.9449 1.63602 -0.266862 -0.0201797 0.963524
7.39899 18.8533 1.60801 -0.258122 -0.0337329 0.965523
7.37751 17.8206 1.5638 -0.244786 -0.0506065 0.968255
7.37299 16.7702 1.50886 -0.228005 -0.0479505 0.972479
7.35941 15.6285 1.45662 -0.209721 -0.0360735 0.977096
7.35858 14.4216 1.40895 -0.201111 -0.0392348 0.978782
7.35535 13.3829 1.37077 -0.19502 -0.0328172 0.980248
7.37643 12.3548 1.34093 -0.189878 -0.0324337 0.981272
7.349 11.3241 1.30134 -0.189495 -0.0318207 0.981366
7.36224 10.1826 1.26277 -0.190143 -0.03861 0.980997
7.37219 9.12783 1.2152 -0.185618 -0.0551233 0.981064
7.36804 8.09611 1.14974 -0.18411 -0.070176 0.980386
7.36034 6.97875 1.04381 -0.187647 -0.13536 0.972855
7.36376 5.81465 0.867325 -0.173945 -0.161314 0.971453
7.35212 4.58968 0.632231 -0.164027 -0.200563 0.965852
7.37059 3.5251 0.382287 -0.204377 -0.249384 0.946539
6.78332 3.36886 0.21754 -0.199999 -0.255447 0.945889
5.90855 3.86374 0.195909 -0.115894 -0.238423 0.964221
4.74405 4.06667 0.156272 -0.0685944 -0.222167 0.972591
3.65775 4.14918 0.145284 0.0210371 -0.211905 0.977046
2.63239 3.96881 0.164962 0.0537372 -0.247286 0.967451
1.62935 3.69172 0.197387 0.170825 -0.253652 0.95181
0.647052 3.24568 0.279097 0.191148 -0.270329 0.943602
0.62889 4.29251 0.552695 0.168967 -0.21064 0.962849
0.630679 5.3217 0.76684 0.160834 -0.189158 0.968669
0.632904 6.32674 0.945425 0.186333 -0.155218 0.970148
0.642906 7.3198 1.08619 0.215827 -0.120128 0.969014
0.633394 8.36863 1.18902 0.207335 -0.0888095 0.974229
0.619952 9.42417 1.28349 0.219766 -0.0736105 0.972772
0.606087 10.5199 1.36796 0.220057 -0.0553905 0.973913
0.618021 11.5875 1.41204 0.235042 -0.0353365 0.971343
0.61272 12.6706 1.45157 0.248662 -0.034317 0.967958
0.614981 13.8299 1.50112 0.271269 -0.054173 0.960978
0.624118 14.9028 1.55985 0.275892 -0.0569595 0.9595
0.618088 16.023 1.62623 0.280545 -0.0551116 0.958257
0.616622 17.1126 1.69025 0.290086 -0.0579512 0.955244
0.611267 18.2366 1.76053 0.306115 -0.0567095 0.950285
0.586996 19.2432 1.82678 0.32161 -0.0622292 0.944819
0.598728 20.2548 1.88153 0.333694 -0.0439163 0.941622
0.597863 21.3364 1.91946 0.35651 -0.0254957 0.933943
0.595729 22.3513 1.94413 0.362047 -0.0158752 0.932022
0.598965 23.391 1.95499 0.367342 -0.00233842 0.930083
0.617953 24.5374 1.94287 0.364296 0.00871103 0.931242
0.577865 25.7329 1.94292 0.366194 0.0107752 0.930476
0.579593 26.7536 1.96579 0.381431 -0.0382273 0.923371
0.565341 27.7676 2.16377 0.527873 -0.18897 0.826997
0.535342 28.6206 2.45141 0.529423 -0.34061 0.774141
1.83839 29.1543 1.44717 0.520238 -0.140648 0.84236
2.8553 29.3682 1.00381 0.256492 -0.0955934 0.961808
3.94118 29.4902 0.716054 0.373222 -0.0538768 0.926176
4.98277 29.4453 0.819205 -0.414405 0.084285 0.906181
5.93089 29.2443 1.39063 -0.490963 -0.304832 0.816108
5.96708 29.2373 1.40981 -0.509071 -0.314198 0.801328
5.98934 28.2206 1.26694 -0.325247 0.016996 0.945476
4.98527 28.3135 0.928306 -0.264744 0.124377 0.956264
3.8822 28.3418 0.723722 -0.111809 0.126176 0.985687
2.88377 28.2701 0.970801 0.355965 -0.0316653 0.933963
2.06769 28.152 1.30035 0.452704 -0.0176321 0.891487
2.13722 27.1779 1.271 0.385673 0.0735371 0.9197
3.20557 27.2469 0.95249 0.161755 0.251613 0.954215
4.23754 27.2836 0.928394 -0.0465223 0.23138 0.971751
5.43027 27.2606 1.12205 -0.234645 0.0428401 0.971137
5.70338 27.2456 1.19534 -0.256734 -0.0370256 0.965773
5.75681 26.2744 1.1746 -0.227263 -0.00911594 0.973791
4.69339 26.2902 1.01923 -0.0156596 0.0285977 0.999468
3.67839 26.2847 1.04788 0.0819343 0.0561372 0.995055
2.61441 26.2473 1.18674 0.260359 0.0698201 0.962984
2.18295 26.2247 1.31323 0.335055 0.0407477 0.941317
2.31929 25.293 1.30317 0.268885 0.0200926 0.962963
3.36636 25.3181 1.06854 0.166238 0.00557064 0.98607
4.41672 25.3298 0.997809 0.024493 0.0162714 0.999568
5.61263 25.3268 1.15572 -0.213064 0.0292875 0.976599
5.65141 25.3264 1.16419 -0.213064 0.0292876 0.976599
5.76857 24.381 1.21142 -0.22606 0.0114718 0.974046
4.64861 24.3833 1.02332 -0.136171 0.0176331 0.990528
3.45291 24.374 1.06887 0.127284 0.0156121 0.991743
2.39621 24.3586 1.29192 0.271112 0.00713641 0.962521
2.27751 24.3563 1.32573 0.293078 0.0116173 0.956018
2.27398 23.4229 1.33541 0.291166 0.0162561 0.956534
3.38086 23.4361 1.08147 0.163032 0.0290991 0.986192
4.454 23.4441 1.03726 -0.0742754 0.0360865 0.996585
5.53472 23.4445 1.16613 -0.191482 0.0201567 0.981289
5.6488 23.4444 1.18865 -0.193619 0.0212663 0.980846
5.77702 22.5097 1.21246 -0.20587 0.0204052 0.978367
4.68062 22.508 1.05995 -0.0873901 -0.00900341 0.996133
3.62109 22.5031 1.05757 0.0938574 0.0314321 0.995089
2.49006 22.4951 1.2822 0.25915 0.0159934 0.965705
2.19519 22.4921 1.36121 0.258649 0.0155604 0.965846
2.19253 21.5628 1.36027 0.259938 0.0129249 0.965539
3.17609 21.5704 1.14136 0.159492 -0.0367587 0.986515
4.22018 21.5752 1.03754 0.0530483 0.0256261 0.998263
5.35988 21.5792 1.13301 -0.165192 -0.0215297 0.986026
5.74331 21.58 1.20877 -0.23603 0.00306773 0.971741
5.75908 20.6507 1.21477 -0.208702 -0.0141761 0.977877
4.71273 20.649 1.05025 -0.0665527 -0.00701178 0.997758
3.70227 20.6461 1.06335 0.057737 -0.0195378 0.998141
2.54141 20.6391 1.24529 0.235043 -0.00839664 0.971949
2.26065 20.6362 1.32224 0.277972 -0.0345505 0.959968
2.23294 19.71 1.31281 0.286521 -0.0231158 0.957795
3.31561 19.7187 1.0963 0.134496 0.00182337 0.990912
4.48865 19.7231 1.04858 -0.0276653 0.0259924 0.999279
5.53648 19.7247 1.16977 -0.170825 0.0242928 0.985002
5.79338 19.7245 1.21945 -0.193594 0.0244601 0.980777
5.76142 18.8001 1.21776 -0.180239 0.000719817 0.983623
4.6794 18.8 1.05583 -0.124822 0.00207918 0.992177
3.66955 18.7975 1.05713 0.0879412 -0.0151277 0.996011
2.53047 18.7898 1.2328 0.211427 -0.00816953 0.97736
2.236 18.7866 1.29824 0.248912 -0.0119048 0.968453
2.20644 17.8657 1.28312 0.228008 -0.0118417 0.973587
3.37186 17.8763 1.08501 0.146646 -0.0219899 0.988945
4.42194 17.8806 1.03917 -0.0530662 -0.0154347 0.998472
5.5687 17.8801 1.16801 -0.137946 -0.0318223 0.989928
5.65421 17.8797 1.17992 -0.152642 -0.0244961 0.987978
5.60082 16.9599 1.15002 -0.150577 -0.0216609 0.988361
4.42453 16.9613 1.039 -0.0589364 0.000302549 0.998262
3.27464 16.957 1.08309 0.106118 -0.0236429 0.994072
2.35414 16.9498 1.22506 0.194895 -0.0292393 0.980388
2.25782 16.0335 1.20929 0.190539 -0.0434028 0.98072
3.43949 16.0415 1.05075 0.0885845 -0.0171101 0.995922
4.62572 16.0429 1.05346 -0.0546486 -0.0128005 0.998424
5.63183 16.0428 1.14081 -0.12812 -0.0278331 0.991368
5.62681 15.128 1.11995 -0.127788 -0.00863913 0.991764
4.56812 15.1297 1.03321 -0.0635384 -0.0239096 0.997693
3.54772 15.1273 1.02696 0.0499184 -0.036939 0.99807
2.48285 15.1215 1.14286 0.141782 -0.0202967 0.98969
2.35648 15.1205 1.16135 0.158548 -0.0247696 0.987041
2.31955 14.2071 1.13384 0.143338 -0.031413 0.989175
3.465 14.2144 1.00617 0.0656608 -0.025746 0.99751
4.49044 14.2169 1.00413 -0.0648004 -0.035329 0.997273
5.50091 14.2153 1.08363 -0.102453 -0.0341644 0.994151
5.61244 14.215 1.09511 -0.102452 -0.0341644 0.994151
5.57423 13.3037 1.05824 -0.121064 -0.0131821 0.992557
4.57669 13.3047 0.980001 -0.0323955 -0.0330333 0.998929
3.55878 13.3031 0.973686 0.0788549 -0.0408928 0.996047
2.51437 13.2964 1.07495 0.120697 -0.0472921 0.991562
2.28859 13.2946 1.10479 0.145239 -0.0428726 0.988467
2.30393 12.3833 1.06862 0.161752 -0.0232067 0.986559
3.36817 12.3909 0.953623 0.0668803 -0.0441521 0.996784
4.37657 12.3929 0.940847 -0.0471864 -0.0413948 0.998028
5.43488 12.3912 1.02046 -0.111727 -0.0395262 0.992953
5.66967 12.3904 1.04713 -0.112915 -0.0389517 0.992841
5.65601 11.4801 1.02425 -0.112284 -0.0185038 0.993504
4.4911 11.482 0.923033 -0.0556325 -0.0306969 0.997979
3.29238 11.4798 0.925131 0.0736045 -0.0312445 0.996798
2.34719 11.4724 1.04196 0.147743 -0.0219744 0.988782
2.34982 10.5632 1.00657 0.143495 -0.0524172 0.988262
3.50985 10.5725 0.880029 0.0453878 -0.0446696 0.99797
4.54031 10.574 0.897819 -0.0597078 -0.0371593 0.997524
5.56725 10.5708 0.980213 -0.0957209 -0.0400471 0.994602
5.61358 10.5706 0.985163 -0.10633 -0.0396313 0.993541
5.73471 9.66115 0.959266 -0.114844 -0.0517091 0.992037
4.65856 9.666 0.859924 -0.0870458 -0.0552297 0.994672
3.53547 9.66515 0.835369 0.0724054 -0.0676771 0.995077
2.52273 9.65711 0.933349 0.129383 -0.064505 0.989494
2.33126 9.65506 0.95825 0.131973 -0.0633727 0.989225
2.25946 8.74741 0.911623 0.141771 -0.071091 0.987343
3.30412 8.75834 0.796586 0.0877243 -0.0566017 0.994535
4.42753 8.76083 0.791228 -0.0713455 -0.0708332 0.994933
5.47696 8.75512 0.886209 -0.0963698 -0.0612698 0.993458
5.70213 8.75359 0.910594 -0.108848 -0.069367 0.991635
5.66301 7.8488 0.839657 -0.113992 -0.0917511 0.989236
4.53008 7.85679 0.740977 -0.0787006 -0.0682311 0.994561
3.5164 7.85597 0.729274 0.0536613 -0.0638351 0.996517
2.46928 7.84603 0.816825 0.0822065 -0.0815986 0.993269
2.36478 7.84491 0.826293 0.11906 -0.0854532 0.989203
2.27994 6.94282 0.735759 0.100183 -0.121656 0.987504
3.36154 6.95494 0.660139 0.05205 -0.119 0.991529
4.42858 6.95778 0.650912 -0.0334016 -0.119365 0.992288
5.58555 6.94855 0.728663 -0.0827108 -0.11779 0.989588
5.72819 6.0471 0.630209 -0.126985 -0.13574 0.982573
4.64835 6.06259 0.53529 -0.0709428 -0.158907 0.984741
3.55856 6.06494 0.513707 0.0479569 -0.172133 0.983906
2.54815 6.0502 0.591942 0.0846917 -0.142773 0.986125
2.43779 6.0485 0.601174 0.099845 -0.138397 0.985331
2.82241 30.54 1.27265 0.716639 -0.181217 0.67349
3.77102 30.714 0.976091 -0.00495129 -0.233705 0.972295
4.90294 30.6496 1.06838 -7.63315e-05 -0.76417 0.645015
5.44386 30.4727 1.38537 -0.546658 -0.339641 0.765381
5.51174 30.4493 1.42345 -0.546658 -0.33964 0.765382
