2.34345 1.32068 1.81999 0.102412 -0.303334 0.947324
3.16755 1.91776 1.93369 0.074078 -0.297401 0.951874
4.27114 2.16043 1.97141 -0.0157377 -0.294238 0.955113
5.32573 1.5878 1.88018 -0.0995517 -0.297839 0.949399
4.72051 1.34342 1.7465 -0.0623156 -0.309019 0.948967
3.57599 1.30466 1.7116 0.0476267 -0.312311 0.948785
2.48541 1.32621 1.80678 0.0909169 -0.309236 0.946629
2.42709 1.3258 1.81224 0.0986029 -0.310073 0.945552
2.46678 0.499277 1.53771 0.0905657 -0.316406 0.944271
3.50187 0.498416 1.44562 0.0592484 -0.302286 0.951121
4.66232 0.515668 1.46816 -0.0855911 -0.315975 0.944899
5.67329 0.492623 1.56099 -0.118368 -0.308036 0.943982
6.83033 0.517031 1.7433 -0.164572 -0.302827 0.938729
7.26011 0.980484 1.96933 -0.170282 -0.301064 0.938277
6.51504 1.68615 2.06271 -0.14909 -0.299426 0.942391
5.69178 2.38505 2.16488 -0.104589 -0.283986 0.953088
4.75329 2.85823 2.2277 -0.0787844 -0.296741 0.951703
3.75605 3.11692 2.27268 0.00928847 -0.300906 0.953608
2.84013 2.72176 2.21183 0.0759788 -0.29853 0.95137
1.93063 2.16553 2.13244 0.110887 -0.287527 0.951331
1.16591 1.50106 2.0408 0.158375 -0.298062 0.941299
0.562661 0.710762 1.89489 0.163716 -0.305995 0.937851
1.48967 0.514926 1.6728 0.150353 -0.306751 0.939839
2.21599 0.500072 1.56379 0.122598 -0.314005 0.941463
2.28507 0.499616 1.55488 0.104089 -0.31374 0.943654
