1.07149 30.9478 1.52372 0.546862 -0.74551 0.37697
1.40149 31.5675 2.16848 0.812692 -0.575116 0.0936691
1.88142 32.467 2.12534 0.748147 -0.627095 -0.203081
2.75152 33.1223 1.98025 0.431615 -0.887032 -0.163958
3.68482 33.5336 2.01364 0.0789066 -0.975042 -0.111173
4.77756 33.269 2.0282 -0.481605 -0.870547 -0.0402961
5.70633 32.7049 2.04035 -0.35208 -0.926458 0.1331
6.59749 32.1938 2.12379 -0.635415 -0.75351 0.16873
6.9777 31.5939 1.38977 -0.724514 -0.638226 0.260281
6.20994 32.323 1.30783 -0.600272 -0.79304 0.10374
5.33961 32.8623 1.21563 -0.603895 -0.760718 -0.15987
4.55728 33.5044 1.12153 -0.534035 -0.836619 -0.121963
3.5309 33.5953 1.29313 0.167109 -0.966087 -0.195668
2.55818 33.2085 1.31491 0.381777 -0.876965 -0.291419
1.65465 32.5885 1.30032 0.703695 -0.678451 -0.210992
1.29902 31.5792 1.32901 0.965641 -0.142815 -0.190927
1.07281 30.8963 1.40066 0.709047 -0.633874 0.169879
0.388342 30.4346 1.70676 0.679905 -0.595489 0.427929
0.428936 31.0522 2.57286 0.441348 -0.794153 0.370302
1.09047 31.5538 2.98518 0.518522 -0.827598 0.214983
1.92056 32.2525 2.95175 0.65263 -0.722298 -0.228823
2.75682 32.9716 2.8746 0.643839 -0.761138 -0.078358
3.71615 33.375 2.857 0.0551083 -0.982048 -0.180404
4.6994 33.1954 2.86905 -0.311442 -0.938789 -0.147235
5.73649 32.8161 2.89512 -0.356596 -0.927824 0.108236
6.67103 32.3369 2.9338 -0.652328 -0.752123 0.0913204
7.51061 31.6087 2.8361 -0.590986 -0.760266 0.269687
7.58482 31.1643 1.9551 -0.650768 -0.683163 0.331345
7.63654 30.4545 1.29027 -0.738532 -0.332495 0.586197
7.57434 29.5169 0.806445 -0.602003 -0.305588 0.737705
7.56194 28.6722 0.403368 -0.491437 -0.238224 0.828028
7.20344 29.3569 0.383758 -0.682815 -0.243237 0.688912
7.00149 30.4867 0.425886 -0.860489 -0.12481 0.487454
6.70079 31.4621 0.473167 -0.792782 -0.450149 0.40034
6.07665 32.3225 0.483469 -0.815883 -0.54164 0.197224
5.45669 33.2361 0.400319 -0.635133 -0.561329 -0.53058
4.5918 33.8838 0.301912 -0.306972 -0.650562 -0.689515
3.77504 33.8199 0.432677 0.159556 -0.934438 -0.318383
2.77224 33.5671 0.474455 0.322723 -0.896893 -0.302379
1.78653 33.059 0.475732 0.575832 -0.70959 -0.400482
1.15156 32.2028 0.488542 0.907156 -0.209666 -0.364841
1.13265 31.1764 0.505238 0.960357 0.0439801 -0.275281
0.929992 30.1614 0.468245 0.816688 -0.337471 0.443997
0.806633 29.0854 0.358411 0.754666 0.0861101 0.650434
0.841147 28.0091 0.299018 0.561247 -0.0448518 0.826398
1.03261 27.0017 0.213515 0.382715 0.0833306 0.920101
1.27285 25.9743 0.189926 0.368246 0.0443167 0.928672
1.3363 24.8965 0.201645 0.365817 0.0210796 0.930432
1.46363 23.8301 0.17067 0.355239 0.0216193 0.934526
1.51966 22.8037 0.166494 0.325533 0.0140276 0.945427
1.48684 21.7108 0.180709 0.349016 0.00121214 0.937116
1.44929 20.6719 0.181684 0.341306 -0.0213988 0.939696
1.37382 19.5067 0.160926 0.322783 -0.0433277 0.945481
1.24217 18.4496 0.159136 0.304326 -0.0339362 0.951955
1.12183 17.3174 0.154148 0.293233 -0.0449526 0.954982
1.00661 16.3245 0.139186 0.28405 -0.0509023 0.957456
0.736884 15.2404 0.155941 0.278962 -0.0586784 0.958507
0.47619 14.7977 0.20402 0.276851 -0.0612517 0.958959
0.529574 15.8816 0.25552 0.281242 -0.0566507 0.95796
0.533969 16.9531 0.315175 0.289836 -0.0516021 0.955684
0.512875 18.0879 0.378338 0.305057 -0.0476849 0.95114
0.49264 19.1628 0.438984 0.317887 -0.0539795 0.946591
0.491634 20.2363 0.498987 0.322838 -0.053128 0.944961
0.487058 21.2555 0.545692 0.339802 -0.0262613 0.94013
0.469098 22.2819 0.565101 0.362938 0.000389135 0.931808
0.487969 23.4205 0.55315 0.371632 0.00966079 0.928329
0.489807 24.6085 0.536539 0.362581 0.0151964 0.931829
0.518813 25.678 0.50162 0.367443 0.0276895 0.929634
0.475889 26.7193 0.477083 0.425798 0.00746185 0.904788
0.469624 27.7703 0.517527 0.497804 -0.114976 0.859635
0.458175 28.7997 0.683921 0.619896 -0.11643 0.775998
0.366667 29.7741 0.966881 0.625987 -0.389295 0.647864
0.38694 30.4123 1.67804 0.679905 -0.595489 0.427929
7.57792 28.0602 0.319547 -0.535781 -0.0579528 0.842366
7.30046 27.0584 0.168836 -0.371606 0.0595642 0.926431
7.20462 26.0408 0.151776 -0.301593 -0.012126 0.95336
7.25997 25.0365 0.162876 -0.296268 0.0087695 0.955065
7.17737 24.0123 0.159543 -0.297399 0.0290428 0.954311
7.08644 22.9446 0.156126 -0.28807 0.0145917 0.957498
6.94036 21.9329 0.129538 -0.278557 0.0184338 0.960243
6.9662 20.9193 0.139693 -0.271433 -0.00867248 0.962418
7.05013 19.9059 0.147591 -0.267996 -0.0193557 0.963225
7.09966 18.7659 0.130039 -0.256902 -0.0297939 0.965978
7.19453 17.7458 0.126084 -0.246584 -0.0380437 0.968374
7.48322 17.4578 0.187326 -0.240495 -0.044311 0.969639
7.51781 18.4888 0.234101 -0.257896 -0.029217 0.965726
7.49127 19.4952 0.258847 -0.263442 -0.0267234 0.964303
7.47031 20.5802 0.275781 -0.267357 -0.0148114 0.963484
7.50362 21.6399 0.293228 -0.270404 -0.000571327 0.962747
7.49764 22.6835 0.282704 -0.289213 0.00882576 0.957224
7.46885 23.7025 0.258511 -0.294699 0.0225241 0.955325
7.48205 24.7056 0.236884 -0.300573 0.0179824 0.953589
7.48757 25.7769 0.238002 -0.301794 -0.0117812 0.9533
7.54515 26.8992 0.272251 -0.384219 -0.00258 0.923238
7.56477 27.8654 0.297777 -0.537319 -0.0456792 0.84205
7.33521 16.9308 0.124725 -0.238143 -0.0482333 0.970028
7.338 16.8326 0.120621 -0.236266 -0.0507211 0.970357
7.43818 16.4628 0.128037 -0.229503 -0.0432244 0.972348
7.52054 16.3407 0.142467 -0.230394 -0.0357994 0.972439
7.50884 16.481 0.145524 -0.229503 -0.0432242 0.972348
7.47983 15.6721 0.109053 -0.210853 -0.0341116 0.976922
7.51308 15.6162 0.114277 -0.210724 -0.0334613 0.976973
7.51208 15.6266 0.114424 -0.210853 -0.0341113 0.976922
