3.84354 19.2428 3.33144 0.0147737 -0.0309058 0.99934
3.97063 18.0516 3.28571 -0.0186698 -0.041182 0.998977
4.03393 17.0531 3.28169 0.00690343 -0.014931 0.999865
4.01798 16.0864 3.29007 0.00769821 0.0048785 0.999906
4.33907 16.8965 3.27724 0.00662392 0.00273294 0.999818
4.46208 17.9927 3.29817 -0.0405925 -0.0295482 0.998739
4.54571 19.008 3.3167 -0.025454 -0.0423985 0.998488
4.63432 20.1482 3.34106 -0.0325048 -0.00360884 0.999465
4.71773 21.1631 3.3448 -0.0700486 -0.00542288 0.997529
4.74496 22.2668 3.35489 -0.0906735 -0.0153835 0.995739
4.72462 23.3568 3.38274 -0.0450548 -0.0277377 0.998599
4.68962 24.5043 3.38429 -0.0671418 -0.0167667 0.997581
4.63503 25.5155 3.37741 -0.0452448 0.0266179 0.998621
4.48815 26.4967 3.39574 -0.0245264 -0.0598544 0.997686
3.95922 25.9323 3.37582 0.0699172 -0.0170525 0.997016
4.03569 24.8967 3.3527 0.00933901 0.00539162 0.997846
3.89848 23.8595 3.37368 0.0206278 0.0160786 0.999658
3.86466 22.8096 3.37244 0.0134805 -0.030354 0.999448
3.94284 21.7512 3.33659 0.0492646 -0.0905464 0.994673
3.89509 20.5733 3.33483 0.0480939 -0.00457249 0.998775
3.85665 19.4756 3.33889 0.0446576 -0.037488 0.998299
3.84744 19.2872 3.33223 0.0292444 -0.0281698 0.999013
3.01149 19.2531 3.40065 0.109541 0.0155305 0.993861
3.1308 18.2278 3.37145 0.120248 -0.00619064 0.992725
3.18325 17.1904 3.34239 0.112383 -0.0315372 0.993164
3.1681 16.1268 3.31912 0.0663327 -0.029621 0.997358
3.34052 15.1437 3.27941 0.0703643 -0.0287249 0.997095
3.68949 14.0165 3.22845 0.0415734 -0.0175113 0.998982
4.29056 13.4364 3.20315 -0.0219642 -0.0290599 0.999336
4.71695 14.444 3.2544 -0.0665416 -0.00679234 0.997761
5.02675 15.5884 3.30096 -0.051577 -0.0267772 0.99831
5.1093 16.6124 3.32747 -0.0920205 -0.00778584 0.995222
5.25401 17.6437 3.37059 -0.11664 -0.0141274 0.993074
5.38124 18.6776 3.38453 -0.130315 0.0114204 0.991407
5.4265 19.8479 3.40092 -0.0871092 -0.0350525 0.995582
5.51555 20.8449 3.42963 -0.158437 -0.0195112 0.987176
5.58539 21.9298 3.45843 -0.171312 0.0152168 0.984874
5.5666 22.9765 3.45209 -0.162032 0.017119 0.986637
5.54645 24.0403 3.46708 -0.144894 -0.0118978 0.989376
5.49728 25.2188 3.48144 -0.145406 0.00395576 0.989364
5.38904 26.2558 3.46779 -0.152494 -0.0405199 0.987385
4.94325 27.2558 3.47836 -0.0640795 -0.0945754 0.993392
4.10815 27.8925 3.48341 -0.0109465 -0.0689943 0.997446
3.4145 27.0528 3.47887 0.0806414 -0.0631274 0.994511
3.13662 26.1102 3.47812 0.146607 -0.00160709 0.988696
3.24332 25.0248 3.46354 0.239359 -0.0181916 0.969915
3.06242 23.8529 3.46055 0.131549 -0.022035 0.991065
3.03032 22.8248 3.45307 0.136959 -0.00812408 0.99009
3.10293 21.7868 3.44803 0.167859 -0.0142181 0.985141
3.06259 20.758 3.42038 0.133736 -0.0407139 0.99018
3.02333 19.665 3.393 0.0923261 -0.03629 0.994473
3.01644 19.4385 3.39721 0.109541 0.0155305 0.993861
4.02472 15.9884 3.28868 0.00507259 -0.0339162 0.99939
4.22972 16.0134 3.28971 -0.000445973 -0.0375116 0.999296
4.0475 15.5427 3.27413 0.0107281 -0.0434165 0.998999
4.14185 15.3677 3.26551 0.00413923 -0.0397428 0.999173
4.13695 15.3821 3.26619 0.010728 -0.0434171 0.998999
