3.0808 40.9837 0.244318 0.062898 -0.0214789 -0.997789
3.18144 39.9392 0.252056 0.0855117 0.00904279 -0.996289
3.46035 38.9691 0.258778 0.0483391 0.0227556 -0.998572
3.78859 38.1241 0.294117 0.0743037 -0.0038667 -0.997228
3.99962 39.1189 0.282166 -0.0158048 0.0537874 -0.998427
4.2414 40.0959 0.275049 -0.104437 0.0128804 -0.994448
4.36961 41.143 0.244664 -0.0304275 -0.0054453 -0.999522
4.16641 42.1511 0.234825 -0.0198805 -0.0320632 -0.999288
3.45029 42.3526 0.22824 0.0750963 -0.0436674 -0.99622
3.09367 41.3203 0.237766 0.0679055 -0.0219666 -0.997442
3.08211 41.0603 0.24275 0.0628981 -0.0214787 -0.997789
1.80511 41.1332 0.115673 0.12633 -0.00976231 -0.99194
1.96747 42.1989 0.104288 0.117607 -0.0630586 -0.991056
2.3946 43.1425 0.0903667 0.101447 -0.0602469 -0.993015
3.21016 43.8499 0.0942281 0.0512937 -0.114128 -0.992065
4.3776 43.8714 0.0974112 -0.0239588 -0.107431 -0.993924
5.16346 43.2381 0.0967776 -0.127046 -0.0592621 -0.990111
5.46843 42.2578 0.104521 -0.129621 -0.0456536 -0.990512
5.6755 41.1974 0.108496 -0.12014 -0.0138141 -0.992621
5.52703 40.0698 0.123296 -0.150382 0.0135614 -0.9885
5.32417 39.0441 0.121452 -0.154598 0.0258635 -0.987635
5.10065 38.0578 0.147579 -0.187676 -0.0153156 -0.981936
5.26455 36.9631 0.171057 -0.214718 -0.0708593 -0.97405
5.44428 35.9199 0.205449 -0.249941 -0.0634319 -0.966181
5.58276 34.9291 0.265749 -0.369301 -0.209865 -0.902001
5.85414 33.9692 0.551063 -0.670156 -0.37241 -0.64133
6.21914 32.8951 0.67865 -0.86412 -0.45942 -0.205499
6.8879 32.0328 0.701515 -0.746595 -0.632625 0.205868
7.44454 31.2058 0.688257 -0.802574 -0.367717 0.469745
7.48752 31.5662 1.28585 -0.737653 -0.592911 0.322993
7.47161 31.9108 2.37415 -0.709994 -0.680867 0.178655
6.83066 32.5777 2.70083 -0.636292 -0.751812 0.167802
5.89628 33.0297 2.69051 -0.349365 -0.930673 0.108467
4.94876 33.4326 2.64 -0.433226 -0.894114 -0.0537282
3.93535 33.7257 2.6607 -0.106638 -0.976194 -0.188872
2.93126 33.6829 2.66943 0.370246 -0.884634 -0.257892
2.13385 33.0838 2.71592 0.650199 -0.686125 -0.326303
1.42108 32.2719 2.72764 0.784075 -0.591728 -0.186403
0.720389 31.5815 2.67565 0.541137 -0.812638 0.209318
0.546416 31.1027 1.65612 0.671469 -0.651493 0.353079
0.512573 30.5952 0.772175 0.807878 -0.512006 0.291861
0.73903 31.7066 0.739809 0.979641 0.00320589 -0.20073
1.01382 32.6572 0.68053 0.810146 -0.482377 -0.333132
1.65443 33.46 0.644392 0.679462 -0.650116 -0.340117
2.45734 34.0721 0.674596 0.489475 -0.815063 -0.309978
3.08266 34.6742 0.261179 0.203329 -0.223371 -0.92861
2.95033 35.717 0.213483 0.277861 0.0501182 -0.959312
2.71506 36.7426 0.184265 0.262974 0.0169274 -0.964655
2.49218 37.7544 0.133593 0.176215 -0.0126602 -0.98427
2.17392 38.7252 0.107665 0.136741 0.0302093 -0.990146
1.91126 39.7959 0.113789 0.148297 0.034902 -0.988319
1.80279 40.8195 0.116984 0.141184 0.000620769 -0.989906
1.80173 40.8947 0.117591 0.129684 6.13883e-05 -0.991501
4.38378 34.5664 0.574254 0.0680511 -0.427408 -0.901494
3.86149 34.0645 1.26443 -0.0189273 -0.9414 -0.328024
4.7951 33.8473 1.29883 -0.250264 -0.819583 -0.505183
4.39884 34.5004 0.60668 0.0797108 -0.408653 -0.908904
4.39233 34.5153 0.599092 0.0680511 -0.427408 -0.901494
