2.66562 1.57173 1.77851 0.093549 -0.3076 0.946906
3.75529 1.55428 1.68718 0.0322163 -0.31295 0.94868
4.86783 1.59553 1.75009 -0.0890262 -0.30366 0.948612
4.86942 2.07134 1.90328 -0.0747456 -0.304142 0.94969
4.07181 2.7116 2.0606 -0.00988166 -0.292772 0.955358
3.1612 2.14705 1.91972 0.0728067 -0.302008 0.950504
2.68463 1.65912 1.80502 0.093549 -0.3076 0.946906
2.63935 0.59462 1.4632 0.0873773 -0.311962 0.946068
1.46484 0.620664 1.61818 0.151838 -0.313126 0.937389
0.612929 0.927896 1.86674 0.16815 -0.30403 0.937705
1.09633 1.75432 2.04595 0.162488 -0.301518 0.939513
1.93625 2.50768 2.15202 0.132002 -0.282256 0.950214
2.76291 3.10923 2.25126 0.0740265 -0.289632 0.954263
3.53965 3.92668 2.38977 0.0590372 -0.202327 0.977537
4.32543 3.98472 2.39266 -0.052935 -0.20473 0.977386
5.01901 3.1898 2.26196 -0.106957 -0.249294 0.962063
5.87549 2.58178 2.16002 -0.115467 -0.285526 0.95139
6.67736 1.86945 2.0582 -0.159816 -0.298185 0.940953
7.34025 1.08567 1.92959 -0.172161 -0.301296 0.93786
6.74377 0.610908 1.66854 -0.158452 -0.304873 0.939119
5.61547 0.579934 1.49204 -0.110656 -0.315406 0.942483
4.51373 0.609024 1.39942 -0.0517407 -0.316873 0.946973
3.41774 0.587305 1.39753 0.0609487 -0.315184 0.947034
2.90624 0.592054 1.43771 0.0819282 -0.314117 0.945824
2.86176 0.592371 1.44192 0.0873771 -0.311962 0.946068
