3.75816 18.0961 3.2141 0.0934402 -0.00530283 0.995611
3.82155 16.9282 3.2064 0.0409456 -0.0110542 0.999054
3.87535 15.8607 3.19922 0.0133774 -0.0280664 0.999515
3.84161 14.7229 3.16588 0.0226655 -0.0394881 0.998836
3.98488 13.7076 3.12976 -0.00341644 -0.0312247 0.999338
4.31718 13.7508 3.13236 -0.0260519 -0.0433312 0.998706
4.46994 14.8228 3.16632 -0.0425742 -0.0115297 0.999027
4.4083 15.8293 3.19793 -0.0353048 -0.0237085 0.999095
4.49679 16.8713 3.20007 -0.0173525 0.0175534 0.999458
4.65491 18.0239 3.21713 -0.0774164 -0.0217796 0.995933
4.65414 19.0394 3.2361 -0.0541998 -0.058862 0.996794
4.698 20.1172 3.25575 -0.037138 0.0077668 0.99928
4.78445 21.2192 3.26555 -0.0773927 -0.0288209 0.996584
4.80998 22.3138 3.27478 -0.103195 -0.0184641 0.994453
4.77263 23.3627 3.29288 -0.040583 -0.0191779 0.998992
4.77214 24.4755 3.29332 -0.0771414 -0.0147132 0.996911
4.70391 25.5312 3.28334 -0.0606234 -0.00586392 0.998143
4.44356 26.5846 3.30628 -0.00015032 -0.0742565 0.997239
3.90369 26.0548 3.28985 0.0402526 -0.0537664 0.997742
3.85163 24.9898 3.27664 0.109813 0.0123698 0.993875
3.82624 23.9864 3.28244 0.0380323 0.0157626 0.999152
3.87354 22.9262 3.28491 0.00891514 -0.0219448 0.999719
3.77478 21.8883 3.26219 0.0824826 0.00298282 0.996001
3.78113 20.7811 3.2526 0.0409871 -0.0184274 0.99899
3.81364 19.7535 3.26062 0.0450289 0.0226959 0.998728
3.76438 18.5758 3.22476 0.0437972 -0.0393888 0.998264
3.76128 18.3205 3.215 0.0469913 -0.0275477 0.997185
2.75891 18.3403 3.35104 0.15039 0.00209427 0.988408
2.79468 17.2192 3.31764 0.160155 -0.045692 0.986034
2.89989 16.1335 3.27361 0.119558 -0.0110733 0.992762
2.8309 15.0773 3.2389 0.118001 -0.0273251 0.992581
2.96397 14.033 3.20294 0.0995276 -0.0316639 0.994433
3.22391 12.9317 3.13849 0.0689528 -0.0345398 0.996953
3.44566 11.766 3.07511 0.0851656 -0.0474885 0.995234
3.77181 10.8013 3.01296 0.0404366 -0.0580218 0.997496
3.93991 9.82359 2.96391 -0.00678879 -0.0584283 0.998213
4.27884 10.5767 2.99849 -0.0581536 -0.0439552 0.997325
4.72548 11.5681 3.06514 -0.0602654 -0.039618 0.997353
5.01791 12.6865 3.12617 -0.0648613 -0.0409495 0.996949
5.35188 13.7975 3.19298 -0.0912502 -0.0457078 0.994761
5.46718 14.8709 3.23589 -0.110366 -0.0188007 0.993713
5.40724 16.0518 3.26555 -0.122727 -0.0323731 0.991896
5.54684 17.1384 3.31386 -0.150866 -0.0370751 0.987859
5.64897 18.2369 3.34884 -0.164732 0.000278782 0.986157
5.66069 19.3229 3.35587 -0.185812 -0.0246004 0.982277
5.70995 20.4393 3.38108 -0.183349 0.0067636 0.983025
5.78053 21.4767 3.40726 -0.185046 0.00710857 0.982704
5.79351 22.4772 3.40735 -0.223203 0.018173 0.974603
5.75368 23.6022 3.41281 -0.215744 0.00216178 0.976447
5.74721 24.6755 3.43135 -0.229169 -0.0280791 0.972982
5.65761 25.7441 3.4108 -0.248563 -0.0168387 0.968003
5.37182 26.9833 3.40549 -0.232333 -0.110387 0.966352
4.70097 27.7795 3.41112 -0.103829 -0.155227 0.981819
3.82066 27.8913 3.39695 0.106207 -0.126385 0.985943
3.24917 27.0356 3.40559 0.133848 -0.116768 0.984099
2.93945 25.9927 3.42551 0.237338 -0.00769966 0.971397
2.9404 24.9194 3.42761 0.26192 -0.0130965 0.96447
2.85868 23.9057 3.41695 0.226903 -0.0312283 0.973324
2.89546 22.774 3.39791 0.177935 -0.015401 0.983866
2.788 21.6893 3.4148 0.211204 -0.00595222 0.977424
2.80121 20.64 3.38708 0.199313 -0.0324543 0.979398
2.82004 19.5184 3.34673 0.19206 0.000792832 0.981383
2.76243 18.5839 3.34702 0.18766 -0.00310043 0.982229
2.75981 18.4988 3.34725 0.169019 0.0098449 0.985297
