1.45883 37.2498 2.28057 0.257719 -0.106144 -0.959744
1.52485 38.4395 2.12548 0.241945 -0.0987117 -0.964415
1.55436 39.4872 2.09116 0.162769 0.0104473 -0.98659
1.54113 40.5102 2.08682 0.162946 -0.0123033 -0.986552
1.53745 41.6509 2.06039 0.164564 -0.0231175 -0.986092
1.55224 42.7383 2.01924 0.129297 -0.052716 -0.990194
1.55335 43.8661 1.91448 0.147968 -0.120294 -0.981649
1.57644 44.9152 1.78813 0.146117 -0.137361 -0.979667
1.56938 46.0012 1.62814 0.153466 -0.184078 -0.970857
1.54411 47.0344 1.38791 0.148933 -0.232997 -0.960988
1.59951 48.1694 1.05326 0.13866 -0.307144 -0.941436
2.4825 48.4681 1.06658 0.099195 -0.289917 -0.951897
3.49477 48.4936 1.14533 0.0505983 -0.280873 -0.958361
4.54393 48.5009 1.13484 -0.0689401 -0.271491 -0.959969
5.59157 48.4839 1.04409 -0.115848 -0.292354 -0.949267
6.43738 48.0341 1.06633 -0.174541 -0.310417 -0.934439
6.42227 47.0523 1.35591 -0.12982 -0.262976 -0.956029
6.43278 46.0106 1.59023 -0.171055 -0.188171 -0.967126
6.44573 44.9828 1.73443 -0.157923 -0.104659 -0.981889
6.46328 43.9882 1.84701 -0.161083 -0.121862 -0.97918
6.44546 42.9795 1.93356 -0.176683 -0.0664503 -0.982022
6.44964 41.9371 1.96579 -0.164007 -0.00643571 -0.986438
6.43815 40.9069 1.97274 -0.185982 -0.000602051 -0.982553
6.45445 39.8193 1.96598 -0.211032 0.0183842 -0.977306
6.45416 38.7713 1.9779 -0.200532 -0.043207 -0.978734
6.53453 37.7364 2.09277 -0.320746 -0.131834 -0.937946
6.56387 36.7111 2.23707 -0.383415 -0.10422 -0.917677
6.14829 36.3654 2.46414 -0.386258 -0.151954 -0.909788
5.19427 36.7893 2.65102 -0.223204 -0.222815 -0.948794
4.1164 37.023 2.79944 -0.121008 -0.223221 -0.966965
3.03884 36.8979 2.68338 0.187907 -0.210783 -0.959303
2.06586 36.5317 2.5204 0.279479 -0.115845 -0.952835
1.47182 36.8058 2.31997 0.280812 -0.0864021 -0.955806
1.46349 37.0797 2.29557 0.276388 -0.0769249 -0.957963
0.52858 37.0469 1.93632 0.408564 -0.0690978 -0.910106
0.539551 35.9817 2.01503 0.418648 -0.0276843 -0.907678
0.460763 34.9579 2.07089 0.563363 -0.30805 -0.766166
0.475988 34.1537 2.73582 0.605307 -0.605845 -0.515768
1.27897 34.7801 2.82243 0.643676 -0.633197 -0.429818
2.11214 35.4675 2.81772 0.435966 -0.569961 -0.696475
3.04518 35.9036 2.94014 0.257208 -0.330271 -0.901907
4.0926 36.076 3.03328 0.0985958 -0.262814 -0.959793
5.13285 35.8042 2.9319 -0.287644 -0.408001 -0.866485
6.03896 35.3765 2.83992 -0.457907 -0.650418 -0.606033
6.91069 34.5749 2.83265 -0.634836 -0.564656 -0.527396
7.5122 34.3089 2.55847 -0.54663 -0.465627 -0.695979
7.49235 35.2494 2.06692 -0.468941 -0.319766 -0.823313
7.49968 36.2147 1.80754 -0.492459 -0.133409 -0.860042
7.48586 37.2595 1.71204 -0.458448 -0.0515509 -0.887225
7.43585 38.2662 1.70678 -0.339872 0.0121452 -0.940393
7.41023 39.328 1.72532 -0.246619 0.0327184 -0.96856
7.43365 40.3694 1.74287 -0.237444 0.010941 -0.971324
7.41741 41.4035 1.76084 -0.236716 0.0106712 -0.97152
7.42367 42.5503 1.76164 -0.194896 -0.0203402 -0.980613
7.43784 43.5658 1.70087 -0.205305 -0.0863524 -0.974881
7.4323 44.5973 1.59593 -0.189028 -0.103044 -0.97655
7.43849 45.6716 1.46613 -0.188725 -0.140106 -0.971982
7.41302 46.6688 1.28454 -0.177186 -0.237778 -0.954832
7.45398 47.7024 0.981427 -0.200401 -0.299472 -0.932663
7.4247 48.7295 0.630741 -0.20773 -0.328733 -0.921294
7.00147 49.4537 0.460107 -0.192456 -0.336277 -0.921888
5.83773 49.4256 0.692692 -0.143303 -0.321401 -0.936037
4.81921 49.4411 0.817103 -0.106647 -0.316944 -0.942429
3.80143 49.4469 0.862284 0.0155551 -0.280299 -0.959787
2.67246 49.4429 0.766214 0.108349 -0.322985 -0.940138
1.60474 49.4568 0.605223 0.176303 -0.342259 -0.922917
0.62731 49.3557 0.448748 0.191387 -0.337897 -0.921515
0.59395 48.356 0.802478 0.183932 -0.330473 -0.92572
0.563542 47.4025 1.11712 0.1783 -0.307395 -0.934729
0.565071 46.2633 1.41115 0.160911 -0.213309 -0.963642
0.591358 45.1538 1.5961 0.177097 -0.125711 -0.976103
0.57293 44.1212 1.72464 0.172088 -0.113707 -0.978497
0.578877 43.0869 1.83737 0.169709 -0.0651004 -0.983224
0.57143 41.9544 1.88346 0.182513 -0.0243727 -0.982878
0.576143 40.9002 1.90254 0.19387 -0.0166098 -0.980882
0.571775 39.7859 1.91441 0.195177 0.002156 -0.980667
0.565813 38.7429 1.88564 0.24869 0.0352077 -0.967943
0.516109 37.695 1.88389 0.401736 -0.0680655 -0.913222
0.519729 37.2026 1.921 0.408764 -0.0663467 -0.910225
2.00711 37.9881 2.28666 0.168424 -0.162379 -0.972248
3.00568 38.0201 2.42511 0.128327 -0.188811 -0.973593
4.00553 38.0491 2.53378 0.0267383 -0.270309 -0.962402
5.07556 38.0142 2.37751 -0.167772 -0.215633 -0.961954
6.01316 37.979 2.19811 -0.201872 -0.196227 -0.959553
5.91843 38.8977 2.08051 -0.178007 -0.0399071 -0.98322
4.92387 38.9175 2.25917 -0.15193 -0.121294 -0.980921
3.79195 38.9277 2.35399 0.0408254 -0.0535267 -0.997732
2.75291 38.9144 2.25997 0.103702 -0.0378465 -0.993888
2.12101 38.9049 2.18594 0.147836 -0.059118 -0.987243
2.13408 39.8209 2.1784 0.128578 0.00743566 -0.991671
3.17596 39.8292 2.28252 0.0774549 -0.027509 -0.996616
4.18666 39.832 2.29872 -0.0470646 0.0147478 -0.998783
5.18525 39.8245 2.19024 -0.146083 -0.00561936 -0.989256
5.91127 39.8169 2.07465 -0.160764 0.00191835 -0.986991
5.81574 40.7342 2.08267 -0.143538 -0.0157945 -0.989519
4.75885 40.741 2.22042 -0.109886 -0.0284022 -0.993538
3.6806 40.7431 2.28318 0.0345712 -0.0201477 -0.999199
2.59365 40.7381 2.209 0.0797781 -0.0266625 -0.996456
2.17706 40.7357 2.17029 0.113387 -0.0211492 -0.993326
2.19144 41.65 2.14354 0.113536 -0.0263211 -0.993185
3.37566 41.6562 2.23597 0.0409183 -0.0351075 -0.998546
4.41656 41.6562 2.22616 -0.0750461 -0.0249037 -0.996869
5.45055 41.6513 2.11561 -0.118585 -0.0114279 -0.992878
5.91265 41.6485 2.05619 -0.13824 -0.0138058 -0.990303
5.92626 42.5621 2.03463 -0.146338 -0.0183215 -0.989065
4.86571 42.5693 2.15293 -0.105168 -0.0415288 -0.993587
3.7882 42.5722 2.2096 0.0333442 -0.0411294 -0.998597
2.78587 42.5681 2.15948 0.088967 -0.0446636 -0.995033
2.07502 42.563 2.09562 0.116017 -0.060043 -0.991431
2.12733 43.475 2.02942 0.104474 -0.113288 -0.988054
3.23841 43.4849 2.11841 0.0654017 -0.105012 -0.992318
4.39088 43.4861 2.12642 -0.0486088 -0.133577 -0.989846
5.4968 43.4788 2.03244 -0.10936 -0.0821498 -0.990602
5.8436 43.475 1.98848 -0.141004 -0.0628459 -0.988012
5.83943 44.3824 1.88874 -0.114298 -0.106919 -0.987676
4.83255 44.3942 1.99143 -0.0882401 -0.117331 -0.989165
3.77698 44.3979 2.03931 0.0155968 -0.139478 -0.990102
2.72029 44.3905 1.98038 0.0715248 -0.116153 -0.990653
2.1148 44.3833 1.92873 0.102234 -0.125279 -0.98684
2.09241 45.2888 1.80671 0.124292 -0.128726 -0.98386
3.10315 45.3036 1.89683 0.0402833 -0.118917 -0.992087
4.13107 45.3087 1.92034 -0.0117589 -0.119074 -0.992816
5.17228 45.2994 1.85231 -0.0718691 -0.125474 -0.98949
5.82312 45.2887 1.78028 -0.123974 -0.128264 -0.983961
5.78794 46.1918 1.64388 -0.122292 -0.183107 -0.975457
4.60449 46.213 1.76051 -0.0339583 -0.227311 -0.97323
3.52687 46.2147 1.77048 0.0591545 -0.187443 -0.980493
2.322 46.1963 1.6859 0.0834612 -0.190592 -0.978115
2.0748 46.1916 1.66313 0.11407 -0.191454 -0.97485
2.06284 47.0799 1.4482 0.105192 -0.249944 -0.962529
3.21204 47.1031 1.54012 0.0831346 -0.284955 -0.954929
4.26085 47.1075 1.55359 -0.0485736 -0.273542 -0.960633
5.28938 47.0922 1.48716 -0.0942675 -0.277862 -0.955985
5.78953 47.0819 1.43971 -0.11216 -0.279222 -0.953654
5.70006 47.9621 1.19293 -0.110306 -0.296258 -0.948717
4.68918 47.9834 1.27941 -0.058804 -0.286103 -0.956393
3.56762 47.9867 1.29743 0.0416415 -0.284019 -0.957914
2.51694 47.9675 1.23217 0.0892038 -0.305109 -0.94813
2.46338 47.966 1.22693 0.099106 -0.311796 -0.944966
