1.46293 36.7731 2.44997 0.301577 -0.0965913 -0.948208
1.50828 37.8553 2.30564 0.240173 -0.16216 -0.95709
1.54941 38.9819 2.18394 0.149968 -0.0282246 -0.988288
1.54056 40.0279 2.17793 0.143515 0.0010664 -0.989648
1.53716 41.0641 2.15971 0.130105 -0.0255341 -0.991171
1.57171 42.121 2.1336 0.131476 -0.0296852 -0.990875
1.57561 43.1675 2.07133 0.121041 -0.0820572 -0.98925
1.56887 44.2616 1.95577 0.148097 -0.118911 -0.981798
1.55527 45.2952 1.82495 0.140189 -0.140442 -0.97995
1.55185 46.302 1.65743 0.123575 -0.222855 -0.966987
1.56988 47.4769 1.34618 0.137558 -0.278675 -0.950482
1.75533 48.4618 1.06873 0.14372 -0.304067 -0.941703
2.7555 48.5064 1.1755 0.0830229 -0.283783 -0.955248
3.80266 48.4697 1.25065 0.0290962 -0.278836 -0.959898
4.951 48.4872 1.19453 -0.0842388 -0.29284 -0.952443
6.04094 48.4812 1.06842 -0.138805 -0.285589 -0.948247
6.42896 47.6078 1.28452 -0.141715 -0.281082 -0.94916
6.42156 46.5964 1.56346 -0.15356 -0.218151 -0.963758
6.44574 45.4847 1.75961 -0.142489 -0.137805 -0.980156
6.47185 44.3864 1.8851 -0.166841 -0.108229 -0.980026
6.45076 43.2169 1.99913 -0.168114 -0.0883923 -0.981797
6.43462 42.2034 2.04353 -0.182872 -0.0259604 -0.982772
6.47213 41.1636 2.05849 -0.196093 -0.0013952 -0.980579
6.457 40.1465 2.05955 -0.214232 0.0311301 -0.976287
6.4657 39.1312 2.05072 -0.217686 -0.0135028 -0.975912
6.51255 38.0498 2.15442 -0.346929 -0.138487 -0.927607
6.57505 36.9644 2.30174 -0.355266 -0.173541 -0.918515
6.15238 36.6057 2.53169 -0.310115 -0.170676 -0.934939
5.23966 37.018 2.68778 -0.20885 -0.24137 -0.947693
4.19033 37.3515 2.81332 -0.0512569 -0.298855 -0.94417
3.14889 37.1801 2.74641 0.210691 -0.236859 -0.948402
2.21902 36.8135 2.6319 0.201463 -0.134018 -0.970284
1.4681 36.6851 2.45919 0.281656 -0.0836085 -0.955866
0.526127 36.6435 2.0826 0.41866 -0.080302 -0.904586
0.532584 35.4886 2.13974 0.429257 -0.0335312 -0.90245
0.460044 34.5797 2.46043 0.541415 -0.515877 -0.663353
1.05091 34.7537 2.81828 0.560029 -0.571445 -0.591732
1.88382 35.4669 2.8236 0.40142 -0.430013 -0.808408
2.74831 35.9785 2.94456 0.293064 -0.382965 -0.876043
3.68136 36.3567 3.06821 0.191977 -0.312798 -0.930139
4.68969 36.176 3.03861 -0.269809 -0.255335 -0.928443
5.7764 35.7798 2.92596 -0.356968 -0.41413 -0.830774
6.59559 35.056 2.85395 -0.565791 -0.500298 -0.655425
7.34643 34.336 2.84211 -0.609351 -0.578846 -0.541874
7.4837 35.0301 2.28583 -0.480656 -0.421069 -0.769201
7.48831 36.0331 1.94143 -0.476903 -0.168916 -0.861366
7.48173 37.0425 1.83179 -0.473222 -0.0803236 -0.877198
7.44214 38.0519 1.78857 -0.393776 -0.010372 -0.919148
7.42993 39.0513 1.79783 -0.241498 0.0401099 -0.969572
7.44206 40.1074 1.82625 -0.238028 0.0117623 -0.971187
7.44292 41.1817 1.84086 -0.238097 0.0110786 -0.971178
7.41737 42.3594 1.85451 -0.21671 -0.0131026 -0.976014
7.43558 43.5743 1.78388 -0.190453 -0.0872382 -0.977813
7.43125 44.6994 1.67215 -0.198101 -0.105105 -0.97453
7.40561 45.8219 1.53554 -0.183696 -0.14498 -0.972233
7.41213 46.8374 1.33238 -0.186258 -0.262998 -0.946647
7.41032 47.8026 1.04469 -0.20098 -0.29883 -0.932786
7.40835 48.7846 0.708108 -0.203997 -0.33019 -0.921598
6.97399 49.4397 0.561965 -0.19692 -0.335434 -0.921253
5.85348 49.4487 0.770015 -0.148332 -0.317315 -0.936509
4.80867 49.4381 0.910636 -0.0960702 -0.311559 -0.945193
3.78861 49.4226 0.94892 0.0313196 -0.290142 -0.956419
2.77036 49.4429 0.869635 0.109123 -0.326803 -0.938771
1.74245 49.4307 0.730929 0.159342 -0.343333 -0.925553
0.719091 49.3822 0.549402 0.186836 -0.338656 -0.922174
0.567845 48.4698 0.850684 0.189144 -0.32709 -0.925825
0.565242 47.4699 1.18387 0.18091 -0.284598 -0.941422
0.588027 46.3762 1.48421 0.17539 -0.226584 -0.95807
0.581526 45.3801 1.65105 0.185946 -0.129917 -0.973933
0.579008 44.2355 1.79649 0.171193 -0.113858 -0.978636
0.587866 43.2207 1.91727 0.165393 -0.0904753 -0.981943
0.594985 42.0953 1.97002 0.171572 -0.0143469 -0.985067
0.572313 40.952 1.98795 0.191264 -0.0194072 -0.981347
0.575685 39.9369 2.00164 0.196412 -0.011548 -0.980453
0.561161 38.7268 1.97816 0.230871 0.0228645 -0.972716
0.549741 37.5978 2.00179 0.368299 -0.0818724 -0.92599
0.523987 36.751 2.07206 0.41866 -0.0803024 -0.904586
2.15636 38.0768 2.3903 0.160122 -0.159204 -0.974174
3.15868 38.1078 2.5279 0.141421 -0.210418 -0.967329
4.31996 38.1214 2.5751 -0.0919285 -0.256787 -0.962086
5.31271 38.0883 2.41977 -0.187802 -0.197528 -0.96214
6.00306 38.0641 2.28475 -0.200298 -0.195179 -0.960097
5.87132 38.9761 2.17708 -0.194171 -0.0622081 -0.978993
4.83916 38.9956 2.34564 -0.145513 -0.111423 -0.983062
3.8238 39.0052 2.43099 -0.0263857 -0.11185 -0.993375
2.60434 38.9904 2.32929 0.103816 -0.0442398 -0.993612
2.22764 38.9846 2.28222 0.124501 -0.0160628 -0.992089
2.09911 39.8929 2.25797 0.140267 0.00209561 -0.990112
3.0959 39.9012 2.36089 0.0836477 -0.0210139 -0.996274
4.19458 39.904 2.38692 -0.0304172 -0.0317839 -0.999032
5.21226 39.8958 2.2678 -0.126227 -0.0183683 -0.991831
5.96334 39.8874 2.15226 -0.191902 0.00306576 -0.981409
5.95878 40.7988 2.14879 -0.141822 -0.00190859 -0.98989
4.78315 40.8073 2.3058 -0.126085 -0.0333949 -0.991457
3.73084 40.81 2.35782 -0.000129584 0.0126473 -0.99992
2.65635 40.8053 2.29544 0.094659 -0.0296972 -0.995067
2.1162 40.802 2.24285 0.0995557 -0.0386249 -0.994282
2.07636 41.7095 2.21647 0.114392 -0.0496952 -0.992192
3.1259 41.7151 2.30546 0.0711289 -0.0355779 -0.996832
4.18087 41.7174 2.32955 -0.0422851 -0.038529 -0.998362
5.1836 41.7126 2.23391 -0.115753 -0.0219066 -0.993036
5.91935 41.7085 2.14216 -0.136934 -0.024304 -0.990282
5.88077 42.6165 2.12068 -0.133117 -0.0261753 -0.990755
4.80538 42.6239 2.24769 -0.106364 -0.0392367 -0.993553
3.77763 42.6268 2.29725 0.0409004 -0.045835 -0.998111
2.74038 42.6219 2.24032 0.0865649 -0.0549868 -0.994728
2.19675 42.6178 2.19289 0.0894435 -0.0492582 -0.994773
2.11583 43.5216 2.10594 0.115423 -0.0892447 -0.989299
3.14547 43.5318 2.19689 0.0676863 -0.114564 -0.991107
4.25184 43.5339 2.21408 -0.0270491 -0.0928415 -0.995313
5.36196 43.526 2.12187 -0.110814 -0.112455 -0.987458
5.82696 43.5215 2.06789 -0.119671 -0.0855758 -0.989119
5.88675 44.4225 1.96288 -0.121273 -0.106466 -0.986893
4.84147 44.4344 2.07024 -0.0845786 -0.116038 -0.989637
3.66166 44.4385 2.11444 0.0242711 -0.138703 -0.990037
2.66108 44.4299 2.05478 0.0733883 -0.109165 -0.991311
2.07299 44.4221 1.9988 0.110352 -0.125678 -0.985915
2.17945 45.324 1.90055 0.108062 -0.114931 -0.987478
3.1869 45.3383 1.98027 0.0670958 -0.128962 -0.989377
4.40639 45.3423 1.99968 -0.0265979 -0.135422 -0.990431
5.45829 45.3291 1.90359 -0.0978632 -0.121372 -0.987771
5.91653 45.3225 1.85921 -0.0981494 -0.119389 -0.987984
5.84563 46.2181 1.71947 -0.112746 -0.207947 -0.971621
4.81227 46.2374 1.82414 -0.0734083 -0.172441 -0.982281
3.70087 46.2439 1.86869 0.0342473 -0.227924 -0.973076
2.68644 46.2301 1.80159 0.0947933 -0.206606 -0.973821
2.10056 46.2181 1.74402 0.0929813 -0.171569 -0.980774
2.10234 47.0999 1.52929 0.0996563 -0.280542 -0.954654
3.18229 47.1219 1.61837 0.0760361 -0.292969 -0.953094
4.30612 47.1294 1.6405 -0.0218033 -0.276708 -0.960707
5.34163 47.1129 1.56509 -0.0964055 -0.269419 -0.958186
5.91318 47.0997 1.50634 -0.115557 -0.274566 -0.9546
5.5701 47.9783 1.28666 -0.109837 -0.28963 -0.950816
4.76536 47.9963 1.35826 -0.0708701 -0.284864 -0.955945
2.85555 47.9899 1.34092 0.0798206 -0.293014 -0.952771
2.30251 47.9767 1.29387 0.0982061 -0.291709 -0.951452
2.27309 47.9759 1.29108 0.0982061 -0.291709 -0.951452
