1.45221 37.3942 2.57397 0.246669 -0.137975 -0.958555
1.54062 38.4088 2.43487 0.174508 -0.118435 -0.977507
1.56594 39.4067 2.36368 0.180119 0.00315323 -0.983636
1.5291 40.4365 2.34645 0.168962 -0.0223285 -0.985294
1.56116 41.6382 2.31634 0.150498 -0.0319704 -0.988093
1.57762 42.7334 2.27828 0.155879 -0.0393821 -0.986991
1.53938 43.772 2.18021 0.160518 -0.0997729 -0.981955
1.52856 44.9605 2.03202 0.149276 -0.120051 -0.981479
1.55568 46.0426 1.88506 0.163673 -0.164613 -0.972121
1.55174 47.0612 1.64242 0.145883 -0.260774 -0.954303
1.54962 48.0696 1.34536 0.155212 -0.298794 -0.941548
2.34919 48.4875 1.31876 0.119813 -0.295669 -0.947666
3.35418 48.4578 1.41403 0.043419 -0.304333 -0.951479
4.39563 48.475 1.41214 -0.0556285 -0.281705 -0.957887
5.49891 48.4796 1.31889 -0.105869 -0.291614 -0.950609
6.42604 48.2294 1.27386 -0.174774 -0.312947 -0.93355
6.42654 47.1928 1.5801 -0.136709 -0.269001 -0.953388
6.44474 46.1423 1.83376 -0.151266 -0.141901 -0.978067
6.48397 45.0847 1.97383 -0.166173 -0.1065 -0.980325
6.45494 44.0137 2.0959 -0.153171 -0.118128 -0.981114
6.44536 42.9488 2.19192 -0.174645 -0.0672784 -0.982209
6.44249 41.8646 2.22663 -0.176806 -0.0055266 -0.98405
6.462 40.83 2.22884 -0.195205 -0.00517093 -0.980731
6.44117 39.8247 2.23441 -0.213807 0.00824798 -0.976745
6.48155 38.7631 2.25554 -0.258083 -0.0680109 -0.963669
6.53368 37.6987 2.40607 -0.344086 -0.140925 -0.928302
6.49539 36.7025 2.59063 -0.366254 -0.188842 -0.910789
5.69058 37.3179 2.71702 -0.204787 -0.208785 -0.95628
4.82142 38.0981 2.70621 -0.178162 -0.250238 -0.951651
3.68045 38.2696 2.75288 0.0206893 -0.266047 -0.963738
2.77772 37.7594 2.7354 0.13233 -0.178447 -0.975011
2.05154 37.0668 2.75345 0.200762 -0.182301 -0.962152
1.45368 37.2072 2.59525 0.240512 -0.0913427 -0.966115
0.510967 37.1506 2.256 0.406534 -0.0700207 -0.910948
0.530519 36.0257 2.35482 0.408981 -0.0430917 -0.911523
0.459877 34.9189 2.54471 0.554947 -0.435473 -0.701701
1.01865 35.0073 2.87843 0.513446 -0.551675 -0.657288
1.75385 35.6846 2.91956 0.360514 -0.325791 -0.874008
2.62119 36.2185 3.05486 0.221961 -0.278816 -0.934046
3.33822 36.9937 3.02462 0.222481 -0.258302 -0.940097
4.2942 37.3197 3.02262 -0.199929 -0.305482 -0.930972
5.03923 36.5362 3.05417 -0.236195 -0.241649 -0.941162
5.90521 35.9808 2.98485 -0.306376 -0.318597 -0.896785
6.6698 35.3185 2.8841 -0.453313 -0.40388 -0.793902
7.39001 34.6142 2.83116 -0.488369 -0.567176 -0.663179
7.48236 35.4999 2.30868 -0.431676 -0.337728 -0.836418
7.47448 36.532 2.10174 -0.473562 -0.08958 -0.876193
7.47367 37.5583 2.01205 -0.464368 -0.0753413 -0.88238
7.44466 38.5672 1.97905 -0.297222 -0.0276667 -0.953575
7.42543 39.6844 1.99746 -0.239769 0.0194128 -0.970635
7.4285 40.7945 2.0146 -0.237242 0.0142266 -0.97134
7.42878 41.8185 2.02434 -0.233864 0.011948 -0.972196
7.4246 43.0789 2.00188 -0.211941 -0.0431401 -0.97633
7.43924 44.2402 1.89049 -0.196639 -0.0978264 -0.975583
7.44093 45.3699 1.76563 -0.187272 -0.112411 -0.975854
7.42396 46.5253 1.58427 -0.183326 -0.210457 -0.959986
7.41867 47.5631 1.29774 -0.182987 -0.292159 -0.938701
7.43173 48.6959 0.916584 -0.202034 -0.323208 -0.92451
6.99019 49.4204 0.747609 -0.190064 -0.341574 -0.920436
5.94581 49.4355 0.941134 -0.150757 -0.330956 -0.931512
4.79519 49.4401 1.08746 -0.107554 -0.29304 -0.950031
3.6573 49.4284 1.1293 0.0376684 -0.303156 -0.952172
2.5548 49.4632 1.02295 0.104332 -0.335852 -0.936047
1.44323 49.4237 0.861294 0.174779 -0.336027 -0.925493
0.57252 49.1108 0.802263 0.193098 -0.33857 -0.920911
0.564739 48.1508 1.14381 0.200043 -0.315669 -0.927543
0.575967 47.1323 1.46623 0.172213 -0.266567 -0.948235
0.572216 46.068 1.71888 0.152207 -0.186248 -0.970641
0.552604 45.0496 1.86264 0.169468 -0.129185 -0.977032
0.553693 43.9515 1.99831 0.164602 -0.115474 -0.979578
0.584219 42.911 2.10823 0.179617 -0.0678164 -0.981396
0.577344 41.745 2.14551 0.188325 -0.0193077 -0.981908
0.563899 40.5407 2.16647 0.190557 -0.0119293 -0.981604
0.563929 39.4566 2.17718 0.187185 0.00443812 -0.982303
0.554997 38.436 2.1737 0.268427 -0.0457294 -0.962214
0.505768 37.3718 2.23668 0.406535 -0.0700205 -0.910948
2.03673 38.1991 2.55262 0.145315 -0.165034 -0.975524
2.51477 38.2111 2.61717 0.133803 -0.17039 -0.97625
2.08973 39.0987 2.45205 0.135416 -0.0500788 -0.989522
3.22811 39.1126 2.57789 0.125216 -0.0710017 -0.989586
4.30251 39.1156 2.60257 -0.0926365 -0.0723189 -0.99307
5.33642 39.0989 2.45769 -0.167737 -0.0565979 -0.984206
5.84492 39.0894 2.36288 -0.203701 -0.0627956 -0.977017
5.81747 39.9933 2.35117 -0.173114 0.00684602 -0.984878
4.75918 40.0034 2.49887 -0.105697 -0.0156017 -0.994276
3.54907 40.0079 2.56663 0.0217288 -0.00170233 -0.999762
2.43949 40.0017 2.47152 0.103765 -0.0154035 -0.994483
2.18003 39.9997 2.44185 0.110789 -0.0205874 -0.993631
2.07598 40.8976 2.40709 0.118265 -0.0223008 -0.992732
3.10151 40.9032 2.50173 0.0701031 -0.0331489 -0.996989
4.2579 40.904 2.5263 -0.0411758 -0.00305897 -0.999147
5.34973 40.897 2.40322 -0.127723 -0.024077 -0.991518
5.85406 40.8941 2.33501 -0.138496 -0.0197126 -0.990167
5.91044 41.7936 2.3114 -0.145714 -0.00577361 -0.98931
4.90256 41.8004 2.43378 -0.106442 -0.019458 -0.994128
3.79473 41.8036 2.4988 0.0178785 -0.022851 -0.999579
2.64157 41.7992 2.4343 0.0746112 -0.0362047 -0.996555
2.11421 41.7966 2.38543 0.110648 -0.0327409 -0.99332
2.09613 42.6947 2.35065 0.102944 -0.0384196 -0.993945
3.12328 42.7019 2.43878 0.0661973 -0.0447533 -0.996802
4.19865 42.7032 2.46046 -0.0343561 -0.0725047 -0.996776
5.19653 42.6977 2.37644 -0.0943002 -0.0497319 -0.994301
5.74141 42.6932 2.30386 -0.128843 -0.0427677 -0.990742
5.88998 43.5883 2.22557 -0.118598 -0.103048 -0.987581
4.85218 43.5984 2.33625 -0.113769 -0.0973188 -0.988729
3.7481 43.6023 2.39296 -0.000670205 -0.107868 -0.994165
2.73098 43.5955 2.32873 0.0686295 -0.116763 -0.990786
2.14568 43.5893 2.27235 0.110405 -0.10332 -0.988502
2.04536 44.4804 2.1609 0.111381 -0.120634 -0.986429
3.19533 44.4933 2.25253 0.0661429 -0.120212 -0.990542
4.2783 44.4976 2.27688 -0.0529097 -0.0995803 -0.993622
5.35829 44.4872 2.18415 -0.0950626 -0.11415 -0.988905
5.84943 44.481 2.12952 -0.120301 -0.100131 -0.987675
5.7852 45.3743 2.03604 -0.116575 -0.105658 -0.987546
4.60023 45.3899 2.14064 -0.0649152 -0.129978 -0.98939
3.52688 45.392 2.15932 0.0321709 -0.127419 -0.991327
2.52013 45.3792 2.09066 0.072181 -0.152265 -0.9857
2.09812 45.3723 2.05194 0.126641 -0.138989 -0.982163
2.10225 46.2587 1.90444 0.0963384 -0.173429 -0.980123
3.23789 46.2804 2.00715 0.067736 -0.189793 -0.979485
4.34707 46.2869 2.03008 -0.0354368 -0.140069 -0.989507
5.50889 46.267 1.92707 -0.12186 -0.184899 -0.975173
5.83718 46.2605 1.89146 -0.120392 -0.170521 -0.977971
5.92494 47.1314 1.67275 -0.108251 -0.280444 -0.953747
4.73578 47.155 1.78264 -0.0723542 -0.258293 -0.963353
3.71002 47.161 1.81076 0.034124 -0.285251 -0.957845
2.62284 47.1431 1.7399 0.101397 -0.263581 -0.959293
2.10701 47.1335 1.69905 0.0886492 -0.27803 -0.956473
5.54135 38.1981 2.54753 -0.182002 -0.189892 -0.964788
5.83446 38.1894 2.49387 -0.202717 -0.172094 -0.963997
5.98026 38.1848 2.4645 -0.1997 -0.174941 -0.964114
