2.76634 2.00405 1.8156 0.0855391 -0.300402 0.949963
3.71118 1.86061 1.7097 0.0123572 -0.329679 0.944012
4.82131 1.88749 1.74745 -0.0830618 -0.309168 0.947373
4.8825 2.37456 1.90975 -0.07973 -0.30345 0.949506
4.19245 3.3296 2.15517 -0.0475188 -0.270589 0.961521
3.5108 2.95976 2.05808 0.0503403 -0.280822 0.958439
2.88528 2.08922 1.83217 0.0834067 -0.304774 0.948763
2.02674 2.94486 2.18711 0.115449 -0.287949 0.950661
1.28804 2.26493 2.08903 0.157419 -0.297834 0.941549
0.706139 1.38112 1.90775 0.16688 -0.299108 0.939513
1.13991 0.680167 1.6054 0.161678 -0.309703 0.936983
2.18324 0.680503 1.4501 0.108443 -0.312141 0.943826
3.19162 0.669225 1.34837 0.0809676 -0.318458 0.944473
4.28329 0.689824 1.32454 -0.0275055 -0.313544 0.949175
5.33803 0.693528 1.41116 -0.0912258 -0.31277 0.94543
6.38343 0.688862 1.54389 -0.156776 -0.311772 0.937134
7.27946 1.07024 1.82444 -0.172596 -0.302025 0.937546
6.81955 2.0564 2.05739 -0.173034 -0.300865 0.937838
6.06179 2.78547 2.1597 -0.148799 -0.295896 0.943558
5.40052 3.68694 2.32942 -0.0970385 -0.206412 0.973641
4.79751 4.57204 2.44196 -0.0831047 -0.168305 0.982222
4.12913 5.39943 2.54166 -0.0341942 -0.153806 0.987488
3.32352 4.85813 2.47735 0.0519937 -0.165984 0.984757
2.66008 3.89432 2.35769 0.0953285 -0.187358 0.977655
2.24804 3.16229 2.22637 0.112709 -0.27055 0.95589
2.15212 3.06006 2.20677 0.114659 -0.288522 0.950583
