1.45273 37.0618 2.7167 0.243821 -0.13412 -0.960501
1.49777 38.2562 2.54768 0.206906 -0.139974 -0.968296
1.561 39.2546 2.4582 0.165578 -0.0602989 -0.984352
1.57752 40.3271 2.44006 0.173003 -0.0241402 -0.984608
1.58365 41.3638 2.41419 0.147773 -0.0332438 -0.988408
1.58249 42.528 2.37337 0.140722 -0.0390918 -0.98925
1.52536 43.6299 2.27724 0.156318 -0.100564 -0.982574
1.54151 44.7792 2.14124 0.123768 -0.117693 -0.985307
1.56321 45.7888 2.00699 0.154131 -0.154106 -0.975958
1.56262 46.8496 1.78393 0.141845 -0.258201 -0.955622
1.56468 47.8439 1.5026 0.144469 -0.286721 -0.947059
2.04719 48.4601 1.37364 0.118092 -0.301988 -0.945969
3.09503 48.478 1.47487 0.0763924 -0.290431 -0.953842
4.16682 48.4826 1.51129 -0.0299442 -0.28361 -0.958469
5.23163 48.4891 1.43282 -0.0954028 -0.29194 -0.951667
6.33825 48.3922 1.32154 -0.148706 -0.313196 -0.937973
6.42927 47.3464 1.62368 -0.139328 -0.271278 -0.952363
6.43174 46.2686 1.89643 -0.131615 -0.161007 -0.978138
6.44865 45.2049 2.04964 -0.1713 -0.124249 -0.977307
6.47358 44.1822 2.15788 -0.163851 -0.103631 -0.981027
6.45802 43.0059 2.27347 -0.165207 -0.061951 -0.984172
6.43529 41.9947 2.30883 -0.172607 -0.0249852 -0.984601
6.47681 40.8777 2.31283 -0.18857 -0.00489362 -0.982024
6.47205 39.8422 2.31345 -0.210454 0.0124135 -0.977518
6.45612 38.7853 2.35423 -0.252044 -0.0868556 -0.963796
6.54608 37.7271 2.50528 -0.260317 -0.189773 -0.946689
6.27118 37.1061 2.70089 -0.313037 -0.194202 -0.929482
5.59126 37.8832 2.70576 -0.194226 -0.217835 -0.956344
4.68302 38.6204 2.73186 -0.145985 -0.163833 -0.97505
3.6577 38.7264 2.75694 0.0620746 -0.152282 -0.986051
2.73867 38.239 2.74212 0.146786 -0.157349 -0.976573
2.03258 37.4103 2.78745 0.169844 -0.154956 -0.973212
1.64414 37.037 2.76875 0.217427 -0.134797 -0.966346
2.12853 36.1581 3.06021 0.245006 -0.261839 -0.932871
1.25966 35.4416 2.93253 0.535716 -0.400264 -0.743503
0.511148 34.8069 2.82813 0.477391 -0.549306 -0.685829
0.521268 35.7275 2.49537 0.420746 -0.074296 -0.903942
0.511825 36.7844 2.40399 0.418293 -0.0941026 -0.903425
0.509898 37.7888 2.30731 0.407455 -0.109709 -0.906611
0.544844 38.8647 2.25306 0.259305 -0.000671009 -0.965795
0.584238 39.906 2.26632 0.182665 -0.0115079 -0.983108
0.580329 41.0121 2.24971 0.195371 -0.0168731 -0.980584
0.564733 42.074 2.22384 0.179448 -0.0302973 -0.983253
0.562757 43.1178 2.17487 0.159276 -0.0821291 -0.983812
0.554727 44.1296 2.06126 0.168075 -0.118744 -0.978596
0.559237 45.2701 1.91959 0.164458 -0.128826 -0.977935
0.581175 46.3234 1.76087 0.139621 -0.176971 -0.974262
0.572734 47.3951 1.47818 0.170036 -0.286031 -0.942957
0.57809 48.4107 1.14557 0.186024 -0.32799 -0.926179
0.702296 49.3943 0.815691 0.188996 -0.343704 -0.919863
1.79246 49.4261 1.01289 0.158373 -0.342137 -0.926207
2.88409 49.4413 1.15061 0.111974 -0.318675 -0.94121
3.92462 49.4457 1.22825 0.043284 -0.269811 -0.961876
5.14488 49.4439 1.13938 -0.0976371 -0.29591 -0.950213
6.15328 49.4227 1.00392 -0.15655 -0.332346 -0.930038
7.17488 49.4246 0.799416 -0.197115 -0.342743 -0.918516
7.41547 48.4678 1.09138 -0.201967 -0.321609 -0.925082
7.41315 47.4438 1.42639 -0.171794 -0.290595 -0.941298
7.41147 46.3952 1.69891 -0.186972 -0.202997 -0.961163
7.43085 45.3385 1.85893 -0.192823 -0.108719 -0.975192
7.43952 44.2117 1.97938 -0.193431 -0.100631 -0.975897
7.42951 43.0752 2.08444 -0.19375 -0.0640738 -0.978788
7.42311 42.0281 2.11247 -0.211916 0.00369673 -0.977281
7.44404 40.9502 2.09942 -0.227645 0.00920822 -0.973696
7.44323 39.7324 2.08305 -0.241808 0.0172545 -0.970171
7.4273 38.7092 2.07054 -0.302208 0.0339083 -0.95263
7.48253 37.6268 2.10946 -0.457912 -0.0875928 -0.884672
7.48261 36.518 2.20895 -0.473309 -0.0865758 -0.876616
7.4685 35.4905 2.41417 -0.435074 -0.317964 -0.842383
7.19954 34.9128 2.88194 -0.524821 -0.490702 -0.695473
6.42648 35.7382 2.9491 -0.461249 -0.264667 -0.846877
5.56027 36.3912 3.06775 -0.224305 -0.237424 -0.945122
4.86381 37.2405 3.01449 -0.221715 -0.240265 -0.945048
4.08641 37.8448 2.97713 -0.00214716 -0.254676 -0.967024
3.20278 37.3238 3.01021 0.187965 -0.224334 -0.956213
2.53545 36.4846 3.06951 0.197141 -0.236322 -0.951466
2.28615 36.2507 3.06894 0.21737 -0.254621 -0.941981
2.14116 39.144 2.55161 0.124874 -0.047518 -0.991034
3.18887 39.1551 2.66655 0.0883005 -0.0560725 -0.994514
3.33736 39.1565 2.6786 0.081272 -0.0501144 -0.995431
4.66763 39.1528 2.65517 -0.141455 -0.0693416 -0.987513
5.65594 39.134 2.48561 -0.20373 -0.0941421 -0.97449
5.88724 39.1296 2.43769 -0.184738 -0.0578397 -0.981084
5.97262 40.0304 2.40808 -0.175376 -0.0121853 -0.984426
4.97554 40.0407 2.5581 -0.137843 -0.021267 -0.990226
3.95714 40.048 2.65501 -0.0266692 -0.035896 -0.999
2.90492 40.0453 2.59927 0.0889782 -0.0308191 -0.995557
2.10491 40.0399 2.5152 0.119218 -0.0220161 -0.992624
2.15047 40.9354 2.49962 0.0957569 -0.0283756 -0.995
3.23364 40.9405 2.59408 0.0727741 -0.0383895 -0.996609
4.25894 40.9405 2.61294 -0.0952153 -0.0254187 -0.995132
5.26723 40.9341 2.49701 -0.129465 -0.019803 -0.991386
5.95679 40.9293 2.40724 -0.155583 -0.0151258 -0.987707
5.94297 41.8264 2.39096 -0.1379 -0.00252458 -0.990443
4.8654 41.833 2.52425 -0.117253 -0.0236635 -0.99282
3.77771 41.8363 2.58765 0.000843723 -0.0515334 -0.998671
2.74166 41.833 2.52803 0.0795903 -0.0300553 -0.996374
2.15086 41.83 2.47121 0.118535 -0.040926 -0.992106
2.17874 42.7251 2.44036 0.104423 -0.0501031 -0.99327
3.18892 42.7308 2.5198 0.0558279 -0.0587553 -0.99671
4.33821 42.7316 2.53388 -0.0588841 -0.046357 -0.997188
5.34675 42.7254 2.4404 -0.125301 -0.0514171 -0.990786
5.85576 42.7215 2.37622 -0.135663 -0.0408828 -0.989911
5.97675 43.6132 2.29907 -0.133866 -0.112692 -0.984571
4.85519 43.6236 2.41565 -0.101345 -0.0985133 -0.989962
3.73481 43.6275 2.46703 -0.0163179 -0.105202 -0.994317
2.67735 43.6212 2.40601 0.0843373 -0.108612 -0.9905
2.10821 43.6151 2.3503 0.110088 -0.106686 -0.988179
2.17269 44.504 2.25193 0.102211 -0.132602 -0.985885
3.26352 44.516 2.3409 0.0718769 -0.11738 -0.990483
4.3049 44.5191 2.35736 -0.0741351 -0.111391 -0.991008
5.30953 44.5093 2.26974 -0.0980804 -0.113566 -0.988677
5.97812 44.5009 2.19529 -0.129378 -0.0982703 -0.986714
5.89015 45.3899 2.10626 -0.119034 -0.123002 -0.985242
4.88608 45.4045 2.20301 -0.096625 -0.125224 -0.987412
3.86677 45.4111 2.25804 -0.0211958 -0.119643 -0.992591
2.78841 45.4009 2.19964 0.0743833 -0.11969 -0.990021
2.08025 45.3895 2.13048 0.114412 -0.134701 -0.984259
2.08568 46.2749 1.99768 0.107187 -0.214602 -0.970802
3.21581 46.2928 2.08433 0.0592916 -0.179582 -0.981955
4.34446 46.2986 2.11288 -0.0528843 -0.25264 -0.966114
5.34654 46.2838 2.03072 -0.115364 -0.174364 -0.9779
5.87103 46.2733 1.97107 -0.127179 -0.169163 -0.977348
5.78997 47.1443 1.76768 -0.0911257 -0.263617 -0.960314
4.65588 47.1657 1.86738 -0.0695153 -0.25375 -0.964769
3.59044 47.1697 1.88706 0.0321287 -0.271954 -0.961774
2.58357 47.1535 1.82327 0.108883 -0.258032 -0.959981
2.36393 47.1477 1.79993 0.0930337 -0.270496 -0.958215
2.15385 47.144 1.78407 0.103434 -0.285675 -0.952728
