1.69431 46.9366 2.04563 0.146931 -0.260242 -0.954233
1.70569 47.8983 1.76397 0.11456 -0.280569 -0.95295
2.44715 48.3008 1.72788 0.0970523 -0.284755 -0.953629
3.47353 48.2765 1.82714 0.0783742 -0.293245 -0.952819
4.4496 48.3011 1.81783 -0.0549566 -0.291009 -0.954845
5.59137 48.3226 1.70156 -0.107914 -0.295685 -0.949171
6.30048 47.8875 1.74223 -0.133253 -0.281165 -0.950363
6.30301 46.921 2.03018 -0.149529 -0.254658 -0.955345
6.24123 45.9386 2.23719 -0.142239 -0.140346 -0.979797
6.18531 44.952 2.36477 -0.131907 -0.096547 -0.986549
6.19203 45.3814 2.31977 -0.127988 -0.106372 -0.986055
5.88535 46.3648 2.20185 -0.137328 -0.187417 -0.972515
5.44125 47.2519 2.04003 -0.0995657 -0.271672 -0.957208
4.61261 47.976 1.90109 -0.0821201 -0.279543 -0.956615
3.65304 48.0345 1.90843 -0.00625171 -0.27262 -0.962087
2.77594 47.5014 2.00015 0.0872495 -0.284451 -0.95467
2.18582 46.5299 2.2125 0.0851166 -0.220199 -0.971734
1.81661 45.5483 2.3345 0.118703 -0.148295 -0.981687
1.74116 46.446 2.17719 0.142738 -0.159222 -0.97687
1.69603 46.9005 2.05531 0.144254 -0.248256 -0.957888
0.619026 46.8477 1.90038 0.139788 -0.245017 -0.959308
0.664242 45.6922 2.13379 0.149834 -0.138177 -0.978991
0.640465 44.5753 2.27689 0.163136 -0.124651 -0.978698
0.661773 43.3283 2.42683 0.154967 -0.112666 -0.981474
0.668115 42.259 2.49546 0.169778 -0.0323294 -0.984925
0.633267 41.1832 2.51597 0.180711 -0.0226028 -0.983276
0.633053 40.1625 2.53681 0.190777 -0.0145557 -0.981525
0.642306 39.1382 2.56295 0.240504 -0.0184147 -0.970474
0.600365 38.1169 2.61665 0.33127 -0.0876066 -0.939344
0.588915 37.1032 2.72985 0.388467 -0.0843202 -0.917597
0.612914 36.0167 2.84598 0.40208 -0.0810521 -0.91201
1.10153 36.2933 3.01852 0.345636 -0.0937809 -0.933671
1.67667 37.3568 3.03177 0.198451 -0.147603 -0.968933
2.45108 38.1077 3.02317 0.112343 -0.175271 -0.978089
3.16437 38.8676 2.97544 0.121099 -0.140061 -0.982466
3.99964 39.4407 2.95596 -0.0342461 -0.0786477 -0.996314
4.83808 38.8781 2.94372 -0.152886 -0.15219 -0.976162
5.50299 38.1207 2.9775 -0.173439 -0.214033 -0.961306
6.25056 37.277 2.98496 -0.269633 -0.209567 -0.939883
6.79391 36.2851 2.94023 -0.431166 -0.12799 -0.893149
7.39814 35.4552 2.82448 -0.473314 -0.353935 -0.806662
7.43781 36.4106 2.57695 -0.470596 -0.0977348 -0.876919
7.4279 37.4214 2.47375 -0.450835 -0.0844959 -0.888599
7.4003 38.5117 2.37833 -0.364126 -0.0428924 -0.929671
7.35296 39.5777 2.36763 -0.241884 0.0179103 -0.97014
7.36119 40.719 2.3807 -0.233973 0.00994527 -0.972191
7.35772 41.734 2.38677 -0.212609 0.00428693 -0.977128
7.34862 42.8273 2.37221 -0.200147 -0.0569711 -0.978108
7.32607 43.9236 2.28653 -0.182914 -0.0960748 -0.978423
7.3511 45.0486 2.16111 -0.177244 -0.103615 -0.978664
7.36036 46.2202 2.007 -0.148807 -0.180598 -0.971777
7.37368 47.2461 1.75845 -0.172039 -0.257496 -0.950841
7.363 48.2605 1.44839 -0.194685 -0.318927 -0.927569
7.30409 49.2818 1.09766 -0.1996 -0.340122 -0.918954
6.13426 49.3777 1.29184 -0.150603 -0.32096 -0.935035
4.99081 49.3735 1.44418 -0.0983139 -0.313539 -0.944465
3.86831 49.3642 1.50444 0.000425931 -0.286302 -0.958139
2.81106 49.3683 1.43756 0.0925473 -0.297669 -0.950124
1.62504 49.3815 1.27221 0.156549 -0.332366 -0.930067
0.68384 49.1987 1.15674 0.183669 -0.334741 -0.924237
0.619733 48.1638 1.51576 0.17997 -0.309065 -0.933693
0.624537 47.1868 1.81174 0.153082 -0.247994 -0.95659
0.621335 47.0149 1.85579 0.147046 -0.252486 -0.956332
3.31592 46.4151 2.33855 0.0713362 -0.195363 -0.977623
4.19749 46.968 2.22551 -0.0504224 -0.301235 -0.952216
4.7485 46.1239 2.3722 -0.0974504 -0.145153 -0.984594
4.99634 45.0444 2.48972 -0.0933845 -0.116064 -0.988842
5.22573 44.0068 2.59029 -0.0983973 -0.116401 -0.988314
5.41201 42.9653 2.67964 -0.121101 -0.0989755 -0.987634
5.03819 41.9126 2.75891 -0.116457 -0.0227761 -0.992935
4.62085 40.9081 2.83872 -0.138536 -0.0331883 -0.989801
3.79162 40.4622 2.91375 -0.0384438 0.00278035 -0.998754
3.09425 41.284 2.83223 0.0860318 -0.0333563 -0.995734
2.53424 42.2258 2.75595 0.092051 -0.0335304 -0.995139
2.30236 43.1982 2.67136 0.0919341 -0.110265 -0.989641
2.59748 44.2186 2.5818 0.0788115 -0.122001 -0.989396
2.92967 45.1962 2.48803 0.0737227 -0.125271 -0.98938
3.25745 46.1977 2.37056 0.0729166 -0.164413 -0.983693
3.27763 46.2678 2.36032 0.0729165 -0.164414 -0.983693
1.74882 41.2768 2.69816 0.135106 -0.0255024 -0.990503
1.71221 40.1995 2.71809 0.142769 -0.0219595 -0.989512
1.74781 39.0148 2.78789 0.138704 -0.088066 -0.986185
2.54781 39.7943 2.83496 0.107036 -0.0465248 -0.992984
2.20313 40.6693 2.77329 0.111098 -0.0386808 -0.992994
1.79775 41.2535 2.70544 0.135107 -0.0255021 -0.990503
5.39259 40.1491 2.75728 -0.139399 -0.031333 -0.98974
5.86024 39.3266 2.72988 -0.184127 -0.101036 -0.976434
6.25248 39.443 2.63068 -0.217974 -0.0761789 -0.972977
6.31311 40.5114 2.60891 -0.174746 -0.00211628 -0.984573
6.22507 41.601 2.61318 -0.160244 -0.0116683 -0.986922
5.71419 40.7921 2.69674 -0.136745 -0.0198671 -0.990407
5.53032 40.3852 2.73041 -0.138223 -0.0256708 -0.990051
5.4024 40.1676 2.75532 -0.139399 -0.0313328 -0.98974
