1.34069 48.2833 1.76303 0.147372 -0.291868 -0.944954
1.87536 47.9176 1.95581 0.131709 -0.296315 -0.945964
2.83017 48.3915 1.9126 0.0822899 -0.294754 -0.952001
2.33701 48.6648 1.78326 0.0997158 -0.303201 -0.947547
1.36541 48.4839 1.70768 0.148574 -0.279921 -0.948457
1.35504 48.3733 1.73871 0.148575 -0.27992 -0.948457
0.513904 48.3172 1.61741 0.156564 -0.326783 -0.932041
0.522176 47.3451 1.9272 0.153449 -0.27763 -0.948322
0.529653 46.341 2.18034 0.167636 -0.189297 -0.967499
0.500375 45.3056 2.3336 0.160801 -0.122166 -0.979394
0.5825 44.2467 2.47743 0.161695 -0.118867 -0.979647
0.518779 43.1655 2.58915 0.168026 -0.0948762 -0.981112
0.527058 41.9754 2.65276 0.17302 -0.0248235 -0.984605
0.559627 40.8096 2.6831 0.178466 -0.0194349 -0.983754
0.524701 39.763 2.69362 0.183848 -0.0145161 -0.982847
0.493432 38.6632 2.72735 0.30661 -0.0158493 -0.948452
0.518017 37.6731 2.85681 0.338637 -0.117336 -0.933284
0.471042 36.595 2.95083 0.383473 -0.0988263 -0.918249
0.626156 36.2036 3.05989 0.388125 -0.106725 -0.915407
0.715821 37.2258 2.97921 0.337545 -0.106505 -0.934982
1.22544 38.1543 3.00313 0.227078 -0.158083 -0.960755
1.80867 38.9727 2.98588 0.163569 -0.125705 -0.978234
2.0026 39.8825 2.94286 0.131975 -0.0282725 -0.99085
1.49425 40.7531 2.84675 0.160829 -0.0131224 -0.986895
1.1602 41.8243 2.7671 0.161363 -0.027655 -0.986501
0.830987 42.7896 2.67277 0.1807 -0.0844907 -0.979765
0.951915 43.782 2.59307 0.164183 -0.113769 -0.979846
1.09471 44.7993 2.49195 0.155177 -0.121211 -0.980422
1.2623 45.915 2.37501 0.155062 -0.137447 -0.978296
1.70509 46.9174 2.23681 0.150059 -0.260518 -0.953511
2.65243 47.3757 2.20241 0.0884852 -0.287611 -0.953651
3.61036 47.7807 2.15342 0.046256 -0.298266 -0.953361
4.59995 47.6672 2.17169 -0.0780195 -0.288537 -0.954248
5.5995 47.1675 2.22351 -0.116891 -0.289533 -0.950003
6.44383 46.2734 2.32345 -0.15532 -0.173702 -0.972473
6.61461 45.2486 2.43964 -0.16485 -0.110424 -0.980118
6.68795 44.2034 2.54414 -0.174598 -0.106739 -0.978834
6.80713 43.1184 2.63371 -0.179512 -0.0671959 -0.981063
6.50877 42.1215 2.72904 -0.188315 -0.00989187 -0.982006
6.00556 41.1651 2.82438 -0.159293 -0.00592623 -0.987214
5.52906 40.2932 2.90902 -0.133018 -0.0244897 -0.990811
5.56843 39.1584 2.9736 -0.181341 -0.101548 -0.977849
6.24881 38.4037 2.96252 -0.230602 -0.179499 -0.956112
6.80139 37.5455 2.96021 -0.351856 -0.166704 -0.92109
7.09369 36.5732 2.96615 -0.484254 -0.0832725 -0.870955
7.41668 35.5926 2.9794 -0.494089 -0.302665 -0.815028
7.52086 36.508 2.7351 -0.479729 -0.0981882 -0.871778
7.47984 37.5831 2.64876 -0.448473 -0.0854061 -0.889706
7.50117 38.6715 2.53574 -0.365369 -0.0538708 -0.929303
7.49682 39.8187 2.51293 -0.230463 -0.00104487 -0.973081
7.49664 40.893 2.52445 -0.228178 0.0073713 -0.973587
7.44502 42.0888 2.53975 -0.210098 -0.00942451 -0.977635
7.451 43.1341 2.50582 -0.209502 -0.067697 -0.975462
7.46609 44.1578 2.40501 -0.18448 -0.10044 -0.977691
7.49866 45.2202 2.28626 -0.183107 -0.107662 -0.977177
7.46793 46.2622 2.15779 -0.191303 -0.199385 -0.961066
7.48074 47.3126 1.89939 -0.163713 -0.275875 -0.947112
7.49051 48.3657 1.56813 -0.176696 -0.322639 -0.929883
7.44384 49.3152 1.23833 -0.197566 -0.342649 -0.918455
6.50499 49.4799 1.3677 -0.16548 -0.332927 -0.928319
5.46256 49.465 1.53691 -0.117755 -0.301275 -0.946239
4.4614 49.4506 1.63991 -0.0817983 -0.298031 -0.951045
3.4574 49.4801 1.63263 0.0794245 -0.28226 -0.956019
2.36717 49.4922 1.51991 0.113091 -0.297205 -0.948093
1.24335 49.4895 1.34158 0.178168 -0.336373 -0.924715
0.527851 49.0704 1.35505 0.182174 -0.334519 -0.924599
0.514925 48.3788 1.59599 0.156565 -0.326781 -0.932042
3.1191 48.6166 1.86842 0.0799718 -0.286012 -0.954883
3.28351 48.5638 1.898 0.07652 -0.286617 -0.954978
4.61019 48.556 1.90543 -0.072008 -0.282488 -0.956518
5.55126 48.1301 1.94037 -0.100129 -0.285864 -0.953023
6.42335 47.608 1.98165 -0.134156 -0.280662 -0.950376
6.65993 48.2916 1.73875 -0.155682 -0.291761 -0.943736
5.89973 48.6572 1.73709 -0.131388 -0.290153 -0.947918
4.70915 48.5709 1.89322 -0.0871476 -0.294296 -0.95172
4.6934 48.5699 1.89491 -0.0773451 -0.293953 -0.952666
6.6549 40.5158 2.71541 -0.203717 -0.00399371 -0.978739
6.38701 39.5032 2.78182 -0.222229 -0.0365384 -0.974305
6.66704 40.1127 2.71119 -0.224918 0.000233464 -0.974372
6.66754 40.2172 2.71144 -0.225588 0.00342575 -0.974217
6.66554 40.3312 2.7123 -0.225587 0.00342588 -0.974217
