1.17933 48.4119 1.79059 0.15004 -0.293268 -0.944183
1.81629 48.2149 1.94435 0.123808 -0.293125 -0.948024
2.76722 48.7175 1.89592 0.0868746 -0.285719 -0.954368
1.74922 48.8346 1.73782 0.144784 -0.306632 -0.940752
1.1806 48.4397 1.78217 0.148469 -0.293589 -0.94433
0.455683 48.4078 1.66763 0.163146 -0.332246 -0.928976
0.507825 49.3914 1.32265 0.18551 -0.342724 -0.920938
1.45021 49.5399 1.45397 0.165783 -0.335396 -0.927343
2.47221 49.5457 1.60527 0.119321 -0.302122 -0.945772
3.5615 49.5238 1.71979 0.0921126 -0.292549 -0.951802
4.56351 49.5307 1.70589 -0.0998513 -0.292043 -0.951152
5.57407 49.5363 1.58802 -0.110782 -0.293305 -0.949579
6.67922 49.5298 1.41175 -0.18107 -0.334889 -0.924518
7.52611 49.2412 1.33884 -0.193469 -0.341286 -0.919833
7.52404 48.1862 1.714 -0.16472 -0.304718 -0.938011
7.51377 47.2022 2.01021 -0.161944 -0.257182 -0.952697
7.47358 46.0351 2.27712 -0.154919 -0.124444 -0.980058
7.50336 44.9842 2.39551 -0.182382 -0.102846 -0.977833
7.53987 43.9402 2.49962 -0.184889 -0.0990351 -0.977738
7.53218 42.9063 2.5931 -0.197442 -0.0467646 -0.978905
7.51069 41.8095 2.6157 -0.211937 0.00331415 -0.977257
7.5397 40.7066 2.60022 -0.232837 0.0110047 -0.972454
7.55553 39.631 2.5874 -0.266025 0.00564744 -0.96395
7.58205 38.6032 2.6141 -0.354652 -0.0487746 -0.933725
7.53332 37.5251 2.73956 -0.469985 -0.113073 -0.875402
7.6049 36.3422 2.82282 -0.467525 -0.100306 -0.878246
7.36738 35.8323 3.04088 -0.463053 -0.214434 -0.86
7.22335 36.8382 2.97997 -0.484281 -0.0799657 -0.87124
6.89523 37.8955 2.97709 -0.321401 -0.163525 -0.932717
6.36668 38.7673 2.96496 -0.250761 -0.185149 -0.950178
5.94788 39.8132 2.94263 -0.175368 -0.0452282 -0.98346
6.42648 40.7534 2.84802 -0.194039 -0.00501786 -0.980981
6.81388 41.747 2.76268 -0.205184 -0.00196412 -0.978721
7.15918 42.6788 2.6792 -0.197442 -0.0467641 -0.978905
7.20769 43.709 2.58552 -0.187331 -0.0930922 -0.977876
7.04126 44.6818 2.51257 -0.176473 -0.104589 -0.978733
6.99598 45.686 2.40375 -0.173367 -0.117327 -0.977829
6.76061 46.6882 2.28388 -0.179993 -0.276395 -0.944038
6.00325 47.3896 2.19622 -0.123458 -0.30215 -0.945232
5.08056 47.8768 2.15212 -0.0968898 -0.290167 -0.952059
3.97733 48.3137 2.10347 -0.0026856 -0.330035 -0.942053
3.01849 48.0081 2.13365 0.087752 -0.292527 -0.952222
2.0466 47.5348 2.18229 0.103511 -0.299021 -0.94861
1.24054 46.946 2.24573 0.167524 -0.269415 -0.948341
0.804684 46.0256 2.37295 0.160754 -0.150442 -0.975462
0.678225 44.9541 2.49057 0.159436 -0.121676 -0.979681
0.493003 43.9728 2.58098 0.161016 -0.121318 -0.979467
0.502075 44.6432 2.50038 0.160926 -0.120102 -0.979631
0.501409 45.5999 2.38211 0.159766 -0.127885 -0.978811
0.499096 46.655 2.20357 0.143668 -0.240849 -0.959549
0.471468 47.7792 1.87841 0.158266 -0.284422 -0.945545
0.455846 48.323 1.69797 0.163148 -0.332244 -0.928976
5.09193 48.7505 1.88479 -0.0954243 -0.285936 -0.953475
6.05642 48.8055 1.75494 -0.135228 -0.298342 -0.944831
6.79442 48.3692 1.78019 -0.160173 -0.292049 -0.942895
6.24649 48.0703 1.95514 -0.129128 -0.293604 -0.947165
5.33177 48.5476 1.92188 -0.0974687 -0.290109 -0.952017
5.14014 48.7014 1.89477 -0.0976857 -0.289564 -0.952161
0.441773 42.3389 2.71573 0.173095 -0.0228806 -0.984639
0.457657 41.228 2.74432 0.179009 -0.022415 -0.983592
0.456196 40.133 2.76413 0.182276 -0.016142 -0.983115
0.450256 39.0909 2.78621 0.253575 -0.053255 -0.965849
0.449174 37.9419 2.90308 0.336926 -0.12996 -0.932459
0.603773 37.6993 2.99038 0.367467 -0.140364 -0.919383
1.06088 38.6166 2.99189 0.216329 -0.152373 -0.964357
1.35731 39.7315 2.94184 0.182984 -0.0526938 -0.981613
1.03975 40.7268 2.85817 0.17391 -0.0225014 -0.984504
0.721833 41.7099 2.78077 0.175562 -0.0253494 -0.984142
0.555101 42.1942 2.73902 0.174236 -0.0232781 -0.984428
0.448123 36.8249 3.02716 0.380261 -0.098325 -0.919638
0.429706 36.7536 3.02716 0.38026 -0.0983246 -0.919638
0.434788 36.3376 3.07538 0.372939 -0.102163 -0.922084
0.432988 36.3259 3.07591 0.3595 -0.0972181 -0.928067
6.76639 39.4143 2.79593 -0.216287 -0.0462207 -0.975235
6.74927 39.7074 2.78583 -0.218729 -0.0410303 -0.974906
6.74964 39.4689 2.79705 -0.216287 -0.0462207 -0.975235
