0.965313 48.7159 1.83282 0.152621 -0.309902 -0.938439
1.76038 49.0545 1.84628 0.135846 -0.321637 -0.937067
1.16462 48.4156 1.96299 0.145463 -0.304129 -0.941455
0.966558 48.4877 1.90838 0.152622 -0.309902 -0.938439
0.378389 48.4984 1.80411 0.160134 -0.328805 -0.9307
0.424567 47.4042 2.15854 0.151101 -0.285431 -0.946413
1.0605 47.6539 2.18328 0.148884 -0.287252 -0.946179
1.94101 48.2509 2.12232 0.119894 -0.292089 -0.948846
2.88504 48.7979 2.0574 0.095405 -0.297494 -0.949945
3.81951 49.2142 2.01329 0.0805278 -0.296999 -0.951476
4.87506 48.8696 2.04939 -0.101759 -0.289859 -0.951644
5.79006 48.3104 2.11742 -0.116861 -0.285083 -0.951352
6.63256 47.7412 2.17346 -0.142211 -0.283729 -0.9483
7.4002 47.0745 2.24316 -0.16457 -0.265772 -0.949885
7.59649 48.0088 1.93141 -0.166492 -0.299491 -0.939457
7.6325 48.9713 1.59752 -0.186037 -0.341167 -0.921409
7.09773 49.625 1.46699 -0.189316 -0.339544 -0.921341
5.99657 49.628 1.68221 -0.155564 -0.308366 -0.9382
4.99041 49.5927 1.81463 -0.10338 -0.294981 -0.949894
3.88264 49.6367 1.87756 0.00304192 -0.295718 -0.955082
2.87365 49.5922 1.81092 0.0974011 -0.297811 -0.949643
1.86908 49.6295 1.67536 0.15887 -0.310962 -0.936893
0.752686 49.6381 1.46225 0.182644 -0.341254 -0.922048
0.379736 48.7762 1.70531 0.173917 -0.330196 -0.92771
0.378743 48.5157 1.79797 0.164854 -0.332106 -0.928724
5.90136 48.992 1.89307 -0.124804 -0.304961 -0.944152
6.90612 49.0182 1.72564 -0.186998 -0.331791 -0.924633
6.65059 48.4045 1.96721 -0.141166 -0.294763 -0.945086
5.96404 48.8993 1.91472 -0.124805 -0.304963 -0.944151
7.48189 41.3906 2.79657 -0.2303 0.0112908 -0.973054
7.11022 40.3423 2.8747 -0.232676 0.0116311 -0.972485
6.80025 39.3296 2.96391 -0.258986 -0.0723289 -0.962235
7.2793 38.3711 2.95775 -0.367586 -0.153492 -0.917221
7.5242 37.4165 2.98077 -0.484377 -0.078846 -0.871298
7.6542 38.2584 2.81294 -0.429725 -0.0925711 -0.898202
7.64835 39.3543 2.74351 -0.271579 -0.0350927 -0.961776
7.60431 40.4344 2.75719 -0.235823 0.00926903 -0.971746
7.61778 41.3875 2.76438 -0.230299 0.0112912 -0.973054
7.64446 37.1301 2.93969 -0.483283 -0.0761829 -0.872143
7.55645 36.1517 3.09219 -0.454237 -0.122227 -0.881452
7.69308 36.8137 2.94039 -0.482449 -0.0769484 -0.872537
7.62982 37.0173 2.95766 -0.483283 -0.0761827 -0.872143
