0.856235 48.889 1.84295 0.173839 -0.311513 -0.934152
1.6277 49.0503 1.91989 0.135006 -0.316569 -0.93877
0.863539 48.7995 1.87333 0.164836 -0.310329 -0.936208
0.337532 48.8071 1.77702 0.18035 -0.328213 -0.927227
0.370911 47.8425 2.1066 0.149399 -0.293028 -0.944359
1.03996 48.0017 2.16101 0.144169 -0.291462 -0.945656
1.87649 48.6473 2.08161 0.133083 -0.302114 -0.943937
2.79485 49.1903 2.01622 0.0969384 -0.292495 -0.951341
3.57589 49.6664 1.94069 0.0658422 -0.281686 -0.95667
2.61026 49.6641 1.84678 0.109588 -0.297986 -0.948259
1.50952 49.6656 1.68774 0.180048 -0.316456 -0.931288
0.524564 49.6171 1.51445 0.187799 -0.345575 -0.919405
0.337734 48.8734 1.75357 0.180353 -0.32821 -0.927228
4.36011 49.6715 1.93407 -0.0644993 -0.308177 -0.948149
5.2476 49.085 2.03065 -0.105753 -0.292996 -0.950246
6.1091 48.5522 2.08962 -0.136396 -0.304671 -0.942641
6.95919 47.8877 2.16521 -0.148529 -0.294427 -0.944061
7.64817 47.5639 2.14832 -0.163019 -0.274414 -0.947693
7.65637 48.6504 1.80058 -0.17497 -0.315856 -0.932535
7.56377 49.6125 1.46434 -0.194575 -0.340083 -0.920046
6.47109 49.7121 1.65151 -0.18163 -0.314335 -0.931775
5.35609 49.6833 1.83235 -0.115873 -0.301425 -0.946423
4.52503 49.6702 1.92557 -0.0795436 -0.276501 -0.957268
6.19743 49.1245 1.89715 -0.138483 -0.311416 -0.939949
7.15653 49.0042 1.77297 -0.167657 -0.311904 -0.935204
6.7574 48.6585 1.95665 -0.155149 -0.293845 -0.943177
6.22851 49.1014 1.90004 -0.13165 -0.295515 -0.946224
6.22072 49.1068 1.89944 -0.13165 -0.295515 -0.946224
