9.49378 11.9967 15.1816 0.0158439 -0.245107 0.969367
9.82142 10.9936 14.815 -0.00757951 -0.35478 0.933917
10.4244 11.2197 14.9508 -0.196436 -0.346747 0.917158
10.5441 12.1328 15.3635 -0.201008 -0.414583 0.887534
9.82728 12.564 15.4992 0.0607254 -0.559186 0.826815
9.50228 12.1186 15.2123 -0.0400315 -0.285685 0.954884
8.53239 12.0115 15.5769 0.606165 -0.399742 0.685265
8.6319 10.934 15.1252 0.436317 -0.296468 0.849549
9.15937 10.1274 14.7372 0.354017 -0.167561 0.920106
9.63158 9.30962 14.3927 0.296383 -0.242767 0.9237
10.1719 8.56306 14.0971 0.0042177 -0.196754 0.977521
10.6807 9.38298 14.3898 -0.346308 -0.297384 0.889738
11.0827 10.2266 14.7749 -0.368783 -0.206237 0.904258
11.4866 11.0667 15.2054 -0.384479 -0.246739 0.88881
11.621 12.0067 15.5998 -0.483852 -0.492511 0.723408
11.1588 12.8358 16.059 -0.39883 -0.674397 0.621388
10.536 13.4976 16.4672 -0.243607 -0.705502 0.663542
9.5277 13.3237 16.281 0.108135 -0.771895 0.626486
8.79431 12.7028 15.9389 0.471726 -0.598611 0.646984
8.58995 12.3151 15.72 0.63631 -0.424197 0.644334
8.54772 12.12 15.6332 0.636309 -0.424197 0.644335
