1.52675 18.2783 28.9143 0.000986363 -0.850169 0.526509
1.52692 17.6814 27.9506 0.000995187 -0.850168 0.52651
1.5274 17.0698 26.963 0.000996642 -0.850169 0.526508
1.52849 16.4682 25.9915 0.000997889 -0.850171 0.526507
1.53027 15.922 25.1096 0.000997806 -0.850167 0.526512
1.53306 15.3799 24.2342 0.000991294 -0.850169 0.52651
1.5373 14.8051 23.3061 0.000995129 -0.850168 0.526511
1.54365 14.1707 22.2816 0.000992763 -0.850168 0.52651
1.55148 13.5684 21.309 0.000989345 -0.850169 0.526509
1.57529 12.9796 20.3582 0.000993325 -0.850169 0.526509
2.47303 12.7838 20.0404 0.000989607 -0.850165 0.526515
3.49795 12.7793 20.0312 0.000991532 -0.850166 0.526515
4.51017 12.7743 20.0212 0.000990193 -0.850166 0.526515
5.63376 12.7842 20.0351 0.000987675 -0.850165 0.526515
6.71587 12.7925 20.0465 0.000987621 -0.850166 0.526514
7.83749 12.7884 20.0378 0.000989098 -0.850165 0.526515
8.95124 12.7816 20.0248 0.000991464 -0.850165 0.526516
10.039 12.7896 20.0356 0.000990265 -0.850164 0.526517
11.0945 12.7885 20.0319 0.000987232 -0.850167 0.526513
12.199 12.7918 20.035 0.000987736 -0.850165 0.526515
13.277 12.783 20.0189 0.000986457 -0.850166 0.526513
14.3146 12.8015 20.0467 0.000988099 -0.850163 0.526518
15.4527 12.8046 20.0496 0.000989894 -0.850165 0.526516
16.5405 12.8029 20.0449 0.000986202 -0.850166 0.526514
17.6496 12.7912 20.0239 0.000987972 -0.850165 0.526516
18.7137 12.7949 20.0279 0.000990387 -0.850165 0.526516
19.979 12.7946 20.025 0.000985677 -0.850164 0.526517
21.0057 12.7994 20.0309 0.000986915 -0.850166 0.526514
22.0449 12.806 20.0396 0.000987592 -0.850165 0.526516
23.1785 12.7961 20.0214 0.000987811 -0.850166 0.526514
24.2642 12.7986 20.0234 0.00098825 -0.850164 0.526517
25.2999 12.7927 20.012 0.000989659 -0.850166 0.526514
26.3106 12.8047 20.0294 0.000985061 -0.850165 0.526515
27.3472 12.8073 20.0317 0.000989352 -0.850165 0.526516
28.4379 12.8113 20.0361 0.000989222 -0.850166 0.526514
29.4859 12.8251 20.0563 0.000987518 -0.850166 0.526514
30.5412 12.8183 20.0434 0.00098796 -0.850165 0.526515
31.7054 12.81 20.0279 0.000989226 -0.850165 0.526515
32.7056 12.8126 20.0302 0.000988591 -0.850166 0.526513
33.7858 12.81 20.0239 0.000987775 -0.850166 0.526513
34.7956 12.8163 20.0322 0.000984673 -0.850169 0.52651
35.9447 12.8172 20.0316 0.000988081 -0.850171 0.526506
36.961 12.8146 20.0255 0.000987168 -0.85017 0.526508
37.9763 12.8169 20.0273 0.000988171 -0.850172 0.526505
39.1465 12.8229 20.0347 0.00098563 -0.850173 0.526503
40.3189 12.8175 20.0238 0.000987532 -0.850173 0.526503
41.4075 12.8202 20.0261 0.000986258 -0.85017 0.526507
42.4424 12.8276 20.0362 0.000986044 -0.850172 0.526505
43.5521 12.8418 20.0571 0.000989076 -0.850171 0.526506
44.6107 12.843 20.0569 0.000987276 -0.850171 0.526505
45.694 12.8429 20.0549 0.000987527 -0.850171 0.526506
46.8412 12.8589 20.0785 0.000988024 -0.850171 0.526506
47.8468 12.8605 20.0792 0.000990111 -0.850169 0.526508
48.4758 13.1402 20.5296 0.000989531 -0.850167 0.526513
48.4803 13.7639 21.5367 0.000993338 -0.850167 0.526512
48.4805 14.3977 22.5601 0.000994321 -0.850168 0.526511
48.4809 15.0331 23.5861 0.000990784 -0.850167 0.526512
48.4811 15.6723 24.6183 0.000989262 -0.850165 0.526515
48.4808 16.3058 25.6412 0.000999588 -0.850168 0.526511
48.4798 16.9283 26.6463 0.00099089 -0.850169 0.526508
48.4786 17.4704 27.5216 0.000989778 -0.850167 0.526513
48.4773 18.0238 28.4153 0.000991344 -0.850165 0.526515
48.4758 18.613 29.3666 0.000988368 -0.850167 0.526512
48.4736 19.2729 30.4321 0.000987463 -0.850169 0.526509
48.4709 19.9225 31.4811 0.000993572 -0.850165 0.526516
48.4678 20.5431 32.4832 0.000999468 -0.850168 0.526511
48.4633 21.1303 33.4313 0.000992592 -0.850165 0.526516
47.9872 21.5744 34.1494 0.00098956 -0.850166 0.526515
46.9182 21.5875 34.1725 0.000993202 -0.850163 0.526519
45.8032 21.5858 34.1718 0.000993011 -0.850166 0.526513
44.716 21.5805 34.1653 0.000986402 -0.850168 0.526511
43.611 21.5651 34.1426 0.000987971 -0.850167 0.526512
42.447 21.575 34.1608 0.000991815 -0.850166 0.526513
41.3768 21.5753 34.1633 0.000992839 -0.850166 0.526514
40.3274 21.5739 34.1629 0.000998734 -0.850164 0.526517
39.1431 21.5766 34.1695 0.000988 -0.850165 0.526516
38.0243 21.5688 34.159 0.000994736 -0.850166 0.526514
36.9786 21.5462 34.1246 0.000987445 -0.850166 0.526515
35.8503 21.5456 34.1257 0.000993612 -0.850164 0.526518
34.7548 21.5447 34.1263 0.000992991 -0.850168 0.526511
33.7164 21.5543 34.1438 0.000987062 -0.850165 0.526516
32.5758 21.5445 34.1301 0.00098502 -0.850168 0.526511
31.5466 21.5427 34.129 0.000992121 -0.850164 0.526517
30.4021 21.5401 34.127 0.000990003 -0.850166 0.526514
29.3492 21.5422 34.1324 0.000984124 -0.850168 0.526511
28.3336 21.5616 34.1656 0.000986644 -0.850171 0.526506
27.3106 21.5489 34.1471 0.000981235 -0.850167 0.526512
26.2884 21.5417 34.1373 0.000984289 -0.850168 0.52651
25.1718 21.5255 34.1132 0.000991285 -0.850168 0.526511
24.123 21.5384 34.1361 0.000984829 -0.85017 0.526508
23.053 21.5252 34.1168 0.000989323 -0.85017 0.526508
22.0477 21.5248 34.118 0.000988404 -0.850171 0.526506
20.973 21.5292 34.1271 0.000988584 -0.850167 0.526512
19.8893 21.5263 34.1245 0.000986461 -0.850167 0.526512
18.7631 21.5199 34.1163 0.000986827 -0.85017 0.526507
17.6463 21.5151 34.1105 0.00099647 -0.850173 0.526503
16.5743 21.5233 34.1259 0.000994109 -0.850173 0.526502
15.5175 21.5264 34.1329 0.00099156 -0.850173 0.526503
14.4495 21.5169 34.1196 0.000991952 -0.850172 0.526505
13.3737 21.5131 34.1154 0.000987808 -0.850167 0.526512
12.2345 21.5093 34.1115 0.00098913 -0.850168 0.526511
11.1977 21.5067 34.1092 0.000987734 -0.850172 0.526504
10.103 21.5081 34.1135 0.000990089 -0.850169 0.526509
8.95126 21.5067 34.1133 0.000990066 -0.850169 0.526509
7.86822 21.4984 34.1021 0.000997705 -0.850173 0.526503
6.81991 21.4954 34.0991 0.000989443 -0.850172 0.526504
5.63006 21.4983 34.106 0.000990355 -0.850169 0.52651
4.61185 21.4912 34.0965 0.00098991 -0.850169 0.526509
3.39908 21.4861 34.0905 0.000987221 -0.850168 0.52651
2.29789 21.4803 34.0833 0.000992328 -0.850168 0.526511
1.54413 21.2119 33.6513 0.000990543 -0.850169 0.526509
1.53396 20.6779 32.789 0.00099654 -0.850169 0.526509
1.53206 20.1419 31.9236 0.00099104 -0.85017 0.526507
1.52919 19.5278 30.932 0.000993286 -0.850169 0.526509
1.52748 18.9747 30.0388 0.000995358 -0.850168 0.52651
1.52692 18.4363 29.1694 0.000997424 -0.850169 0.526509
1.52676 18.316 28.9752 0.000991903 -0.850169 0.526509
0.560554 18.2885 28.9326 0.000993618 -0.850169 0.526509
0.56105 18.8396 29.8226 0.00100429 -0.850169 0.526509
0.562817 19.4114 30.7458 0.000990581 -0.85017 0.526508
0.565635 19.988 31.6768 0.000999315 -0.850169 0.526509
0.5687 20.5245 32.5431 0.000991753 -0.85017 0.526508
0.57377 21.1453 33.5455 0.00099689 -0.850167 0.526512
0.583216 21.7753 34.5627 0.000985566 -0.85017 0.526507
1.42477 21.9985 34.9216 0.000990381 -0.850168 0.52651
2.4679 22.0056 34.9312 0.000984418 -0.850173 0.526502
3.51149 22.009 34.9346 0.000989964 -0.850173 0.526503
4.5696 22.0123 34.9379 0.000991381 -0.850169 0.526509
5.66575 22.0128 34.9368 0.000990706 -0.850169 0.52651
6.77128 22.0152 34.9386 0.000989057 -0.850174 0.526501
7.79397 22.0236 34.9501 0.000985803 -0.85017 0.526508
8.8888 22.0239 34.9486 0.000985474 -0.850173 0.526502
10.0043 22.0243 34.9472 0.000986886 -0.850171 0.526505
11.1939 22.025 34.9461 0.000985625 -0.850167 0.526512
12.2166 22.0263 34.9463 0.000984374 -0.850169 0.526509
13.2544 22.0298 34.9499 0.000992442 -0.850173 0.526502
14.3453 22.0378 34.9608 0.000988465 -0.85017 0.526507
15.4581 22.046 34.972 0.00098241 -0.850168 0.52651
16.5238 22.0519 34.9796 0.000982678 -0.85017 0.526508
17.6825 22.0442 34.965 0.00099402 -0.850167 0.526512
18.7375 22.0435 34.9618 0.000992068 -0.850168 0.52651
19.9002 22.0471 34.9655 0.000990344 -0.850173 0.526503
21.051 22.0561 34.9777 0.00098723 -0.850173 0.526503
22.1415 22.0577 34.9783 0.00098355 -0.850173 0.526503
23.2317 22.0509 34.9653 0.000991715 -0.850166 0.526514
24.2616 22.0644 34.9852 0.000983673 -0.850172 0.526504
25.2749 22.0559 34.9695 0.000988791 -0.850168 0.52651
26.3633 22.0613 34.9762 0.000985382 -0.850169 0.526509
27.5004 22.0704 34.9887 0.000984992 -0.850172 0.526505
28.615 22.0746 34.9935 0.000984443 -0.850167 0.526513
29.7904 22.0595 34.9668 0.000993439 -0.850169 0.526509
30.7918 22.0757 34.9911 0.000991641 -0.850165 0.526515
31.922 22.07 34.9798 0.000990942 -0.850164 0.526516
32.9257 22.0652 34.9702 0.000989613 -0.850171 0.526506
33.9798 22.0735 34.9817 0.000986256 -0.850167 0.526512
35.0248 22.0863 35.0002 0.00098721 -0.850167 0.526512
36.0688 22.0816 34.9908 0.000987986 -0.850165 0.526516
37.2281 22.0672 34.9653 0.00099359 -0.850167 0.526512
38.2858 22.0917 35.0029 0.000989817 -0.850168 0.52651
39.4829 22.0869 34.9929 0.000989839 -0.850166 0.526514
40.5978 22.0987 35.0099 0.000993375 -0.850169 0.526509
41.6117 22.0968 35.0048 0.000983987 -0.850166 0.526514
42.7187 22.0852 34.9841 0.00099207 -0.850168 0.52651
43.769 22.0893 34.9888 0.000990927 -0.850164 0.526516
44.8056 22.1015 35.0064 0.000996181 -0.850167 0.526513
45.8799 22.1038 35.0082 0.00098849 -0.850161 0.526522
46.9325 22.1029 35.0047 0.000993503 -0.85017 0.526508
48.1273 22.0997 34.9974 0.000986105 -0.850163 0.526519
49.1785 22.0867 34.9744 0.000993858 -0.850168 0.52651
49.4249 21.595 34.1799 0.000993898 -0.850167 0.526512
49.4293 20.9416 33.1249 0.00099331 -0.850166 0.526514
49.4327 20.3014 32.091 0.000995843 -0.850169 0.526509
49.4351 19.7648 31.2246 0.000987322 -0.850168 0.526511
49.4372 19.1786 30.2781 0.000993391 -0.850168 0.526511
49.4384 18.6207 29.3772 0.000992163 -0.850166 0.526514
49.4394 18.045 28.4477 0.000995113 -0.850168 0.526511
49.4406 17.482 27.5385 0.000987531 -0.850166 0.526514
49.442 16.9258 26.6405 0.000994552 -0.850168 0.526511
49.443 16.3442 25.7014 0.00100132 -0.850166 0.526513
49.4435 15.7989 24.8208 0.000990461 -0.850167 0.526513
49.4435 15.2072 23.8654 0.000991527 -0.850167 0.526513
49.4435 14.6674 22.9938 0.000988478 -0.850164 0.526516
49.4433 14.0787 22.0432 0.000991418 -0.850167 0.526511
49.4427 13.5409 21.1748 0.000996639 -0.850166 0.526514
49.4399 12.9641 20.2434 0.000991544 -0.850167 0.526513
49.3498 12.4202 19.3654 0.00099432 -0.850168 0.52651
48.4092 12.3256 19.2143 0.000989485 -0.850171 0.526506
47.3911 12.3242 19.214 0.000985503 -0.850172 0.526504
46.37 12.325 19.2172 0.000988101 -0.850173 0.526503
45.3239 12.3203 19.2117 0.000984189 -0.850172 0.526504
44.153 12.3206 19.2143 0.000986368 -0.850171 0.526506
43.1347 12.3211 19.2171 0.000984925 -0.850171 0.526505
41.9674 12.3081 19.1982 0.000988018 -0.850172 0.526505
40.9636 12.3058 19.1963 0.000984912 -0.85017 0.526507
39.7804 12.3107 19.2065 0.000988071 -0.85017 0.526508
38.7604 12.3096 19.2066 0.00098276 -0.85017 0.526508
37.7423 12.3028 19.1976 0.000988846 -0.850164 0.526517
36.7335 12.3021 19.1983 0.000987997 -0.850166 0.526514
35.6998 12.2983 19.1941 0.000987782 -0.850164 0.526516
34.6808 12.2991 19.1973 0.000988585 -0.850164 0.526516
33.5735 12.2933 19.1901 0.0009863 -0.850164 0.526518
32.5638 12.2897 19.1861 0.000988988 -0.850164 0.526518
31.5113 12.2937 19.1945 0.000987709 -0.850164 0.526516
30.3921 12.3024 19.2107 0.000986823 -0.850163 0.526519
29.3882 12.2983 19.2059 0.000989455 -0.850163 0.526519
28.3303 12.2943 19.2015 0.00098318 -0.850166 0.526514
27.3157 12.292 19.1996 0.000987168 -0.850164 0.526517
26.2706 12.2907 19.1995 0.000985828 -0.850166 0.526515
25.1337 12.2773 19.18 0.000989243 -0.850164 0.526516
24.0257 12.2855 19.1953 0.00098752 -0.850164 0.526517
22.8414 12.2848 19.1965 0.000988237 -0.850164 0.526517
21.7933 12.2841 19.1973 0.000989401 -0.850164 0.526516
20.7769 12.2859 19.2021 0.000992152 -0.850165 0.526515
19.7469 12.2785 19.1921 0.000991701 -0.850166 0.526515
18.717 12.2761 19.1902 0.000987321 -0.850164 0.526516
17.6695 12.2789 19.1967 0.000989129 -0.850165 0.526515
16.5711 12.2818 19.2034 0.000988818 -0.850165 0.526515
15.5142 12.2823 19.2062 0.000989056 -0.850166 0.526514
14.3375 12.2737 19.1945 0.000989864 -0.850165 0.526516
13.1794 12.267 19.1858 0.000988787 -0.850164 0.526516
12.1714 12.2693 19.1914 0.000987628 -0.850165 0.526515
11.1189 12.268 19.1913 0.000989908 -0.850165 0.526515
10.0115 12.2701 19.1968 0.000989749 -0.850166 0.526514
8.90031 12.2662 19.1925 0.000988964 -0.850165 0.526515
7.88618 12.2669 19.1956 0.00098979 -0.850165 0.526516
6.64438 12.2737 19.209 0.000987155 -0.850165 0.526516
5.5735 12.2636 19.1946 0.000986647 -0.850164 0.526517
4.52122 12.2622 19.1943 0.000987907 -0.850165 0.526515
3.37333 12.2587 19.1909 0.00098835 -0.850167 0.526513
2.32319 12.2598 19.1947 0.000990261 -0.850166 0.526513
1.14844 12.2654 19.2059 0.000988829 -0.850167 0.526513
0.58711 12.6728 19.8648 0.000995724 -0.850169 0.526509
0.579768 13.2828 20.8498 0.000996772 -0.85017 0.526507
0.574011 13.9097 21.8621 0.000989537 -0.850168 0.526511
0.570103 14.4384 22.7158 0.000989387 -0.85017 0.526508
0.56682 15.0089 23.637 0.000997144 -0.850169 0.526509
0.564672 15.5644 24.5339 0.000990222 -0.85017 0.526507
0.563309 16.1323 25.451 0.000994723 -0.850169 0.52651
0.562391 16.6903 26.3519 0.000993522 -0.850169 0.526508
0.561476 17.2359 27.233 0.000986612 -0.850168 0.526511
0.560686 17.8056 28.1529 0.00100004 -0.850168 0.526511
0.56054 18.1921 28.7769 0.000993925 -0.850168 0.526511
2.04282 18.3536 29.0349 0.000990448 -0.85017 0.526508
3.08138 18.3544 29.0343 0.000990906 -0.850169 0.526509
4.14083 18.3553 29.0338 0.000992878 -0.850169 0.526509
5.15172 18.3562 29.0332 0.000990309 -0.85017 0.526508
6.28953 18.3571 29.0327 0.000991684 -0.850169 0.526509
7.38853 18.3581 29.0321 0.000987563 -0.850167 0.526512
8.55441 18.359 29.0315 0.000989776 -0.85017 0.526507
9.67925 18.36 29.0309 0.000992167 -0.850169 0.526508
10.6968 18.3608 29.0304 0.000987632 -0.85017 0.526507
11.7698 18.3617 29.0298 0.000989181 -0.85017 0.526508
12.8482 18.3627 29.0292 0.000983521 -0.850172 0.526505
13.9661 18.3636 29.0287 0.00098799 -0.85017 0.526507
15.0384 18.3645 29.0281 0.000990713 -0.850172 0.526504
16.0813 18.3654 29.0276 0.000987782 -0.850171 0.526505
17.1975 18.3663 29.027 0.000987469 -0.85017 0.526508
18.2266 18.3672 29.0264 0.00098831 -0.850168 0.52651
19.2356 18.368 29.0259 0.000982684 -0.850167 0.526512
20.27 18.3689 29.0254 0.000986663 -0.850166 0.526514
21.4696 18.3699 29.0248 0.000986217 -0.850167 0.526512
22.481 18.3707 29.0242 0.000985851 -0.850166 0.526514
23.4907 18.3716 29.0237 0.000986705 -0.850167 0.526512
24.6288 18.3725 29.0231 0.000984183 -0.850169 0.52651
25.7222 18.3735 29.0226 0.000990907 -0.850167 0.526512
26.9171 18.3745 29.0219 0.000987773 -0.850168 0.526511
27.9291 18.3753 29.0214 0.000984459 -0.850167 0.526512
29.0021 18.3762 29.0209 0.000984793 -0.850168 0.52651
30.0234 18.3771 29.0203 0.000988392 -0.850168 0.526511
31.1786 18.378 29.0197 0.000984507 -0.850169 0.526509
32.265 18.3789 29.0192 0.000985196 -0.850169 0.526509
33.3645 18.3799 29.0186 0.00098601 -0.850168 0.52651
34.5407 18.3808 29.018 0.000984562 -0.850169 0.52651
35.5492 18.3817 29.0175 0.000995694 -0.850164 0.526516
36.5599 18.3825 29.0169 0.000990135 -0.850165 0.526516
37.5967 18.3834 29.0164 0.000989018 -0.850165 0.526516
38.758 18.3844 29.0158 0.000991825 -0.850165 0.526515
39.7755 18.3852 29.0152 0.000992317 -0.850166 0.526514
40.7985 18.3861 29.0147 0.000993166 -0.850168 0.526511
41.9705 18.3871 29.0141 0.000991618 -0.850166 0.526514
43.2052 18.3881 29.0135 0.000992056 -0.850167 0.526513
44.3735 18.3891 29.0129 0.000991167 -0.850165 0.526516
45.4745 18.39 29.0123 0.000984176 -0.850169 0.526509
46.5279 18.3909 29.0117 0.000991984 -0.850167 0.526512
47.5408 18.3918 29.0112 0.000994742 -0.850167 0.526513
47.9169 18.3921 29.011 0.000993531 -0.850167 0.526512
47.9435 17.918 28.2453 0.000989201 -0.850168 0.526511
46.9124 17.9171 28.2459 0.000992702 -0.850167 0.526512
45.9102 17.9162 28.2464 0.00099352 -0.850167 0.526512
44.8827 17.9154 28.2469 0.000988852 -0.850167 0.526512
43.7936 17.9145 28.2475 0.000990674 -0.850169 0.526509
42.6514 17.9135 28.2481 0.000990226 -0.850165 0.526516
41.5986 17.9126 28.2487 0.000990289 -0.850166 0.526514
40.3953 17.9116 28.2493 0.000993193 -0.850162 0.52652
39.3812 17.9107 28.2498 0.000990505 -0.850164 0.526517
38.3178 17.9098 28.2504 0.000992587 -0.850166 0.526514
37.1707 17.9089 28.251 0.000987269 -0.850166 0.526515
36.1378 17.908 28.2515 0.000989484 -0.850165 0.526515
35.072 17.9071 28.2521 0.00098623 -0.850167 0.526512
34.0152 17.9062 28.2526 0.00098278 -0.850172 0.526504
32.9584 17.9053 28.2532 0.000986248 -0.850171 0.526507
31.8649 17.9044 28.2537 0.000984915 -0.850168 0.526511
30.7229 17.9035 28.2543 0.000986499 -0.85017 0.526507
29.6094 17.9025 28.2549 0.000985364 -0.850168 0.526511
28.6076 17.9017 28.2554 0.000981575 -0.850167 0.526512
27.5149 17.9008 28.256 0.000987074 -0.850168 0.526511
26.4561 17.8999 28.2565 0.00098232 -0.85017 0.526507
25.2939 17.8989 28.2571 0.000980924 -0.850171 0.526505
24.2379 17.898 28.2577 0.000979069 -0.85017 0.526507
23.1808 17.8972 28.2582 0.000986798 -0.850171 0.526506
22.0518 17.8962 28.2588 0.000983982 -0.850167 0.526512
20.9663 17.8953 28.2594 0.000988088 -0.850165 0.526515
19.9625 17.8945 28.2599 0.000987137 -0.850167 0.526512
18.8869 17.8936 28.2605 0.00098488 -0.85017 0.526508
17.8663 17.8927 28.261 0.000984069 -0.850168 0.52651
16.768 17.8918 28.2616 0.000987227 -0.85017 0.526508
15.7267 17.8909 28.2621 0.000986578 -0.850169 0.526509
14.6439 17.89 28.2627 0.000990771 -0.850173 0.526503
13.4631 17.889 28.2633 0.000991735 -0.850172 0.526504
12.3379 17.8881 28.2639 0.000985415 -0.850171 0.526506
11.2331 17.8871 28.2644 0.000989677 -0.850173 0.526503
10.1517 17.8862 28.265 0.000988998 -0.850169 0.526508
9.13154 17.8854 28.2655 0.000990135 -0.850172 0.526504
8.09716 17.8845 28.2661 0.000986041 -0.850172 0.526504
7.077 17.8836 28.2666 0.000991266 -0.850168 0.526511
5.95632 17.8827 28.2672 0.000987238 -0.85017 0.526507
4.78912 17.8817 28.2678 0.000995095 -0.85017 0.526508
3.77505 17.8809 28.2683 0.000998577 -0.850168 0.526511
2.76197 17.88 28.2688 0.000994203 -0.850168 0.52651
2.03275 17.8794 28.2692 0.000996255 -0.850169 0.526509
2.03983 17.4052 27.5036 0.000992821 -0.850171 0.526506
3.11999 17.4061 27.503 0.000992857 -0.850169 0.526509
4.13429 17.407 27.5025 0.000995609 -0.850171 0.526505
5.14506 17.4078 27.502 0.000993716 -0.850169 0.526509
6.1697 17.4087 27.5014 0.00098619 -0.850166 0.526513
7.22258 17.4096 27.5009 0.000989198 -0.850171 0.526506
8.33138 17.4105 27.5003 0.000991703 -0.850172 0.526505
9.39669 17.4114 27.4997 0.000990147 -0.850168 0.526511
10.4804 17.4123 27.4992 0.000986666 -0.85017 0.526508
11.5801 17.4133 27.4986 0.000987978 -0.850172 0.526504
12.6368 17.4141 27.4981 0.000988678 -0.85017 0.526507
13.7844 17.4151 27.4975 0.00099088 -0.85017 0.526507
14.7869 17.416 27.4969 0.000985565 -0.850169 0.526509
15.8543 17.4169 27.4964 0.000984107 -0.850168 0.52651
16.9048 17.4177 27.4958 0.000987097 -0.850168 0.52651
17.9206 17.4186 27.4953 0.000983533 -0.850169 0.526509
18.9986 17.4195 27.4947 0.000987456 -0.85017 0.526508
20.1353 17.4204 27.4942 0.000987112 -0.850172 0.526504
21.1366 17.4213 27.4936 0.000987184 -0.850169 0.526509
22.2628 17.4222 27.4931 0.000983594 -0.850167 0.526512
23.2892 17.4231 27.4925 0.000988598 -0.850169 0.526509
24.4052 17.424 27.4919 0.000984649 -0.850169 0.526509
25.5046 17.4249 27.4914 0.000987729 -0.850168 0.526511
26.5401 17.4258 27.4908 0.000983065 -0.85017 0.526507
27.5471 17.4266 27.4903 0.000982974 -0.85017 0.526507
28.6831 17.4276 27.4897 0.000982945 -0.850168 0.526511
29.7292 17.4285 27.4892 0.000986178 -0.850166 0.526513
30.837 17.4294 27.4886 0.000986313 -0.850169 0.526509
31.8908 17.4303 27.4881 0.000985677 -0.850168 0.52651
32.971 17.4312 27.4875 0.000983544 -0.850168 0.526511
34.1401 17.4322 27.4869 0.000983508 -0.85017 0.526507
35.1939 17.4331 27.4863 0.000986703 -0.850168 0.526511
36.2556 17.4339 27.4858 0.000987447 -0.850167 0.526512
37.3977 17.4349 27.4852 0.000992506 -0.850168 0.526511
38.5698 17.4359 27.4846 0.000992786 -0.850166 0.526514
39.6426 17.4368 27.484 0.000992676 -0.850166 0.526514
40.7206 17.4377 27.4835 0.000991418 -0.850168 0.526511
41.8527 17.4387 27.4829 0.000989988 -0.850165 0.526515
42.9774 17.4396 27.4823 0.000984984 -0.850166 0.526514
44.0801 17.4405 27.4817 0.000992297 -0.850167 0.526512
45.1371 17.4414 27.4812 0.000995293 -0.850167 0.526513
46.1376 17.4423 27.4806 0.000993617 -0.850165 0.526515
47.2548 17.4432 27.4801 0.000988002 -0.850168 0.52651
47.967 17.4438 27.4797 0.000989657 -0.850166 0.526513
47.9888 16.9697 26.714 0.000991827 -0.850166 0.526514
46.8862 16.9687 26.7146 0.000986162 -0.850166 0.526514
45.8602 16.9679 26.7151 0.000996111 -0.850165 0.526515
44.7051 16.9669 26.7157 0.000994746 -0.850167 0.526513
43.6889 16.966 26.7163 0.000988778 -0.850166 0.526513
42.627 16.9651 26.7168 0.000990263 -0.850168 0.52651
41.553 16.9642 26.7174 0.000991996 -0.850165 0.526515
40.4945 16.9633 26.7179 0.00099153 -0.850169 0.52651
39.4884 16.9625 26.7185 0.000994229 -0.850166 0.526514
38.4535 16.9616 26.719 0.000990667 -0.850166 0.526515
37.2336 16.9606 26.7196 0.000983015 -0.850167 0.526513
36.1804 16.9597 26.7202 0.00098882 -0.850168 0.526511
35.1801 16.9589 26.7207 0.000991414 -0.850168 0.52651
34.0815 16.958 26.7213 0.000989099 -0.850165 0.526515
32.968 16.957 26.7219 0.000984324 -0.850166 0.526514
31.7823 16.956 26.7225 0.000984164 -0.850168 0.526511
30.6525 16.9551 26.7231 0.00098449 -0.850168 0.526511
29.6001 16.9542 26.7236 0.000985642 -0.85017 0.526508
28.5607 16.9533 26.7241 0.000987392 -0.850168 0.52651
27.5361 16.9525 26.7247 0.000985444 -0.850167 0.526512
26.4193 16.9515 26.7253 0.000986336 -0.850168 0.526511
25.3968 16.9507 26.7258 0.000981568 -0.850169 0.526509
24.3439 16.9498 26.7263 0.000984166 -0.85017 0.526508
23.307 16.9489 26.7269 0.000986773 -0.850169 0.526509
22.2718 16.9481 26.7274 0.000984923 -0.850168 0.52651
21.2633 16.9472 26.7279 0.000990439 -0.850169 0.526509
20.2304 16.9464 26.7285 0.000983432 -0.850169 0.526509
19.0753 16.9454 26.7291 0.000986387 -0.85017 0.526507
18.0749 16.9445 26.7296 0.000988685 -0.850169 0.526509
17.0419 16.9437 26.7301 0.000988772 -0.850167 0.526511
16.014 16.9428 26.7306 0.000986243 -0.850169 0.526509
14.9933 16.942 26.7312 0.000987367 -0.850168 0.52651
13.8898 16.941 26.7318 0.000984766 -0.850171 0.526506
12.7185 16.9401 26.7324 0.000990864 -0.850169 0.526509
11.6141 16.9391 26.7329 0.000986694 -0.850169 0.526508
10.5468 16.9382 26.7335 0.000988736 -0.850171 0.526506
9.43794 16.9373 26.7341 0.000991333 -0.850172 0.526503
8.43096 16.9365 26.7346 0.000985129 -0.850172 0.526504
7.39395 16.9356 26.7351 0.000985011 -0.85017 0.526508
6.30595 16.9347 26.7357 0.000988448 -0.850169 0.52651
5.27369 16.9338 26.7362 0.000996014 -0.850171 0.526507
4.13909 16.9328 26.7368 0.00099391 -0.850168 0.526511
3.00466 16.9319 26.7374 0.000993939 -0.850168 0.52651
2.05714 16.9311 26.7379 0.000995714 -0.850168 0.526511
2.02951 16.4569 25.9723 0.000988275 -0.850168 0.52651
3.10815 16.4578 25.9717 0.000994055 -0.850168 0.526511
4.13951 16.4587 25.9712 0.000993348 -0.850168 0.526511
5.17367 16.4595 25.9706 0.000987363 -0.850169 0.526509
6.26493 16.4605 25.9701 0.000996363 -0.85017 0.526508
7.36615 16.4614 25.9695 0.00099485 -0.850169 0.526509
8.53383 16.4624 25.9689 0.000990791 -0.850168 0.52651
9.57378 16.4632 25.9683 0.00098866 -0.850169 0.526508
10.7338 16.4642 25.9677 0.000987135 -0.85017 0.526508
11.786 16.4651 25.9672 0.000983526 -0.850169 0.52651
12.8296 16.466 25.9667 0.000989597 -0.850168 0.526511
13.8638 16.4669 25.9661 0.000987032 -0.850165 0.526516
14.9742 16.4678 25.9655 0.000990738 -0.850167 0.526512
16.0683 16.4687 25.965 0.000986262 -0.850167 0.526513
17.2707 16.4697 25.9644 0.000987648 -0.850167 0.526512
18.3674 16.4706 25.9638 0.000982363 -0.850167 0.526512
19.3686 16.4715 25.9633 0.00098723 -0.850168 0.526511
20.3874 16.4723 25.9627 0.000987354 -0.850167 0.526512
21.3972 16.4732 25.9622 0.000985676 -0.850167 0.526511
22.3987 16.474 25.9617 0.000986441 -0.850167 0.526513
23.5188 16.4749 25.9611 0.000983656 -0.850169 0.52651
24.6863 16.4759 25.9605 0.000987538 -0.850169 0.526509
25.7903 16.4768 25.9599 0.000987019 -0.850168 0.526511
26.8613 16.4777 25.9594 0.000983101 -0.850169 0.52651
27.895 16.4786 25.9588 0.000983492 -0.850169 0.526509
29.0443 16.4796 25.9582 0.000982612 -0.850168 0.526511
30.0454 16.4804 25.9577 0.000984365 -0.850169 0.526509
31.1128 16.4813 25.9572 0.000986778 -0.850168 0.526511
32.1764 16.4822 25.9566 0.000983779 -0.850169 0.526508
33.2278 16.4831 25.9561 0.00098664 -0.85017 0.526508
34.2919 16.484 25.9555 0.000985804 -0.85017 0.526508
35.3196 16.4848 25.955 0.000987996 -0.850169 0.526509
36.4363 16.4858 25.9544 0.00098529 -0.850168 0.526511
37.4444 16.4866 25.9539 0.000985681 -0.850168 0.526511
38.6828 16.4876 25.9532 0.0009898 -0.850167 0.526513
39.7186 16.4885 25.9527 0.000993181 -0.850168 0.52651
40.7958 16.4894 25.9521 0.000992268 -0.850165 0.526515
41.8048 16.4903 25.9516 0.000991208 -0.850167 0.526512
42.8891 16.4912 25.951 0.000994945 -0.850167 0.526512
43.906 16.4921 25.9505 0.00099366 -0.850166 0.526514
44.9315 16.4929 25.95 0.000993864 -0.850166 0.526513
45.9688 16.4938 25.9494 0.000988098 -0.850166 0.526514
47.0218 16.4947 25.9489 0.000992029 -0.850165 0.526516
47.9751 16.4955 25.9484 0.000992634 -0.850166 0.526514
47.998 16.0213 25.1827 0.000995566 -0.850168 0.52651
46.9926 16.0205 25.1833 0.00099832 -0.850168 0.52651
45.9377 16.0196 25.1838 0.000992314 -0.850166 0.526514
44.9175 16.0187 25.1843 0.000995832 -0.850166 0.526514
43.9155 16.0179 25.1849 0.000995585 -0.850167 0.526512
42.8945 16.017 25.1854 0.000988668 -0.850168 0.526511
41.8403 16.0161 25.1859 0.000989839 -0.850167 0.526512
40.7885 16.0153 25.1865 0.000990677 -0.850166 0.526514
39.7324 16.0144 25.187 0.000987887 -0.850167 0.526512
38.6462 16.0135 25.1876 0.000983069 -0.850168 0.52651
37.4938 16.0125 25.1882 0.0009874 -0.850171 0.526506
36.4668 16.0116 25.1887 0.000986474 -0.85017 0.526508
35.3075 16.0107 25.1893 0.000984386 -0.850169 0.526509
34.2974 16.0098 25.1899 0.00098566 -0.850166 0.526514
33.2685 16.0089 25.1904 0.000982724 -0.850168 0.52651
32.1236 16.008 25.191 0.000985164 -0.85017 0.526507
31.0749 16.0071 25.1915 0.000983116 -0.850169 0.526509
29.9447 16.0062 25.1921 0.000982159 -0.850168 0.526511
28.9283 16.0053 25.1927 0.00098485 -0.850168 0.52651
27.8886 16.0044 25.1932 0.000985247 -0.850169 0.526509
26.8404 16.0036 25.1937 0.000981941 -0.850168 0.526511
25.6828 16.0026 25.1943 0.000986598 -0.850168 0.52651
24.6274 16.0017 25.1949 0.000986895 -0.850167 0.526512
23.5963 16.0008 25.1954 0.000983364 -0.850168 0.526511
22.5959 16 25.1959 0.000985177 -0.850169 0.526509
21.5688 15.9991 25.1965 0.000987105 -0.850166 0.526514
20.3971 15.9982 25.1971 0.000982569 -0.850168 0.52651
19.3489 15.9973 25.1976 0.00098363 -0.850172 0.526504
18.2547 15.9964 25.1982 0.00098884 -0.850166 0.526514
17.0488 15.9954 25.1988 0.000990439 -0.850169 0.526509
15.9732 15.9945 25.1994 0.00098706 -0.850169 0.526508
14.8968 15.9936 25.1999 0.000990537 -0.850167 0.526512
13.8676 15.9927 25.2005 0.000986988 -0.850167 0.526513
12.7349 15.9917 25.2011 0.0009837 -0.850169 0.526509
11.6821 15.9909 25.2016 0.000986206 -0.85017 0.526507
10.6232 15.99 25.2022 0.000989519 -0.85017 0.526507
9.55816 15.9891 25.2027 0.000987104 -0.850171 0.526505
8.54302 15.9882 25.2032 0.000992593 -0.85017 0.526507
7.45041 15.9873 25.2038 0.000989633 -0.850168 0.52651
6.40938 15.9864 25.2044 0.000997549 -0.850168 0.52651
5.31765 15.9855 25.2049 0.000991364 -0.85017 0.526507
4.25774 15.9846 25.2055 0.000991976 -0.850168 0.52651
3.2101 15.9837 25.206 0.000991251 -0.850169 0.526509
2.14808 15.9828 25.2066 0.000987207 -0.850169 0.526508
2.06848 15.9828 25.2066 0.00099392 -0.850169 0.526509
2.0998 15.5086 24.441 0.000995857 -0.850168 0.52651
3.1108 15.5095 24.4404 0.00099359 -0.850169 0.526508
4.20673 15.5104 24.4399 0.000991553 -0.850169 0.526509
5.34677 15.5114 24.4393 0.000991564 -0.850168 0.52651
6.35626 15.5122 24.4387 0.000994422 -0.850169 0.526509
7.39222 15.5131 24.4382 0.000992758 -0.850169 0.526509
8.57597 15.5141 24.4376 0.000995999 -0.850166 0.526514
9.57817 15.5149 24.437 0.000987995 -0.850167 0.526512
10.6371 15.5158 24.4365 0.000985011 -0.850169 0.52651
11.7421 15.5167 24.4359 0.000986828 -0.850168 0.52651
12.8354 15.5177 24.4354 0.000987223 -0.85017 0.526507
13.9277 15.5186 24.4348 0.000986191 -0.850168 0.52651
14.9873 15.5195 24.4342 0.000986877 -0.850171 0.526506
16.0934 15.5204 24.4337 0.000985478 -0.850171 0.526505
17.1419 15.5213 24.4331 0.000985305 -0.85017 0.526507
18.1636 15.5221 24.4326 0.00098492 -0.850169 0.526508
19.2218 15.523 24.432 0.000988254 -0.850171 0.526505
20.2748 15.5239 24.4315 0.000986897 -0.850171 0.526506
21.2906 15.5247 24.431 0.000985724 -0.850169 0.526508
22.2919 15.5256 24.4304 0.000985509 -0.850171 0.526506
23.4006 15.5265 24.4299 0.000985823 -0.850169 0.526509
24.468 15.5274 24.4293 0.000987134 -0.850171 0.526506
25.4703 15.5282 24.4288 0.000986088 -0.850169 0.526509
26.5084 15.5291 24.4283 0.000984962 -0.850171 0.526506
27.5831 15.53 24.4277 0.000985495 -0.85017 0.526508
28.6472 15.5309 24.4272 0.000985937 -0.850168 0.526511
29.7216 15.5318 24.4266 0.000985467 -0.850171 0.526506
30.7538 15.5327 24.4261 0.000984709 -0.850172 0.526504
31.8357 15.5336 24.4255 0.000985476 -0.850169 0.526508
32.9222 15.5345 24.4249 0.000985593 -0.85017 0.526507
34.017 15.5354 24.4244 0.000988344 -0.850169 0.526509
35.0483 15.5363 24.4238 0.000987186 -0.850171 0.526506
36.0505 15.5371 24.4233 0.000983028 -0.85017 0.526508
37.1637 15.538 24.4227 0.000985781 -0.85017 0.526508
38.3654 15.539 24.4221 0.000989097 -0.850169 0.526509
39.4116 15.5399 24.4216 0.000988353 -0.850171 0.526505
40.4523 15.5408 24.421 0.000992108 -0.850168 0.526511
41.461 15.5417 24.4205 0.000994418 -0.850166 0.526513
42.5712 15.5426 24.4199 0.000992327 -0.850166 0.526515
43.6058 15.5435 24.4194 0.000993528 -0.850166 0.526514
44.6734 15.5444 24.4188 0.000992008 -0.850167 0.526512
45.8098 15.5453 24.4182 0.000992626 -0.850166 0.526514
46.8534 15.5462 24.4177 0.00099165 -0.850168 0.526511
47.8564 15.547 24.4172 0.000989904 -0.850165 0.526515
47.9486 15.5471 24.4171 0.000991314 -0.850165 0.526515
47.948 15.073 23.6515 0.000995224 -0.850168 0.526511
46.9395 15.0721 23.652 0.000992605 -0.850167 0.526513
45.8922 15.0712 23.6525 0.000991754 -0.850167 0.526513
44.8875 15.0704 23.6531 0.000992395 -0.850168 0.526511
43.8502 15.0695 23.6536 0.000993234 -0.850167 0.526512
42.7753 15.0686 23.6542 0.000992605 -0.850165 0.526515
41.6533 15.0676 23.6548 0.000989394 -0.850169 0.526509
40.6387 15.0668 23.6553 0.000985073 -0.850172 0.526504
39.5782 15.0659 23.6558 0.000981749 -0.850173 0.526502
38.5772 15.0651 23.6564 0.000986792 -0.850172 0.526505
37.4127 15.0641 23.657 0.000988856 -0.850172 0.526504
36.3568 15.0632 23.6575 0.000986072 -0.850173 0.526503
35.2385 15.0623 23.6581 0.000982289 -0.850171 0.526505
34.1767 15.0614 23.6586 0.000983422 -0.85017 0.526507
32.9914 15.0604 23.6592 0.000986717 -0.850171 0.526505
31.9355 15.0595 23.6598 0.000985744 -0.85017 0.526507
30.7836 15.0585 23.6604 0.000984254 -0.850173 0.526503
29.7233 15.0576 23.6609 0.000985477 -0.850173 0.526503
28.5797 15.0567 23.6615 0.000985965 -0.85017 0.526507
27.51 15.0558 23.6621 0.000983234 -0.850172 0.526504
26.4173 15.0549 23.6627 0.000985776 -0.850172 0.526504
25.2094 15.0539 23.6633 0.000988172 -0.850172 0.526504
24.143 15.053 23.6638 0.000987542 -0.850175 0.5265
23.0525 15.0521 23.6644 0.000984241 -0.850173 0.526503
21.7576 15.051 23.6651 0.000985213 -0.850171 0.526505
20.6688 15.0501 23.6656 0.000987552 -0.850172 0.526504
19.5778 15.0491 23.6662 0.000986164 -0.850172 0.526504
18.5563 15.0483 23.6667 0.000985772 -0.850172 0.526504
17.5292 15.0474 23.6673 0.000985467 -0.850171 0.526506
16.528 15.0466 23.6678 0.000983508 -0.850172 0.526504
15.3692 15.0456 23.6684 0.000986824 -0.85017 0.526508
14.264 15.0447 23.669 0.000986417 -0.85017 0.526508
13.1151 15.0437 23.6696 0.000985981 -0.850167 0.526513
12.1056 15.0429 23.6701 0.000986279 -0.850167 0.526513
10.9495 15.0419 23.6707 0.000989411 -0.850166 0.526513
9.9472 15.0411 23.6712 0.000990853 -0.850165 0.526516
8.91996 15.0402 23.6717 0.000990205 -0.850165 0.526515
7.82865 15.0393 23.6723 0.000992759 -0.850168 0.52651
6.81746 15.0384 23.6728 0.00099622 -0.850168 0.526511
5.70102 15.0375 23.6734 0.000989969 -0.85017 0.526507
4.5818 15.0365 23.674 0.000993311 -0.85017 0.526508
3.4532 15.0356 23.6746 0.000995579 -0.850168 0.52651
2.40006 15.0347 23.6752 0.000989052 -0.850169 0.526509
2.13189 15.0345 23.6753 0.000993115 -0.850169 0.526509
2.15575 14.5603 22.9096 0.000990899 -0.85017 0.526508
3.16423 14.5612 22.9091 0.000992014 -0.850168 0.52651
4.30936 14.5621 22.9085 0.000995668 -0.85017 0.526508
5.49686 14.5632 22.9079 0.000990875 -0.850169 0.526508
6.5857 14.5641 22.9073 0.000990963 -0.850166 0.526513
7.60733 14.5649 22.9068 0.000988436 -0.850164 0.526516
8.73891 14.5659 22.9062 0.00098901 -0.850165 0.526515
9.89713 14.5669 22.9056 0.000988401 -0.850165 0.526515
10.9542 14.5677 22.905 0.000989257 -0.850165 0.526516
12.0729 14.5687 22.9045 0.00098998 -0.850165 0.526516
13.149 14.5696 22.9039 0.000983185 -0.850166 0.526514
14.2635 14.5705 22.9033 0.000987691 -0.850166 0.526514
15.3633 14.5714 22.9027 0.000986289 -0.850167 0.526512
16.387 14.5723 22.9022 0.00098627 -0.850167 0.526513
17.4424 14.5732 22.9017 0.000986915 -0.850167 0.526513
18.474 14.5741 22.9011 0.000987002 -0.850169 0.526509
19.4996 14.5749 22.9006 0.000988618 -0.85017 0.526508
20.555 14.5758 22.9001 0.000987882 -0.850171 0.526506
21.6106 14.5767 22.8995 0.000986705 -0.850172 0.526504
22.6773 14.5776 22.899 0.000983667 -0.850174 0.5265
23.7388 14.5785 22.8984 0.000985186 -0.850171 0.526505
24.8316 14.5794 22.8978 0.000985204 -0.850172 0.526504
25.9583 14.5803 22.8972 0.000980651 -0.85017 0.526507
27.1356 14.5813 22.8966 0.0009854 -0.850172 0.526505
28.1964 14.5822 22.8961 0.000985512 -0.850173 0.526502
29.3479 14.5832 22.8955 0.000986968 -0.85017 0.526507
30.3875 14.584 22.8949 0.000985736 -0.850172 0.526505
31.4298 14.5849 22.8944 0.000984866 -0.850173 0.526503
32.5594 14.5859 22.8938 0.000983764 -0.850171 0.526505
33.7405 14.5869 22.8932 0.000985184 -0.85017 0.526507
34.7624 14.5877 22.8927 0.000986086 -0.850173 0.526503
35.7955 14.5886 22.8921 0.000986357 -0.850172 0.526505
37.003 14.5896 22.8915 0.000985373 -0.850173 0.526503
38.1926 14.5906 22.8909 0.000986535 -0.850173 0.526503
39.3036 14.5915 22.8903 0.000986367 -0.850172 0.526504
40.4425 14.5925 22.8897 0.000984074 -0.850173 0.526502
41.6334 14.5935 22.8891 0.000986665 -0.85017 0.526507
42.7506 14.5944 22.8885 0.000991669 -0.850168 0.526511
43.8242 14.5953 22.888 0.00099172 -0.850168 0.526511
44.8886 14.5962 22.8874 0.000992239 -0.850164 0.526517
46.0222 14.5972 22.8868 0.000993854 -0.850166 0.526514
47.0952 14.5981 22.8863 0.000992974 -0.850166 0.526513
47.9494 14.5988 22.8858 0.000992164 -0.850167 0.526512
47.9572 14.1246 22.1202 0.000995731 -0.850166 0.526513
46.9408 14.1238 22.1207 0.000992326 -0.850168 0.526511
45.9341 14.1229 22.1212 0.000993374 -0.850168 0.526511
44.9181 14.1221 22.1218 0.00099146 -0.850169 0.526508
43.8551 14.1212 22.1223 0.000992726 -0.85017 0.526507
42.6856 14.1202 22.1229 0.000988994 -0.850171 0.526506
41.6585 14.1193 22.1235 0.000986902 -0.850171 0.526506
40.6573 14.1185 22.124 0.000985226 -0.850171 0.526506
39.648 14.1176 22.1245 0.000988042 -0.850175 0.5265
38.4935 14.1167 22.1251 0.000988764 -0.850171 0.526506
37.4703 14.1158 22.1256 0.000987031 -0.850173 0.526503
36.4563 14.115 22.1261 0.00098696 -0.850172 0.526504
35.3985 14.1141 22.1267 0.000985643 -0.850171 0.526506
34.2442 14.1131 22.1273 0.000987517 -0.850172 0.526504
33.2222 14.1123 22.1278 0.000985524 -0.850173 0.526503
32.1523 14.1114 22.1284 0.000983758 -0.850173 0.526503
31.1099 14.1105 22.1289 0.000984726 -0.850173 0.526503
30.0458 14.1096 22.1295 0.000986012 -0.850173 0.526503
28.9126 14.1086 22.1301 0.000984208 -0.85017 0.526507
27.8463 14.1078 22.1306 0.000985571 -0.850171 0.526506
26.7262 14.1068 22.1312 0.000983039 -0.850174 0.5265
25.6891 14.1059 22.1317 0.000984822 -0.85017 0.526508
24.4758 14.1049 22.1324 0.000986248 -0.850171 0.526506
23.4202 14.104 22.1329 0.000987692 -0.850167 0.526511
22.3725 14.1032 22.1335 0.000986379 -0.850168 0.52651
21.3398 14.1023 22.134 0.000986139 -0.850167 0.526513
20.1981 14.1013 22.1346 0.000988372 -0.850167 0.526511
19.1951 14.1005 22.1351 0.000989836 -0.850167 0.526512
18.0756 14.0996 22.1357 0.00098706 -0.850165 0.526516
17.0071 14.0987 22.1362 0.000988671 -0.850164 0.526517
15.9785 14.0978 22.1368 0.000987524 -0.850166 0.526515
14.9098 14.0969 22.1373 0.000987803 -0.850167 0.526512
13.8958 14.096 22.1379 0.000988862 -0.850165 0.526515
12.707 14.095 22.1385 0.000987466 -0.850165 0.526515
11.6804 14.0942 22.139 0.000989304 -0.850164 0.526517
10.6519 14.0933 22.1396 0.000986864 -0.850168 0.526511
9.55115 14.0924 22.1401 0.000988337 -0.850164 0.526518
8.36832 14.0914 22.1407 0.000987493 -0.850165 0.526515
7.28459 14.0905 22.1413 0.000989911 -0.850164 0.526517
6.22648 14.0896 22.1419 0.000989973 -0.850166 0.526514
5.15023 14.0887 22.1424 0.000990916 -0.850168 0.52651
4.13421 14.0878 22.143 0.000994611 -0.85017 0.526508
3.06107 14.0869 22.1435 0.000993769 -0.850168 0.526511
2.04618 14.0861 22.144 0.000990658 -0.850169 0.526509
2.06653 13.6119 21.3784 0.000991054 -0.850168 0.526511
3.20016 13.6129 21.3778 0.00099485 -0.850169 0.526509
4.27962 13.6138 21.3772 0.000994257 -0.850166 0.526514
5.31348 13.6147 21.3767 0.000989921 -0.850166 0.526513
6.36127 13.6155 21.3761 0.000990783 -0.850164 0.526517
7.43998 13.6164 21.3756 0.000986276 -0.850166 0.526513
8.59508 13.6174 21.375 0.000988556 -0.850164 0.526517
9.60166 13.6183 21.3745 0.000989923 -0.850165 0.526516
10.6318 13.6191 21.3739 0.000990458 -0.850163 0.526518
11.6441 13.62 21.3734 0.000990736 -0.850167 0.526512
12.821 13.621 21.3728 0.000988069 -0.850164 0.526516
13.9034 13.6219 21.3722 0.000987364 -0.850165 0.526516
14.9579 13.6228 21.3717 0.000987537 -0.850165 0.526515
16.1219 13.6237 21.3711 0.000986759 -0.850164 0.526516
17.2896 13.6247 21.3705 0.00098838 -0.850166 0.526514
18.4185 13.6257 21.3699 0.000987234 -0.850165 0.526515
19.461 13.6265 21.3693 0.000990559 -0.850164 0.526518
20.5767 13.6275 21.3687 0.000986763 -0.850164 0.526518
21.6781 13.6284 21.3682 0.000986415 -0.850164 0.526516
22.8126 13.6294 21.3676 0.00098457 -0.850165 0.526516
23.929 13.6303 21.367 0.000988035 -0.850166 0.526515
24.9495 13.6312 21.3665 0.000988185 -0.850166 0.526514
26.0317 13.6321 21.3659 0.000986294 -0.850167 0.526512
27.1027 13.633 21.3654 0.000985969 -0.85017 0.526508
28.1284 13.6338 21.3648 0.000984235 -0.850172 0.526505
29.1858 13.6347 21.3643 0.000983313 -0.850171 0.526507
30.2324 13.6356 21.3637 0.000985962 -0.850174 0.5265
31.2895 13.6365 21.3632 0.000983608 -0.850173 0.526503
32.3089 13.6373 21.3627 0.000987411 -0.850173 0.526502
33.3854 13.6382 21.3621 0.000986505 -0.850173 0.526503
34.4228 13.6391 21.3616 0.00098405 -0.850173 0.526503
35.558 13.6401 21.361 0.00098474 -0.850173 0.526503
36.6462 13.641 21.3604 0.00098682 -0.850171 0.526505
37.6884 13.6418 21.3599 0.000986704 -0.850172 0.526505
38.69 13.6427 21.3593 0.000985106 -0.850173 0.526502
39.7999 13.6436 21.3588 0.000986113 -0.850172 0.526505
40.9208 13.6445 21.3582 0.000985667 -0.850171 0.526505
42.029 13.6455 21.3576 0.000986783 -0.85017 0.526507
43.0869 13.6464 21.3571 0.000989982 -0.850172 0.526505
44.1939 13.6473 21.3565 0.000985659 -0.850171 0.526505
45.3302 13.6482 21.3559 0.000987835 -0.850166 0.526513
46.3581 13.6491 21.3554 0.000995694 -0.850167 0.526512
47.4107 13.65 21.3548 0.000992131 -0.850166 0.526513
47.9769 13.6505 21.3545 0.000987237 -0.850166 0.526514
47.873 13.1762 20.5889 0.00099088 -0.850167 0.526512
46.7443 13.1753 20.5895 0.000988565 -0.850171 0.526506
45.6955 13.1744 20.5901 0.000986558 -0.85017 0.526508
44.614 13.1735 20.5906 0.0009852 -0.850172 0.526504
43.5404 13.1726 20.5912 0.000984243 -0.850171 0.526506
42.4403 13.1717 20.5917 0.00098708 -0.850172 0.526503
41.4401 13.1708 20.5923 0.000985806 -0.850171 0.526506
40.4116 13.17 20.5928 0.000986661 -0.85017 0.526507
39.3632 13.1691 20.5933 0.000988138 -0.85017 0.526507
38.3228 13.1682 20.5939 0.000987867 -0.85017 0.526507
37.3016 13.1674 20.5944 0.000983449 -0.850172 0.526504
36.125 13.1664 20.595 0.000985636 -0.850174 0.526501
35.0689 13.1655 20.5956 0.000985281 -0.850171 0.526506
34.0492 13.1646 20.5961 0.000984331 -0.850173 0.526502
32.975 13.1637 20.5967 0.000986986 -0.85017 0.526508
31.9372 13.1629 20.5972 0.00098913 -0.850167 0.526512
30.8019 13.1619 20.5978 0.000987356 -0.850168 0.52651
29.636 13.1609 20.5984 0.00098934 -0.850168 0.526511
28.5976 13.1601 20.5989 0.000987917 -0.850165 0.526515
27.4886 13.1591 20.5995 0.000986973 -0.850165 0.526516
26.3305 13.1581 20.6001 0.000988237 -0.850165 0.526515
25.2773 13.1573 20.6007 0.000989074 -0.850164 0.526517
24.2093 13.1564 20.6012 0.000986935 -0.850166 0.526513
23.1622 13.1555 20.6018 0.000988509 -0.850165 0.526515
22.1145 13.1546 20.6023 0.00099 -0.850165 0.526515
20.9775 13.1537 20.6029 0.000991278 -0.850165 0.526516
19.9134 13.1528 20.6034 0.000990743 -0.850164 0.526517
18.8372 13.1519 20.604 0.000987956 -0.850166 0.526514
17.8212 13.151 20.6045 0.00098452 -0.850165 0.526516
16.7933 13.1501 20.6051 0.000992058 -0.850165 0.526515
15.7672 13.1493 20.6056 0.000988245 -0.850165 0.526516
14.6177 13.1483 20.6062 0.00099323 -0.850165 0.526516
13.5314 13.1474 20.6068 0.000989626 -0.850163 0.526518
12.5122 13.1465 20.6073 0.000987564 -0.850165 0.526515
11.4564 13.1457 20.6078 0.000989011 -0.850166 0.526515
10.3714 13.1447 20.6084 0.000987427 -0.850166 0.526514
9.35781 13.1439 20.6089 0.000988619 -0.850164 0.526517
8.22885 13.1429 20.6095 0.000988141 -0.850165 0.526516
7.19162 13.1421 20.6101 0.000988573 -0.850164 0.526517
6.02831 13.1411 20.6107 0.000988606 -0.850165 0.526516
4.96558 13.1402 20.6112 0.000985508 -0.850166 0.526514
3.85309 13.1393 20.6118 0.00099034 -0.850166 0.526513
2.79368 13.1384 20.6124 0.000991157 -0.850169 0.526508
2.17257 13.1378 20.6127 0.000992449 -0.850167 0.526512
2.07642 18.8278 29.8005 0.000995059 -0.850169 0.526508
3.12147 18.8286 29.8 0.00099234 -0.850168 0.52651
4.16103 18.8295 29.7994 0.000989364 -0.850169 0.526509
5.1961 18.8304 29.7989 0.000991916 -0.850172 0.526505
6.21875 18.8312 29.7983 0.000987934 -0.850172 0.526505
7.40464 18.8322 29.7977 0.000985942 -0.85017 0.526508
8.49405 18.8332 29.7972 0.000986912 -0.850169 0.526509
9.6606 18.8341 29.7965 0.000984446 -0.850171 0.526505
10.671 18.835 29.796 0.000988231 -0.85017 0.526508
11.7764 18.8359 29.7954 0.000988182 -0.850168 0.526511
12.8049 18.8368 29.7949 0.000993293 -0.850168 0.52651
13.9107 18.8377 29.7943 0.00098927 -0.85017 0.526508
14.9334 18.8386 29.7938 0.000988766 -0.850171 0.526506
16.0243 18.8395 29.7932 0.000990502 -0.85017 0.526507
17.0776 18.8404 29.7927 0.000987302 -0.850171 0.526505
18.2507 18.8414 29.7921 0.000990281 -0.850168 0.526511
19.3601 18.8423 29.7915 0.000985346 -0.850169 0.526509
20.4772 18.8432 29.7909 0.000988037 -0.850168 0.526511
21.4855 18.8441 29.7904 0.00098838 -0.850168 0.526511
22.5459 18.845 29.7898 0.000985882 -0.850165 0.526516
23.6895 18.8459 29.7893 0.000986015 -0.850168 0.52651
24.8177 18.8469 29.7887 0.00098617 -0.850168 0.52651
25.9714 18.8478 29.7881 0.000984353 -0.850168 0.526511
27.0091 18.8487 29.7875 0.000994969 -0.85017 0.526508
28.1178 18.8496 29.787 0.000982343 -0.85017 0.526508
29.2316 18.8506 29.7864 0.000985469 -0.85017 0.526508
30.2824 18.8514 29.7858 0.000988369 -0.850167 0.526512
31.4589 18.8524 29.7852 0.000983232 -0.850169 0.526509
32.5489 18.8533 29.7847 0.000984115 -0.850168 0.52651
33.5703 18.8542 29.7841 0.000986226 -0.850168 0.526511
34.6128 18.8551 29.7836 0.00099142 -0.850166 0.526514
35.7151 18.856 29.783 0.000989427 -0.850167 0.526513
36.7484 18.8569 29.7825 0.000993746 -0.850166 0.526513
37.8245 18.8578 29.7819 0.000991502 -0.850167 0.526512
38.9655 18.8587 29.7813 0.000992433 -0.850167 0.526513
40.0164 18.8596 29.7808 0.000990661 -0.850166 0.526514
41.0224 18.8605 29.7802 0.000989681 -0.850166 0.526513
42.2554 18.8615 29.7796 0.000990938 -0.850165 0.526515
43.3367 18.8624 29.779 0.000990501 -0.850165 0.526516
44.5302 18.8634 29.7784 0.000992489 -0.850166 0.526514
45.5677 18.8643 29.7779 0.000991366 -0.850168 0.526511
46.6115 18.8652 29.7773 0.000988247 -0.850166 0.526515
47.6406 18.866 29.7768 0.00099001 -0.850165 0.526515
47.8826 18.8662 29.7767 0.000990434 -0.850167 0.526512
47.9834 19.3405 30.5423 0.000991187 -0.850165 0.526516
46.9357 19.3396 30.5428 0.000990697 -0.850167 0.526512
45.8268 19.3387 30.5434 0.000994311 -0.850165 0.526516
44.6692 19.3377 30.544 0.000989909 -0.850165 0.526515
43.4463 19.3367 30.5446 0.00099202 -0.850166 0.526514
42.3752 19.3358 30.5452 0.000988423 -0.850168 0.526511
41.2702 19.3348 30.5458 0.000990019 -0.850166 0.526513
40.1066 19.3339 30.5464 0.00099302 -0.850163 0.526518
39.0539 19.333 30.5469 0.0009896 -0.850168 0.526511
38.0163 19.3321 30.5475 0.000991226 -0.850166 0.526514
36.9792 19.3312 30.548 0.000992976 -0.850167 0.526513
35.9132 19.3303 30.5486 0.000993744 -0.850164 0.526517
34.8782 19.3295 30.5491 0.000991364 -0.850166 0.526514
33.6485 19.3284 30.5497 0.000988739 -0.850167 0.526512
32.6251 19.3276 30.5503 0.000989978 -0.850171 0.526506
31.5086 19.3266 30.5508 0.000986975 -0.850168 0.526511
30.4515 19.3257 30.5514 0.000983289 -0.850168 0.52651
29.3573 19.3248 30.552 0.000985204 -0.850168 0.526511
28.2672 19.3239 30.5525 0.000981978 -0.850169 0.526508
27.246 19.3231 30.5531 0.000986141 -0.850167 0.526512
26.1656 19.3222 30.5536 0.00098573 -0.850169 0.526509
25.145 19.3213 30.5541 0.000985416 -0.850168 0.52651
24.0588 19.3204 30.5547 0.000983001 -0.850168 0.52651
23.0207 19.3195 30.5552 0.000988736 -0.850168 0.526511
21.839 19.3185 30.5559 0.000985743 -0.850167 0.526512
20.8076 19.3177 30.5564 0.000986906 -0.850167 0.526512
19.7482 19.3168 30.5569 0.000983421 -0.850169 0.526509
18.6679 19.3159 30.5575 0.000987717 -0.850169 0.526509
17.5532 19.3149 30.5581 0.000990901 -0.85017 0.526507
16.4629 19.314 30.5587 0.000993087 -0.850174 0.526501
15.4296 19.3131 30.5592 0.000991521 -0.850171 0.526505
14.3072 19.3122 30.5598 0.000984223 -0.850169 0.526509
13.2756 19.3113 30.5603 0.000988587 -0.850171 0.526505
12.1886 19.3104 30.5609 0.000993542 -0.850168 0.52651
11.176 19.3096 30.5614 0.000990195 -0.850167 0.526512
10.0803 19.3087 30.562 0.00098167 -0.850169 0.526509
9.01873 19.3078 30.5625 0.000990913 -0.850169 0.526509
7.95455 19.3069 30.5631 0.000984677 -0.850169 0.52651
6.80185 19.3059 30.5637 0.000993556 -0.850169 0.526508
5.79426 19.3051 30.5642 0.000986597 -0.850169 0.526509
4.63937 19.3041 30.5648 0.000983126 -0.850169 0.526509
3.50981 19.3031 30.5654 0.000994002 -0.850169 0.526509
2.48738 19.3023 30.5659 0.000995439 -0.85017 0.526507
2.01359 19.3019 30.5662 0.000989618 -0.850169 0.526509
2.02441 19.776 31.3318 0.000995819 -0.850168 0.52651
3.10049 19.7769 31.3313 0.00098909 -0.85017 0.526507
4.24451 19.7779 31.3307 0.000988971 -0.850169 0.526509
5.31624 19.7788 31.3301 0.000987203 -0.85017 0.526507
6.33401 19.7797 31.3296 0.000987952 -0.850169 0.526509
7.41952 19.7806 31.329 0.000992494 -0.850167 0.526512
8.45176 19.7814 31.3285 0.00098822 -0.85017 0.526508
9.64022 19.7824 31.3279 0.00098769 -0.850172 0.526504
10.7621 19.7834 31.3273 0.000989726 -0.850171 0.526506
11.8798 19.7843 31.3267 0.00098878 -0.85017 0.526507
12.9954 19.7853 31.3261 0.000989186 -0.850172 0.526504
14.1335 19.7862 31.3255 0.000981229 -0.850171 0.526505
15.3206 19.7872 31.3249 0.000987058 -0.850171 0.526505
16.4697 19.7882 31.3243 0.000992767 -0.850171 0.526505
17.4846 19.789 31.3238 0.000989637 -0.850173 0.526503
18.5516 19.7899 31.3232 0.000987983 -0.850169 0.526509
19.5811 19.7908 31.3227 0.00098234 -0.850174 0.526501
20.6153 19.7917 31.3221 0.000986099 -0.850169 0.526509
21.6561 19.7925 31.3216 0.000987146 -0.850168 0.526511
22.7819 19.7935 31.321 0.000989595 -0.850169 0.526509
23.9034 19.7944 31.3204 0.000983865 -0.850168 0.526511
25.0673 19.7954 31.3198 0.000984884 -0.850168 0.526511
26.2079 19.7964 31.3192 0.00098369 -0.850166 0.526514
27.2093 19.7972 31.3187 0.000983542 -0.850167 0.526513
28.3915 19.7982 31.3181 0.000986275 -0.850168 0.52651
29.396 19.799 31.3176 0.000985512 -0.850171 0.526506
30.4516 19.7999 31.317 0.000984356 -0.850167 0.526512
31.4839 19.8008 31.3165 0.000984287 -0.850167 0.526513
32.6535 19.8018 31.3159 0.000987827 -0.850169 0.52651
33.6848 19.8026 31.3154 0.00098525 -0.850168 0.52651
34.7814 19.8035 31.3148 0.000990411 -0.850165 0.526516
35.9032 19.8045 31.3142 0.000994893 -0.850167 0.526512
37.0012 19.8054 31.3136 0.000988968 -0.850163 0.526518
38.1045 19.8063 31.3131 0.000987689 -0.850165 0.526515
39.1086 19.8072 31.3125 0.000993311 -0.850169 0.52651
40.2329 19.8081 31.3119 0.000991635 -0.850164 0.526517
41.4056 19.8091 31.3113 0.00099048 -0.850164 0.526517
42.4512 19.81 31.3108 0.000993281 -0.850167 0.526512
43.6827 19.811 31.3101 0.000990292 -0.850166 0.526514
44.7229 19.8119 31.3096 0.000987928 -0.850167 0.526512
45.7555 19.8128 31.3091 0.000993056 -0.850166 0.526513
46.7815 19.8137 31.3085 0.000991283 -0.850168 0.526511
47.7963 19.8145 31.308 0.000995466 -0.850165 0.526515
47.9409 19.8146 31.3079 0.000993223 -0.850164 0.526517
47.8832 20.2888 32.0736 0.000993851 -0.850167 0.526512
46.8614 20.2879 32.0741 0.000991269 -0.850167 0.526512
45.7322 20.2869 32.0747 0.000995022 -0.850162 0.526521
44.7044 20.2861 32.0753 0.000992234 -0.850167 0.526513
43.5615 20.2851 32.0759 0.000986504 -0.850163 0.526519
42.5145 20.2842 32.0764 0.000988381 -0.850166 0.526514
41.4634 20.2833 32.0769 0.000989975 -0.850169 0.526509
40.4423 20.2825 32.0775 0.000994866 -0.850163 0.526518
39.2279 20.2815 32.0781 0.000989942 -0.850168 0.526511
38.1804 20.2806 32.0787 0.000988484 -0.850166 0.526513
37.141 20.2797 32.0792 0.000987885 -0.850165 0.526515
36.0295 20.2788 32.0798 0.000993304 -0.850167 0.526512
34.9826 20.2779 32.0803 0.000994646 -0.850166 0.526513
33.8835 20.277 32.0809 0.000989425 -0.850165 0.526516
32.8494 20.2761 32.0814 0.000993062 -0.850164 0.526518
31.7022 20.2751 32.082 0.00099129 -0.850169 0.52651
30.6898 20.2743 32.0826 0.000982112 -0.850167 0.526513
29.5417 20.2733 32.0832 0.000986333 -0.850168 0.52651
28.4326 20.2724 32.0837 0.00098528 -0.850171 0.526506
27.3149 20.2715 32.0843 0.000980837 -0.850168 0.52651
26.2601 20.2706 32.0849 0.000988029 -0.850168 0.526511
25.2455 20.2697 32.0854 0.000987474 -0.850174 0.526501
24.1445 20.2688 32.086 0.000986948 -0.850168 0.52651
23.1326 20.2679 32.0865 0.000985421 -0.850168 0.52651
22.0503 20.267 32.087 0.000990384 -0.85017 0.526508
20.9217 20.2661 32.0876 0.000984939 -0.850167 0.526513
19.7439 20.2651 32.0882 0.000982771 -0.850174 0.526502
18.6209 20.2642 32.0888 0.000989444 -0.850169 0.526508
17.6198 20.2633 32.0894 0.000983019 -0.850169 0.526509
16.5937 20.2625 32.0899 0.00098567 -0.850169 0.526508
15.5696 20.2616 32.0904 0.000990326 -0.850167 0.526512
14.515 20.2607 32.091 0.000987967 -0.850171 0.526506
13.5001 20.2599 32.0915 0.000987927 -0.850169 0.526509
12.4032 20.2589 32.0921 0.00099251 -0.850171 0.526505
11.3179 20.258 32.0926 0.000986958 -0.85017 0.526507
10.2745 20.2571 32.0932 0.000989969 -0.850171 0.526507
9.11239 20.2562 32.0938 0.000991277 -0.850173 0.526503
8.08567 20.2553 32.0943 0.000992241 -0.850173 0.526502
7.02645 20.2544 32.0949 0.000992644 -0.850167 0.526512
5.93425 20.2535 32.0954 0.000989945 -0.850168 0.52651
4.79156 20.2525 32.096 0.000988749 -0.850171 0.526506
3.71895 20.2516 32.0966 0.000989265 -0.85017 0.526507
2.70182 20.2508 32.0971 0.000994707 -0.850168 0.52651
2.11066 20.2503 32.0974 0.000990698 -0.850166 0.526513
2.06023 20.7244 32.8631 0.000992834 -0.850169 0.526509
3.12038 20.7253 32.8625 0.000987535 -0.850167 0.526512
4.32993 20.7263 32.8619 0.000986592 -0.85017 0.526508
5.46285 20.7273 32.8613 0.000992406 -0.850174 0.526501
6.51389 20.7281 32.8608 0.000985343 -0.850176 0.526498
7.56952 20.729 32.8602 0.000992425 -0.85017 0.526507
8.60229 20.7299 32.8597 0.000985804 -0.850168 0.52651
9.66291 20.7308 32.8591 0.000991045 -0.850169 0.526509
10.6815 20.7316 32.8586 0.000991506 -0.85017 0.526507
11.8121 20.7326 32.858 0.000991362 -0.850173 0.526502
12.9084 20.7335 32.8575 0.000990788 -0.850173 0.526502
13.933 20.7344 32.8569 0.000983254 -0.850173 0.526502
14.9837 20.7353 32.8564 0.000989511 -0.85017 0.526507
16.0888 20.7362 32.8558 0.000984991 -0.850173 0.526502
17.2765 20.7372 32.8552 0.000994087 -0.850173 0.526502
18.3237 20.7381 32.8546 0.000988914 -0.85017 0.526508
19.5484 20.7391 32.854 0.000987217 -0.85017 0.526507
20.5843 20.74 32.8535 0.000988323 -0.850174 0.526502
21.6549 20.7409 32.8529 0.000986866 -0.85017 0.526508
22.8461 20.7419 32.8523 0.000989773 -0.850167 0.526513
23.9205 20.7428 32.8517 0.000988134 -0.850174 0.526501
24.9207 20.7436 32.8512 0.000986319 -0.850171 0.526505
26.1416 20.7446 32.8506 0.000986078 -0.850171 0.526506
27.2254 20.7455 32.85 0.000986486 -0.85017 0.526508
28.3295 20.7465 32.8494 0.000990188 -0.850169 0.526509
29.3865 20.7474 32.8489 0.000980879 -0.850165 0.526515
30.4353 20.7482 32.8483 0.000982359 -0.850167 0.526512
31.4533 20.7491 32.8478 0.000986215 -0.850165 0.526516
32.6496 20.7501 32.8472 0.00099035 -0.850166 0.526514
33.6629 20.7509 32.8467 0.000994389 -0.850166 0.526514
34.6838 20.7518 32.8461 0.000990799 -0.850166 0.526514
35.9036 20.7528 32.8455 0.000989522 -0.850167 0.526512
36.9698 20.7537 32.8449 0.000990884 -0.850169 0.52651
38.0157 20.7546 32.8444 0.000992205 -0.850166 0.526513
39.0655 20.7555 32.8438 0.000990461 -0.850164 0.526517
40.1276 20.7564 32.8433 0.00098906 -0.850168 0.526511
41.2185 20.7573 32.8427 0.000991925 -0.850163 0.526518
42.2556 20.7582 32.8422 0.000987537 -0.850168 0.526511
43.3203 20.7591 32.8416 0.000989551 -0.850168 0.52651
44.4075 20.76 32.8411 0.000991813 -0.850168 0.526511
45.4604 20.7609 32.8405 0.000992315 -0.850166 0.526513
46.49 20.7617 32.84 0.000989308 -0.850169 0.526509
47.5243 20.7626 32.8394 0.000993853 -0.850165 0.526515
47.9748 20.763 32.8392 0.000989691 -0.850166 0.526514
47.7427 21.237 33.605 0.000988603 -0.850168 0.526511
46.5461 21.236 33.6056 0.000990607 -0.850167 0.526512
45.5415 21.2351 33.6061 0.000992656 -0.850167 0.526512
44.3375 21.2341 33.6067 0.000994087 -0.850165 0.526516
43.3152 21.2332 33.6073 0.000987732 -0.850169 0.526509
42.1866 21.2323 33.6079 0.000987973 -0.850167 0.526512
41.1475 21.2314 33.6084 0.000990528 -0.850165 0.526515
40.0706 21.2305 33.609 0.000990328 -0.850166 0.526514
38.9787 21.2296 33.6095 0.000991503 -0.850167 0.526513
37.8638 21.2287 33.6101 0.000991118 -0.850166 0.526513
36.8123 21.2278 33.6107 0.000987335 -0.850165 0.526515
35.7472 21.2269 33.6112 0.000990681 -0.850167 0.526512
34.6976 21.226 33.6118 0.000990336 -0.850168 0.526511
33.6132 21.2251 33.6123 0.000991353 -0.850166 0.526514
32.4842 21.2241 33.6129 0.000993672 -0.850164 0.526517
31.4288 21.2232 33.6135 0.000990596 -0.850162 0.52652
30.3069 21.2223 33.6141 0.000987922 -0.850166 0.526513
29.1562 21.2213 33.6147 0.00098975 -0.850167 0.526512
28.1238 21.2205 33.6152 0.000990159 -0.850167 0.526513
27.0534 21.2196 33.6157 0.000978643 -0.850166 0.526513
25.8703 21.2186 33.6164 0.000985589 -0.850169 0.526509
24.7073 21.2176 33.617 0.000995278 -0.85017 0.526507
23.6473 21.2167 33.6175 0.00100106 -0.850165 0.526515
22.5519 21.2158 33.6181 0.000989302 -0.850171 0.526505
21.3723 21.2148 33.6187 0.000985641 -0.850171 0.526506
20.3067 21.2139 33.6193 0.000988487 -0.850169 0.526509
19.1614 21.2129 33.6198 0.000989375 -0.850168 0.526511
18.1334 21.2121 33.6204 0.000988391 -0.850168 0.52651
17.0418 21.2112 33.621 0.000985992 -0.850168 0.52651
16.0167 21.2103 33.6215 0.000988294 -0.850166 0.526513
14.8663 21.2093 33.6221 0.000983286 -0.850172 0.526504
13.7956 21.2084 33.6226 0.000985371 -0.85017 0.526507
12.7084 21.2075 33.6232 0.000985652 -0.850171 0.526505
11.6601 21.2066 33.6238 0.000985199 -0.850175 0.526499
10.655 21.2058 33.6243 0.00098491 -0.850168 0.526511
9.58964 21.2049 33.6248 0.000991073 -0.850172 0.526504
8.52981 21.204 33.6254 0.000985652 -0.85017 0.526507
7.45647 21.2031 33.6259 0.000988258 -0.850173 0.526503
6.39207 21.2022 33.6265 0.000984357 -0.850171 0.526506
5.27665 21.2013 33.6271 0.000988651 -0.850172 0.526504
4.13557 21.2003 33.6277 0.000986671 -0.85017 0.526507
3.11406 21.1994 33.6282 0.000989486 -0.850173 0.526503
2.41425 21.1989 33.6286 0.000988595 -0.850168 0.526511
2.3841 21.1988 33.6286 0.000984653 -0.850169 0.526509
