0.630812 34.2966 6.90678 0.895826 -0.441374 0.0188407
0.657002 34.0778 5.85861 0.886921 -0.425225 0.180362
0.681723 33.6165 4.95344 0.877592 -0.355629 0.3205
0.736839 32.9513 4.17086 0.823296 -0.356326 0.441832
0.86633 32.2108 3.49897 0.792558 -0.281756 0.540782
0.884529 31.2756 3.03642 0.771979 -0.25709 0.581337
0.920654 30.2013 2.60447 0.759142 -0.208713 0.616539
0.917495 29.1855 2.2677 0.764904 -0.186336 0.616602
0.946069 28.2055 1.94107 0.759562 -0.189095 0.622136
0.999977 27.2127 1.62565 0.749315 -0.114478 0.652244
1.02923 26.1582 1.36495 0.730471 -0.146223 0.666976
1.09564 25.1067 1.10934 0.724712 -0.0845833 0.68384
1.24838 25.8165 1.06908 0.701962 -0.120258 0.70195
1.43128 26.8315 1.09125 0.706795 -0.127414 0.69585
1.70205 27.9447 1.04532 0.708279 -0.159038 0.687785
1.98148 28.9149 1.04308 0.675271 -0.209439 0.707208
2.34646 29.986 1.00601 0.651611 -0.202434 0.731043
2.69177 31.0154 1.00318 0.628609 -0.227298 0.743764
3.06686 32.0223 1.0058 0.617884 -0.244182 0.747379
3.5595 33.0324 0.951928 0.570715 -0.264381 0.777408
4.12638 33.8727 0.881189 0.51326 -0.341342 0.787145
4.7732 34.7173 0.888584 0.431367 -0.387012 0.814853
5.57455 35.4079 0.884349 0.362341 -0.512894 0.777919
6.48226 35.86 0.847909 0.2554 -0.535031 0.805243
7.42394 36.294 0.872971 0.210791 -0.569386 0.794438
8.51652 36.6378 0.894786 0.113702 -0.615658 0.779768
9.58557 36.8092 0.916442 0.0307737 -0.616579 0.786691
10.6221 36.8229 0.914878 -0.0363006 -0.634484 0.772083
11.7646 36.6928 0.890662 -0.097709 -0.627989 0.772064
12.7912 36.3904 0.869455 -0.256819 -0.618817 0.742326
13.7499 35.9705 0.918286 -0.296843 -0.547549 0.782352
14.617 35.4062 0.896752 -0.331245 -0.47922 0.812788
15.392 34.7721 0.894048 -0.418921 -0.465155 0.779831
16.1134 33.9609 0.878775 -0.492703 -0.371827 0.786758
16.7008 33.0695 0.882598 -0.592852 -0.277201 0.755774
17.2346 32.1124 0.952458 -0.614868 -0.235924 0.752131
17.6301 31.0611 0.965318 -0.619841 -0.197359 0.759252
17.9362 29.9604 0.961474 -0.647863 -0.156952 0.745403
18.2241 28.969 1.01193 -0.656437 -0.156878 0.737889
18.4297 27.9424 0.982661 -0.665596 -0.139992 0.733065
18.6664 26.9481 1.04807 -0.678073 -0.0943549 0.728477
18.8085 25.9704 1.09292 -0.69175 -0.0852106 0.717092
18.933 26.9981 1.31876 -0.702837 -0.0929844 0.704865
18.9624 28.0655 1.51574 -0.721422 -0.113284 0.683167
18.9665 29.052 1.71421 -0.682817 -0.141848 0.716506
19.0475 30.1307 2.03692 -0.703 -0.189294 0.684108
19.075 31.1537 2.40515 -0.730316 -0.238565 0.640098
19.1081 32.1272 2.83633 -0.751036 -0.27084 0.601938
19.1816 33.0297 3.42233 -0.816 -0.299095 0.494657
19.2369 33.795 4.07376 -0.818212 -0.357183 0.450496
19.267 34.4401 4.83946 -0.795717 -0.497448 0.341354
19.29 34.7495 5.79532 -0.863664 -0.489707 0.118801
19.3014 34.8939 6.87885 -0.872516 -0.488562 0.00477572
19.161 34.9533 7.97143 -0.808996 -0.567087 -0.153793
19.1031 34.6522 8.93531 -0.811403 -0.52252 -0.261838
19.132 34.0802 9.84653 -0.795508 -0.499518 -0.34192
19.0854 33.4791 10.7225 -0.742407 -0.485539 -0.46161
18.9882 32.8592 11.5264 -0.72924 -0.489931 -0.477611
18.9626 32.1236 12.3106 -0.709875 -0.478414 -0.516912
18.916 31.465 12.9755 -0.72478 -0.43316 -0.535785
18.6201 32.2331 12.6793 -0.701335 -0.487336 -0.520077
18.3111 33.1329 12.218 -0.684621 -0.506161 -0.524495
17.9557 34.0226 11.8143 -0.698014 -0.514682 -0.497874
17.5064 34.9688 11.3571 -0.641234 -0.58414 -0.497593
16.972 35.8081 10.9318 -0.595472 -0.644598 -0.479482
16.2702 36.6863 10.5828 -0.564492 -0.697528 -0.441365
15.4551 37.3981 10.266 -0.467474 -0.756837 -0.4568
14.5962 38.0198 9.94591 -0.328193 -0.830473 -0.448352
13.6572 38.4769 9.70307 -0.26084 -0.873329 -0.411403
12.6733 38.8 9.58891 -0.20508 -0.886326 -0.415064
11.6923 39.0252 9.46536 -0.137965 -0.912156 -0.385923
10.5408 39.1993 9.35853 -0.0745119 -0.93894 -0.334407
9.40748 39.2236 9.33355 0.00601975 -0.937687 -0.34743
8.34507 39.1213 9.43021 0.0972842 -0.894304 -0.436733
7.25832 38.837 9.58388 0.218213 -0.871133 -0.439416
6.29904 38.4317 9.77507 0.280606 -0.846864 -0.451754
5.39043 37.9558 9.98864 0.393476 -0.786697 -0.475694
4.45753 37.2855 10.2718 0.473008 -0.761891 -0.442477
3.76022 36.5859 10.6214 0.522526 -0.708199 -0.474644
3.14931 35.8122 10.9906 0.63802 -0.618356 -0.458874
2.59957 34.9777 11.2891 0.661446 -0.578548 -0.477247
2.1281 34.0332 11.743 0.678945 -0.546413 -0.490367
1.76324 33.0017 12.2694 0.713902 -0.473339 -0.516037
1.49934 32.1116 12.6663 0.727234 -0.436801 -0.529467
1.28357 31.2033 13.0928 0.71989 -0.417725 -0.554314
1.07803 30.1572 13.6244 0.723491 -0.423751 -0.544973
0.972191 30.348 13.3338 0.726016 -0.428525 -0.537835
0.965423 31.2499 12.6239 0.76309 -0.401196 -0.506691
0.891204 31.9714 11.9107 0.750354 -0.428114 -0.503674
0.844086 32.6935 11.1267 0.808584 -0.416342 -0.415754
0.826047 33.297 10.2564 0.83969 -0.436063 -0.323682
0.786205 33.8257 9.3667 0.829942 -0.46509 -0.308038
0.739 34.214 8.39369 0.845918 -0.505554 -0.169684
0.644463 34.3257 7.38692 0.876026 -0.481686 0.0235813
0.642791 34.3098 7.12475 0.880043 -0.474308 0.00160472
0.226543 33.4465 7.17182 0.909349 -0.415065 0.0271144
0.244445 33.2746 6.17479 0.902191 -0.401926 0.156549
0.243011 32.75 5.21406 0.89847 -0.346032 0.270209
0.269601 32.0912 4.44545 0.857811 -0.328441 0.392276
0.315235 31.1291 3.82288 0.82876 -0.26472 0.492996
0.324486 30.0024 3.32368 0.8077 -0.197654 0.554147
0.339588 28.9879 2.98042 0.806986 -0.180258 0.562381
0.343761 27.9118 2.63597 0.801744 -0.182544 0.569107
0.352874 26.9138 2.32183 0.78312 -0.154867 0.602278
0.363995 25.865 2.05571 0.748055 -0.139029 0.648595
0.385348 24.7671 1.82324 0.742821 -0.0934334 0.662938
0.408946 23.5924 1.65221 0.731187 -0.0664168 0.67893
0.365289 22.4802 1.62076 0.745834 -0.0326215 0.665333
0.401009 21.2997 1.54238 0.735071 -0.0121871 0.677881
0.368804 20.0888 1.57387 0.750932 0.020991 0.659921
0.3686 19.0195 1.62688 0.731568 0.0512246 0.679839
0.374971 18.0028 1.69889 0.730381 0.0605607 0.68035
0.393655 16.9345 1.77869 0.746335 0.0639535 0.662491
0.396464 15.9362 1.842 0.74828 0.0324287 0.66259
0.360258 14.8609 1.94805 0.751328 0.0388802 0.658782
0.387272 13.8458 1.99173 0.756986 0.0325002 0.652623
0.369475 12.731 2.06265 0.762335 0.01487 0.64701
0.35798 11.6964 2.09479 0.765504 -0.00486289 0.643343
0.345773 10.6351 2.08504 0.755914 -0.0215994 0.654251
0.348985 9.63117 2.04198 0.745412 -0.0271408 0.66604
0.397661 8.59886 1.85537 0.714153 -0.116648 0.690182
0.402297 7.56585 1.66317 0.721547 -0.150534 0.675365
0.406104 6.50636 1.30561 0.683468 -0.279161 0.674471
0.431055 5.50283 0.849308 0.652543 -0.319654 0.68703
0.67596 5.1528 0.429739 0.660361 -0.350126 0.664269
1.15374 6.0682 0.404302 0.654909 -0.27865 0.702459
1.58211 7.16252 0.394987 0.648863 -0.195728 0.734448
1.87643 8.28904 0.35655 0.641685 -0.120904 0.756839
2.00695 9.38059 0.372922 0.660229 -0.0397735 0.749824
2.01297 10.3981 0.386052 0.657393 -0.0179266 0.753332
2.05116 11.5001 0.371854 0.663102 0.00509259 0.748497
2.0294 12.6082 0.375589 0.655429 0.00743404 0.755212
2.02506 13.6558 0.371072 0.648522 0.0113573 0.761111
1.94326 14.6542 0.38214 0.650237 0.0732688 0.756102
1.8397 15.7274 0.373464 0.667378 0.0597427 0.742319
1.75636 16.7559 0.378962 0.680768 0.0394498 0.731436
1.67377 17.7807 0.400524 0.689144 0.0340965 0.723783
1.64274 18.7818 0.368915 0.663434 0.0288216 0.74768
1.59071 19.7806 0.36449 0.662397 0.0213935 0.748847
1.56451 20.7817 0.355916 0.63847 0.0203269 0.769378
1.51623 21.8045 0.393208 0.66989 0.017102 0.742263
1.5521 22.9644 0.403176 0.709215 -0.0495457 0.703249
1.64034 24.1621 0.442491 0.708336 -0.0876847 0.700401
1.83541 25.2206 0.390292 0.686117 -0.103914 0.720032
2.02914 26.278 0.393589 0.685084 -0.137241 0.715419
2.30586 27.3824 0.370899 0.656214 -0.148485 0.739372
2.57108 28.3829 0.36821 0.635295 -0.184403 0.74992
2.8823 29.3652 0.365041 0.618501 -0.200174 0.759634
3.30417 30.5533 0.358719 0.599348 -0.205467 0.773618
3.67368 31.5969 0.36504 0.622675 -0.233462 0.746841
4.20198 32.6305 0.338207 0.50793 -0.307937 0.80393
4.81096 33.4451 0.301549 0.468433 -0.32369 0.822012
5.44079 34.3104 0.334732 0.453301 -0.367401 0.812094
6.33172 34.9223 0.314269 0.271419 -0.475635 0.836722
7.26696 35.379 0.29567 0.253989 -0.510302 0.821616
8.34174 35.809 0.328031 0.159631 -0.546107 0.822366
9.37993 36.0183 0.332471 0.066699 -0.584201 0.808612
10.4776 36.0653 0.329189 -0.0326893 -0.597821 0.800963
11.5017 35.9638 0.320997 -0.101428 -0.556512 0.824625
12.6362 35.6532 0.316352 -0.202576 -0.494212 0.84541
13.5468 35.2248 0.347505 -0.318341 -0.493447 0.809425
14.5503 34.4698 0.341757 -0.377088 -0.436629 0.816799
15.2788 33.7165 0.3289 -0.417305 -0.352916 0.837441
15.8765 32.9052 0.310961 -0.468102 -0.32211 0.822876
16.4422 31.9639 0.333061 -0.534263 -0.245981 0.808184
16.9017 30.8904 0.354999 -0.584541 -0.201488 0.785914
17.1817 29.9163 0.348312 -0.594995 -0.175321 0.784374
17.4855 28.8888 0.361837 -0.614274 -0.147772 0.775117
17.7051 27.8289 0.349928 -0.620694 -0.144846 0.770558
17.926 26.8136 0.373278 -0.65031 -0.118899 0.750307
18.1075 25.8199 0.403129 -0.685317 -0.107902 0.720206
18.2759 24.8285 0.421853 -0.693879 -0.099656 0.713154
18.3838 23.7699 0.394657 -0.691739 -0.06997 0.71875
18.4703 22.7095 0.378345 -0.667264 -0.0428018 0.743589
18.5153 21.6012 0.401696 -0.679354 -0.00140239 0.73381
18.5166 20.5015 0.399125 -0.685165 0.00559731 0.728351
18.4723 19.375 0.399443 -0.677895 0.0386972 0.73412
18.3676 18.3399 0.379741 -0.658194 0.0605656 0.750408
18.2466 17.2938 0.366549 -0.674312 0.0700773 0.735107
18.1234 16.2853 0.373317 -0.662161 0.0873743 0.744132
17.9799 15.1705 0.377123 -0.644336 0.086992 0.759778
17.8457 14.0361 0.35155 -0.639896 0.0655467 0.765657
17.7258 12.996 0.314562 -0.605953 0.0266328 0.794971
17.7235 11.9272 0.328165 -0.61131 0.0271128 0.790925
17.7488 10.7689 0.342569 -0.623952 -0.0278985 0.78095
17.8515 9.64044 0.360447 -0.604684 -0.0522332 0.794748
17.988 8.59323 0.340657 -0.63038 -0.163928 0.757961
18.3706 7.53005 0.408577 -0.675499 -0.192332 0.711816
18.7233 6.5951 0.410296 -0.628591 -0.330353 0.703166
19.2871 5.70086 0.435171 -0.611916 -0.391673 0.687029
19.5709 5.94761 0.826509 -0.61314 -0.382183 0.691361
19.5588 6.91984 1.28496 -0.632337 -0.289454 0.718276
19.5655 7.88793 1.6536 -0.674662 -0.247683 0.695182
19.6181 8.97702 1.97019 -0.731478 -0.094261 0.675318
19.6286 10.0034 2.10652 -0.752271 -0.0833712 0.653505
19.6261 11.1588 2.21025 -0.76778 -0.00675832 0.640678
19.6232 12.2556 2.16476 -0.744823 0.0285409 0.666651
19.6217 13.2818 2.10729 -0.734444 0.0527636 0.676616
19.6233 14.2847 2.01911 -0.741698 0.0862574 0.665165
19.6036 15.4799 1.88253 -0.73289 0.054567 0.678136
19.6021 16.605 1.77664 -0.712416 0.0898067 0.695987
19.6058 17.6124 1.63512 -0.699759 0.107452 0.706252
19.5824 18.6609 1.47755 -0.684279 0.0674139 0.726097
19.6024 19.7876 1.4404 -0.685911 0.0302482 0.727048
19.5826 20.8579 1.40553 -0.687401 -0.00164382 0.726276
19.589 21.9665 1.43016 -0.7266 -0.0231553 0.68667
19.6039 23.0278 1.52099 -0.713007 -0.0695988 0.697693
19.5974 24.1007 1.63991 -0.704477 -0.0833856 0.70481
19.5887 25.1418 1.75435 -0.70258 -0.0866438 0.70631
19.5841 26.22 1.88949 -0.708427 -0.0978588 0.698967
19.6074 27.3047 2.07704 -0.735888 -0.109732 0.668146
19.6135 28.384 2.28833 -0.74982 -0.128401 0.648923
19.6578 29.3442 2.58439 -0.801758 -0.141397 0.580056
19.6651 30.3141 2.90783 -0.800429 -0.198164 0.56572
19.6743 31.2752 3.26901 -0.817666 -0.217475 0.533035
19.7188 32.1764 3.8075 -0.859391 -0.318566 0.399952
19.7266 33.0258 4.50203 -0.87693 -0.314313 0.363551
19.7208 33.7389 5.27557 -0.897696 -0.392603 0.200012
19.7492 33.9716 6.29863 -0.887134 -0.453639 0.0843339
19.7329 34.114 7.44526 -0.874748 -0.48395 -0.00466738
19.6528 33.9657 8.56444 -0.80866 -0.516748 -0.279744
19.6811 33.3698 9.47694 -0.831835 -0.466977 -0.299926
19.6639 32.8134 10.3528 -0.829566 -0.458526 -0.318708
19.6328 32.204 11.15 -0.769528 -0.469932 -0.432424
19.6171 31.4247 11.9918 -0.761134 -0.452196 -0.46434
19.5823 30.6538 12.7249 -0.715706 -0.441638 -0.540909
19.6191 29.798 13.3492 -0.739226 -0.421504 -0.525241
19.628 28.8794 14.0295 -0.745569 -0.384154 -0.544565
19.5995 27.9725 14.7029 -0.729939 -0.386455 -0.563775
19.5998 27.1417 15.2811 -0.726374 -0.403946 -0.556065
19.6074 26.2661 15.956 -0.717159 -0.46466 -0.519161
19.5653 25.4744 16.7694 -0.715895 -0.484399 -0.502842
19.2869 26.3267 16.3563 -0.721782 -0.470899 -0.507225
19.0449 27.253 15.909 -0.706108 -0.427735 -0.564317
18.8731 28.1942 15.4513 -0.687769 -0.407239 -0.600941
18.7514 29.0852 14.9975 -0.702443 -0.392542 -0.593705
18.5849 29.9744 14.5562 -0.693369 -0.429997 -0.578194
18.3708 30.9792 14.0446 -0.701538 -0.442907 -0.558282
18.1222 31.8638 13.6152 -0.667033 -0.483777 -0.566592
17.7961 32.8409 13.1379 -0.656864 -0.502859 -0.561839
17.4816 33.756 12.6936 -0.666979 -0.515704 -0.537057
17.044 34.6352 12.2684 -0.56847 -0.617062 -0.544129
16.5669 35.4473 11.8516 -0.558296 -0.621282 -0.54955
16.0065 36.2301 11.4681 -0.495189 -0.690919 -0.526683
15.305 36.8836 11.186 -0.397259 -0.755196 -0.521316
14.5347 37.4618 10.898 -0.366244 -0.772795 -0.518311
13.6374 38.0265 10.579 -0.278689 -0.846959 -0.452746
12.5875 38.3648 10.4503 -0.195137 -0.866588 -0.458917
11.5132 38.6345 10.3114 -0.115254 -0.864617 -0.489008
10.4204 38.7639 10.2293 -0.0381983 -0.890621 -0.453139
9.33392 38.8007 10.2135 0.00805307 -0.894569 -0.446857
8.16143 38.6322 10.3162 0.101471 -0.84422 -0.526305
7.21617 38.3315 10.477 0.222494 -0.832041 -0.508138
6.2596 37.9029 10.6639 0.289028 -0.815304 -0.501736
5.3978 37.3964 10.9175 0.339766 -0.783969 -0.519569
4.66132 36.7873 11.2168 0.463853 -0.736132 -0.4929
3.95305 36.0033 11.6127 0.484658 -0.679059 -0.551348
3.3662 35.2312 11.9511 0.604626 -0.617431 -0.503196
2.86418 34.3999 12.3115 0.656927 -0.558618 -0.506353
2.53277 33.5285 12.7865 0.681351 -0.495934 -0.53834
2.24318 32.6397 13.211 0.686271 -0.465122 -0.559072
2.0242 31.6962 13.6702 0.712776 -0.421151 -0.560876
1.84534 30.7755 14.1284 0.715004 -0.420353 -0.558634
1.65998 29.8746 14.5872 0.701017 -0.433213 -0.566482
1.48279 28.9568 15.0388 0.699005 -0.400477 -0.592461
1.35388 28.0562 15.4991 0.710076 -0.409686 -0.572667
1.15777 27.0522 16.0106 0.703773 -0.437971 -0.559347
0.904271 26.1083 16.4863 0.697171 -0.484654 -0.528232
0.558281 25.1307 16.9465 0.70847 -0.491878 -0.505925
0.380248 25.0474 16.78 0.709872 -0.482658 -0.512945
0.400095 25.8378 16.0705 0.695317 -0.485954 -0.529511
0.395029 26.5964 15.4117 0.708132 -0.439108 -0.552931
0.40236 27.4391 14.7697 0.70402 -0.429625 -0.565489
0.416556 28.3095 14.1483 0.733368 -0.403658 -0.547021
0.384495 29.0855 13.5149 0.749924 -0.423989 -0.507786
0.343601 29.8805 12.7842 0.781168 -0.407227 -0.473093
0.349357 30.8043 12.0195 0.784345 -0.394345 -0.478847
0.300059 31.5176 11.2776 0.844537 -0.403563 -0.350987
0.317178 32.2262 10.4072 0.841609 -0.441073 -0.311687
0.297464 32.8609 9.43816 0.851209 -0.435827 -0.29239
0.271868 33.3655 8.44722 0.88336 -0.428324 -0.18521
0.224723 33.4622 7.40823 0.907663 -0.418263 0.0346953
0.225899 33.4533 7.26982 0.907664 -0.418261 0.0346988
1.04191 16.7347 1.07657 0.728602 0.0455275 0.683422
1.05529 16.6604 1.06727 0.728602 0.0455274 0.683422
1.12377 16.4163 1.0133 0.722438 0.061333 0.68871
1.07805 15.5826 1.11905 0.722939 0.0526277 0.688904
1.09395 16.2733 1.05732 0.718815 0.0536286 0.693064
1.02667 15.3922 1.18751 0.725334 0.0529927 0.686345
1.26523 14.492 1.02137 0.69023 0.0436935 0.72227
1.3025 13.481 1.03644 0.698172 0.00592892 0.715885
1.34564 12.3501 1.00917 0.690651 0.00237831 0.723055
1.35197 11.2913 1.00174 0.686414 -0.00108244 0.727192
1.31273 10.252 1.03275 0.687795 -0.00710712 0.725871
1.3267 9.2366 0.992079 0.705319 -0.0431286 0.707577
1.11292 8.2078 1.05459 0.700251 -0.125965 0.702696
1.05672 9.13433 1.25367 0.699553 -0.0987251 0.707728
0.993279 10.1354 1.35443 0.715331 0.00634477 0.698753
0.97586 11.1457 1.38294 0.729413 -0.00693518 0.684038
0.996205 12.2101 1.35558 0.736479 0.00300468 0.676453
1.02017 13.3596 1.31655 0.71902 0.0151083 0.694818
1.03521 14.4055 1.2562 0.709691 0.0528147 0.702531
0.995803 15.2527 1.23125 0.724497 0.0432797 0.687824
18.5066 13.5453 0.977012 -0.692235 0.0633371 0.718888
18.4478 12.4436 0.943457 -0.681035 0.00110261 0.73225
18.4321 11.2743 0.932545 -0.686732 -0.00192724 0.726824
18.5287 10.2746 0.97838 -0.676977 -0.067772 0.732877
18.5967 9.27223 0.967432 -0.698702 -0.0711722 0.711341
18.7932 8.33318 1.01533 -0.696445 -0.128205 0.706066
18.9552 9.32126 1.3204 -0.706081 -0.0479478 0.706497
18.978 10.4157 1.4348 -0.723865 -0.0624377 0.687111
19.0013 11.4438 1.48913 -0.708353 -0.000556423 0.705855
18.9744 12.46 1.45222 -0.70519 0.00119352 0.708901
18.922 13.5468 1.37998 -0.696441 0.0590784 0.715178
18.9375 14.5518 1.27921 -0.68436 0.0728681 0.725475
18.9197 15.622 1.17063 -0.692984 0.0517451 0.719094
18.7459 15.5634 1.00582 -0.68551 0.0682452 0.724542
18.6279 14.5783 0.984547 -0.68436 0.0728681 0.725475
18.5314 13.7317 0.984531 -0.684916 0.056252 0.726338
18.9365 16.2076 1.14288 -0.702538 0.0497821 0.709902
18.947 16.3111 1.14614 -0.703578 0.0608526 0.707912
18.8476 16.5989 1.01525 -0.709679 0.0749831 0.700524
18.8744 16.6183 1.04035 -0.709679 0.0749831 0.700524
18.6313 29.5506 1.50628 -0.678444 -0.155884 0.717923
18.4335 29.6273 1.33711 -0.668191 -0.151526 0.728396
18.7039 30.5293 1.80222 -0.68392 -0.195342 0.702919
18.2036 30.7795 1.38941 -0.670374 -0.183209 0.71905
18.7123 31.4928 2.1151 -0.736067 -0.238401 0.633538
17.9974 31.9393 1.52369 -0.640899 -0.202536 0.740424
17.6764 32.1208 1.31787 -0.600327 -0.252881 0.758722
18.6903 32.4115 2.46375 -0.713312 -0.303792 0.631582
17.9406 32.9642 1.91105 -0.659214 -0.353784 0.663531
17.1334 33.557 1.45903 -0.622287 -0.361265 0.69444
16.5948 33.9161 1.20126 -0.550093 -0.404636 0.730525
18.8293 33.1495 2.99502 -0.761137 -0.329572 0.558617
18.0546 33.7713 2.47117 -0.66131 -0.372108 0.651309
17.3065 34.3686 2.08821 -0.635963 -0.394441 0.6633
16.4427 34.976 1.70987 -0.534672 -0.466255 0.704792
15.5841 35.5168 1.47785 -0.452959 -0.464 0.76127
14.6602 36.0004 1.30472 -0.353175 -0.504646 0.787782
13.727 36.4024 1.24293 -0.307496 -0.644659 0.699901
13.293 36.5771 1.22144 -0.289525 -0.679864 0.673766
7.26732 36.648 1.18574 0.217323 -0.58881 0.778507
6.19849 36.2566 1.22959 0.255333 -0.550756 0.794653
5.24006 35.8006 1.30077 0.390362 -0.513197 0.76436
4.34467 35.2676 1.44939 0.468531 -0.517772 0.715815
3.45977 34.6531 1.72672 0.602721 -0.473375 0.642373
2.73595 34.0197 2.07471 0.666104 -0.337427 0.665168
1.95606 33.2907 2.54937 0.721572 -0.279639 0.633353
1.33339 32.6731 3.06005 0.783846 -0.277919 0.55529
1.17433 32.5143 3.20332 0.788063 -0.281501 0.547461
1.0415 33.183 3.78176 0.819571 -0.286123 0.496425
1.70595 33.9477 3.22017 0.78095 -0.305786 0.54462
2.37786 34.6414 2.84991 0.677278 -0.456427 0.577035
3.21613 35.3302 2.50096 0.609872 -0.525243 0.593444
4.03396 35.9374 2.26802 0.548386 -0.562717 0.618565
4.91157 36.4779 2.05147 0.43162 -0.586301 0.685533
5.81485 36.9115 1.95903 0.315862 -0.673215 0.66859
6.87322 37.3007 1.87658 0.263996 -0.684114 0.679922
7.83542 37.5723 1.79992 0.173025 -0.64359 0.745557
8.88438 37.7257 1.78784 -0.00834765 -0.744051 0.668071
10.0572 37.7688 1.82522 -0.0110308 -0.730328 0.683007
11.0995 37.7034 1.84178 -0.0710133 -0.753971 0.653058
12.1471 37.5574 1.86066 -0.169438 -0.761251 0.625929
13.1445 37.312 1.92566 -0.278611 -0.707362 0.649627
14.1038 37.0057 1.99343 -0.286969 -0.69379 0.660533
15.088 36.5867 2.07764 -0.419075 -0.627757 0.655971
16.0438 36.0709 2.2829 -0.509845 -0.621289 0.595028
17.0039 35.4644 2.55125 -0.568458 -0.495618 0.656672
17.8447 34.8027 2.8939 -0.669911 -0.433336 0.602859
18.5711 34.1604 3.30691 -0.70903 -0.401465 0.579744
18.8805 33.8572 3.52648 -0.771666 -0.395533 0.498081
18.89 34.5375 4.15059 -0.807484 -0.462471 0.366182
18.1893 35.2147 3.75685 -0.726616 -0.558978 0.399466
17.3641 35.9456 3.4023 -0.624829 -0.661563 0.414636
16.4042 36.5659 3.15033 -0.517658 -0.667499 0.535234
15.5316 37.0572 2.95162 -0.492432 -0.688609 0.532286
14.559 37.5065 2.82547 -0.356344 -0.741165 0.56894
13.605 37.8539 2.75258 -0.308244 -0.760397 0.571648
12.6349 38.1196 2.67916 -0.202413 -0.75242 0.626812
11.5667 38.3195 2.66083 -0.165511 -0.786353 0.595194
10.4433 38.4181 2.62042 -0.0700022 -0.783036 0.618025
9.41965 38.4304 2.59142 0.0122776 -0.814511 0.580018
8.41346 38.3333 2.59672 0.105305 -0.799303 0.591629
7.29371 38.1245 2.61466 0.201296 -0.75071 0.629217
6.27029 37.8186 2.71351 0.309942 -0.728305 0.611152
5.21106 37.3799 2.80522 0.415062 -0.707974 0.571399
4.26049 36.8979 2.98813 0.493744 -0.614624 0.615186
3.41367 36.3092 3.2252 0.629388 -0.55394 0.544996
2.593 35.6188 3.47257 0.696837 -0.537107 0.475326
1.78366 34.8464 3.85193 0.760059 -0.495085 0.420953
1.19874 34.1236 4.23729 0.820628 -0.403826 0.404344
0.973453 33.8332 4.42002 0.839411 -0.384153 0.384469
0.907946 34.2795 5.14341 0.882466 -0.384076 0.27155
1.49117 35.0452 4.78912 0.788272 -0.519154 0.330313
2.21041 35.8445 4.49339 0.738612 -0.571864 0.356965
2.98006 36.5873 4.20594 0.691755 -0.613592 0.380761
3.8448 37.3086 3.9656 0.565186 -0.702388 0.432684
4.80679 37.8041 3.79167 0.451798 -0.770197 0.450194
5.77188 38.2786 3.63448 0.43445 -0.761303 0.481322
6.75499 38.6172 3.55452 0.233157 -0.867693 0.439029
7.73548 38.8029 3.52343 0.116642 -0.862895 0.491738
8.74438 38.9429 3.4996 0.135493 -0.855992 0.498918
9.77142 39.0096 3.51048 -0.00777126 -0.875815 0.482585
10.8253 38.9765 3.53553 -0.0514015 -0.880671 0.470931
11.8656 38.8397 3.55562 -0.154781 -0.867696 0.472384
12.8941 38.6315 3.61191 -0.254872 -0.870203 0.421647
13.9435 38.3131 3.71567 -0.328123 -0.83546 0.440842
14.9821 37.9216 3.81403 -0.3669 -0.825019 0.429799
16.0214 37.4055 3.9503 -0.466298 -0.755554 0.460113
16.8857 36.8541 4.11606 -0.616771 -0.676458 0.40249
17.6389 36.2164 4.37112 -0.708785 -0.637453 0.302121
18.409 35.4932 4.66012 -0.719552 -0.619731 0.313336
18.9765 34.9069 4.91372 -0.78555 -0.546224 0.290774
19.0431 35.1526 5.72181 -0.762648 -0.629824 0.147278
18.3858 35.8778 5.48229 -0.717876 -0.641872 0.269547
17.6781 36.5835 5.26511 -0.72799 -0.627447 0.2763
16.8504 37.3188 5.05706 -0.651937 -0.702678 0.284994
15.9617 37.9416 4.88757 -0.46287 -0.822245 0.331157
14.9609 38.4172 4.74989 -0.388758 -0.822745 0.414677
14.0153 38.7464 4.65796 -0.308524 -0.870644 0.383135
12.9904 39.0424 4.57611 -0.237108 -0.909356 0.341836
11.9349 39.2952 4.54915 -0.196012 -0.907252 0.37212
10.8362 39.4121 4.48611 -0.067321 -0.91678 0.393677
9.79775 39.439 4.47312 -0.0164282 -0.918971 0.393983
8.61565 39.3765 4.48377 0.106383 -0.933789 0.341644
7.45026 39.2104 4.51934 0.168784 -0.925788 0.338273
6.39384 39.0027 4.59881 0.287821 -0.879224 0.379636
5.32442 38.614 4.69604 0.423566 -0.833948 0.353728
4.39755 38.1081 4.87538 0.532525 -0.760851 0.370842
3.46673 37.4674 5.06038 0.639429 -0.718868 0.272688
2.69067 36.8086 5.254 0.69614 -0.676444 0.240442
1.91367 36.021 5.49606 0.732625 -0.635447 0.243858
1.29157 35.2535 5.73621 0.83572 -0.529229 0.146589
0.878939 34.5666 5.92858 0.857942 -0.49694 0.130333
0.92087 34.7857 6.75796 0.840824 -0.540843 0.0224469
1.46358 35.6937 6.57143 0.847253 -0.528886 -0.0494118
2.09172 36.5376 6.40693 0.759912 -0.646513 0.0674829
2.85128 37.2441 6.24909 0.689903 -0.721622 0.0574087
3.64124 37.9077 6.08424 0.657811 -0.749153 0.0778051
4.4458 38.4855 5.92477 0.510444 -0.852531 0.112413
5.4705 38.9716 5.78429 0.39937 -0.915107 0.0555155
6.59142 39.3421 5.65619 0.234907 -0.968391 0.0838858
7.61945 39.5407 5.57065 0.206815 -0.962463 0.175762
8.64658 39.6761 5.51478 0.128065 -0.979992 0.152368
9.72201 39.7245 5.4897 0.0399324 -0.989 0.142421
10.7486 39.6962 5.52311 -0.0852357 -0.972531 0.216607
11.8564 39.5591 5.53964 -0.133087 -0.986474 0.0956899
13.0057 39.3218 5.61299 -0.235284 -0.96244 0.135466
14.142 39.0233 5.70691 -0.259638 -0.953603 0.152416
15.25 38.5748 5.82151 -0.480067 -0.876738 0.0294402
16.155 38.016 5.94422 -0.603012 -0.797512 0.0187141
17.0331 37.3659 6.08967 -0.604718 -0.796172 0.0206668
17.845 36.6777 6.23629 -0.702266 -0.708454 0.0701051
18.6018 35.9218 6.39285 -0.762939 -0.6303 0.14369
19.0201 35.37 6.49314 -0.84431 -0.535839 -0.00415496
18.9292 35.469 7.33589 -0.790105 -0.585099 -0.182739
18.2771 36.2792 7.2485 -0.72051 -0.691711 -0.049009
17.4649 37.0552 7.1591 -0.628718 -0.777634 0.000509426
16.6637 37.664 7.06104 -0.580962 -0.813931 0.000140937
15.7982 38.2347 6.94771 -0.519251 -0.852598 -0.0587863
14.9261 38.736 6.83858 -0.420539 -0.904488 -0.0710452
13.9101 39.1623 6.74336 -0.321662 -0.945604 -0.0486501
12.8697 39.4551 6.65099 -0.21166 -0.975904 0.0530298
11.7538 39.6821 6.5737 -0.133214 -0.990895 0.019519
10.6645 39.7728 6.5538 -0.047595 -0.9986 0.0230878
9.65571 39.8134 6.56787 0.0103772 -0.999851 0.0137842
8.63585 39.7678 6.6284 0.0847992 -0.996373 -0.00710595
7.55302 39.6111 6.70074 0.152812 -0.988243 0.00497394
6.56669 39.3757 6.78538 0.287849 -0.956294 -0.0514351
5.51087 38.9714 6.89851 0.393684 -0.915399 -0.0840123
4.60527 38.5461 7.04713 0.485219 -0.870416 -0.0832946
3.72387 37.943 7.19056 0.603167 -0.791243 -0.100616
2.95051 37.2639 7.316 0.658587 -0.734047 -0.165646
2.13054 36.4098 7.44247 0.765199 -0.623226 -0.161432
1.5038 35.5861 7.55925 0.804193 -0.569906 -0.16876
0.933341 34.7461 7.62705 0.801469 -0.589993 -0.0977571
1.07839 34.6894 8.50815 0.793922 -0.567658 -0.217834
1.71236 35.5425 8.515 0.777576 -0.593684 -0.207159
2.36052 36.3518 8.4592 0.734623 -0.635665 -0.23719
3.11259 37.1746 8.36091 0.673425 -0.707731 -0.213577
4.0168 37.9039 8.22989 0.544779 -0.810394 -0.215587
4.86888 38.4711 8.11071 0.482442 -0.843041 -0.237765
5.82961 38.9538 7.95241 0.383653 -0.908303 -0.166721
6.80938 39.3317 7.83183 0.295219 -0.936186 -0.190794
7.83425 39.5815 7.73408 0.177135 -0.969772 -0.167824
8.96197 39.7287 7.63986 0.0781889 -0.970778 -0.226884
10.008 39.7608 7.57956 -0.061271 -0.988787 -0.136187
11.0293 39.7043 7.5717 -0.0378002 -0.984826 -0.169377
12.1632 39.5586 7.63131 -0.175589 -0.966548 -0.186959
13.1383 39.317 7.69941 -0.294574 -0.946827 -0.129404
14.1687 38.9652 7.79515 -0.337903 -0.927424 -0.160333
15.2048 38.4567 7.92516 -0.424295 -0.890302 -0.165336
16.1315 37.9304 8.03875 -0.446546 -0.877836 -0.173205
17.0731 37.2991 8.15067 -0.562309 -0.822893 -0.0815864
17.9089 36.4648 8.18463 -0.75527 -0.61893 -0.215622
18.6589 35.5776 8.17547 -0.754022 -0.607744 -0.249193
18.8336 35.3529 8.16981 -0.807299 -0.565487 -0.168797
18.7199 35.1487 9.04241 -0.777314 -0.584444 -0.232826
18.0584 35.8965 9.11916 -0.719193 -0.629369 -0.294373
17.3635 36.6225 9.14362 -0.665729 -0.637881 -0.387185
16.59 37.3096 9.1009 -0.585108 -0.739894 -0.331971
15.7169 37.8857 9.00552 -0.463383 -0.830578 -0.308895
14.7186 38.419 8.91271 -0.40965 -0.857039 -0.312524
13.7382 38.8451 8.77096 -0.265641 -0.907043 -0.326661
12.7211 39.164 8.65946 -0.251524 -0.918079 -0.306377
11.6702 39.3667 8.61085 -0.116025 -0.934824 -0.335621
10.6128 39.4705 8.56193 -0.0654952 -0.949453 -0.307
9.54963 39.49 8.58065 0.0204269 -0.948738 -0.315404
8.51733 39.4256 8.6617 0.0684164 -0.942613 -0.326803
7.40365 39.2119 8.76715 0.2031 -0.918849 -0.338328
6.46001 38.9006 8.87559 0.284003 -0.893358 -0.348215
5.51478 38.4883 9.05718 0.324977 -0.893896 -0.308772
4.55298 37.9156 9.19436 0.511888 -0.787008 -0.344367
3.62679 37.2055 9.34046 0.569972 -0.745772 -0.3449
2.81169 36.4442 9.47727 0.701335 -0.638505 -0.316923
2.10879 35.6939 9.49319 0.71495 -0.648531 -0.261254
1.47607 34.8478 9.4477 0.778163 -0.564125 -0.27609
1.11041 34.3711 9.385 0.826584 -0.502114 -0.254247
1.13692 33.8636 10.2404 0.797026 -0.498551 -0.340876
1.75216 34.632 10.4377 0.713325 -0.573497 -0.402826
2.42118 35.4266 10.4661 0.692516 -0.578199 -0.431403
3.04365 36.0793 10.4675 0.603011 -0.652331 -0.459175
1.80349 33.9551 11.3673 0.719697 -0.514062 -0.466666
1.1463 33.24 11.076 0.782465 -0.466887 -0.412025
1.20752 32.5241 11.907 0.758363 -0.419711 -0.498726
1.36122 32.6739 12.0097 0.725899 -0.441231 -0.527622
1.21436 31.7142 2.76718 0.7741 -0.223106 0.592446
1.86274 32.2458 2.18662 0.748941 -0.237779 0.618505
2.64345 32.8875 1.66577 0.626137 -0.283306 0.726423
3.34481 33.4353 1.2653 0.625869 -0.306295 0.717266
2.48407 31.6496 1.37975 0.636834 -0.247615 0.730157
1.68674 31.0997 1.98131 0.710157 -0.200626 0.674853
1.27244 30.8157 2.38264 0.754328 -0.211318 0.621557
1.28644 29.8591 2.05504 0.746253 -0.200265 0.634823
2.06348 30.2786 1.35264 0.684757 -0.20553 0.69919
1.60007 28.9958 1.45053 0.70224 -0.212068 0.679622
1.31314 28.8742 1.71295 0.709284 -0.213538 0.671802
16.264 37.011 10.0698 -0.51655 -0.734151 -0.440679
17.0898 36.286 10.0871 -0.633277 -0.644924 -0.427824
17.9043 35.5228 10.0189 -0.64477 -0.654943 -0.394107
18.7414 34.6508 9.86772 -0.783993 -0.528109 -0.326276
18.7462 34.6448 9.866 -0.783988 -0.528113 -0.326282
18.7925 34.0036 10.6413 -0.729377 -0.492518 -0.4748
17.9892 34.8236 10.8792 -0.671021 -0.553283 -0.493567
17.8108 34.9875 10.9188 -0.634004 -0.625411 -0.454862
18.4029 33.6497 11.5751 -0.695968 -0.507167 -0.50834
18.5034 33.5571 11.5298 -0.696141 -0.506796 -0.508474
18.6135 33.4556 11.4804 -0.696142 -0.506793 -0.508476
