1.30239 38.6139 3.12189 0.632594 -0.606914 0.480936
1.9024 38.5545 2.30011 0.608825 -0.56427 0.557406
2.64674 38.4678 1.46941 0.561928 -0.583981 0.585817
1.98958 37.7623 1.4373 0.599584 -0.532283 0.597569
1.38468 37.3104 1.67669 0.634976 -0.505951 0.583785
1.32548 38.0708 2.45772 0.621251 -0.589067 0.516767
1.31934 38.5708 3.04583 0.641705 -0.59702 0.481438
0.457054 37.8725 3.51179 0.720894 -0.572688 0.390302
0.471472 37.2465 2.71389 0.708888 -0.522323 0.473979
0.493454 36.4768 1.95652 0.64261 -0.48571 0.592557
0.505365 35.6227 1.31738 0.685294 -0.388903 0.615732
0.49605 34.6155 0.739754 0.702109 -0.343656 0.623647
0.889761 35.0319 0.537289 0.691488 -0.363625 0.624186
1.49242 36.0632 0.550154 0.650448 -0.447988 0.613372
2.12965 36.889 0.526882 0.628585 -0.49756 0.597758
2.82604 37.6661 0.531857 0.561332 -0.550841 0.617641
3.65749 38.3444 0.52019 0.438916 -0.648049 0.622353
4.53975 38.8691 0.519765 0.335111 -0.66008 0.672305
5.42911 39.306 0.536539 0.266266 -0.666781 0.696064
5.33514 39.4989 0.77227 0.325516 -0.668983 0.668207
4.30662 39.5099 1.33123 0.369333 -0.682936 0.630231
3.42728 39.5014 1.86386 0.389265 -0.669602 0.632539
2.59996 39.444 2.51022 0.580239 -0.596791 0.554223
2.05104 39.5069 3.40411 0.655215 -0.688621 0.310112
1.58457 39.5103 4.45116 0.657256 -0.702083 0.274033
1.27209 39.4923 5.49959 0.694678 -0.711003 0.109069
1.22838 39.5028 6.65592 0.692065 -0.721457 -0.00975895
1.31544 39.4918 7.69482 0.724344 -0.677137 -0.129655
1.70189 39.5341 8.67601 0.63422 -0.720496 -0.280446
1.99504 39.3858 9.68503 0.630594 -0.711838 -0.309054
1.3513 38.5815 10.1057 0.667418 -0.666445 -0.33227
0.753096 37.7214 10.5251 0.687785 -0.627176 -0.365503
0.502387 37.6699 10.138 0.689042 -0.628766 -0.36038
0.508607 38.2021 9.16143 0.683194 -0.667138 -0.29668
0.475107 38.505 8.20739 0.713638 -0.678931 -0.172389
0.517806 38.7557 7.1632 0.705085 -0.704628 -0.0796311
0.524773 38.8204 6.14472 0.6974 -0.714888 0.0403245
0.500856 38.593 4.98376 0.702554 -0.679646 0.210545
0.45966 38.1952 4.02286 0.73367 -0.618419 0.279887
0.455929 37.9238 3.5896 0.720634 -0.57413 0.388666
13.9548 39.5157 0.575221 -0.241568 -0.729722 0.639494
15.0337 39.5104 1.04882 -0.301806 -0.722895 0.62156
15.9799 39.5062 1.60145 -0.422101 -0.691592 0.58594
16.8033 39.5347 2.30663 -0.457474 -0.708201 0.537744
17.5115 39.5579 3.07252 -0.522246 -0.752988 0.399798
18.1191 39.5312 4.03465 -0.592038 -0.737282 0.325432
18.5301 39.5302 4.95163 -0.633555 -0.738961 0.227169
18.7354 39.5608 6.08516 -0.647182 -0.759567 0.0649043
18.733 39.5665 7.13898 -0.64482 -0.764041 -0.0211805
18.5388 39.5489 8.25507 -0.622955 -0.749878 -0.217445
18.0571 39.5448 9.27576 -0.594352 -0.74041 -0.31391
18.3287 39.0124 9.94642 -0.585711 -0.721812 -0.368683
18.9574 38.2953 10.3025 -0.602053 -0.695412 -0.392326
19.4629 37.8571 10.2663 -0.614412 -0.67978 -0.400495
19.486 38.3701 9.30555 -0.6109 -0.71935 -0.33066
19.4897 38.7045 8.35455 -0.639645 -0.739584 -0.209454
19.4542 38.9507 7.247 -0.639199 -0.76664 -0.0607337
19.463 38.93 6.2192 -0.665015 -0.744934 0.0523404
19.4575 38.794 5.20739 -0.669519 -0.72985 0.137564
19.4569 38.4873 4.18586 -0.623368 -0.729449 0.280908
19.4939 37.9293 3.26258 -0.638738 -0.62825 0.444174
19.4658 37.3368 2.42468 -0.626867 -0.613754 0.479941
19.4609 36.5985 1.69484 -0.616233 -0.499486 0.60891
19.4816 35.7454 1.0637 -0.642992 -0.449369 0.620183
19.2656 35.3044 0.52786 -0.642556 -0.436664 0.629629
18.6996 36.1367 0.536497 -0.630148 -0.47039 0.617588
18.0203 36.9751 0.557398 -0.572607 -0.554422 0.60381
17.1786 37.7184 0.538438 -0.49204 -0.606198 0.624756
16.2625 38.3697 0.539281 -0.425243 -0.662594 0.616553
15.3086 38.9388 0.563792 -0.355575 -0.702873 0.616064
14.3574 39.3361 0.53944 -0.271138 -0.717091 0.642077
13.9973 39.455 0.522937 -0.239737 -0.718562 0.652796
17.2009 38.5622 1.45253 -0.468697 -0.662917 0.583323
17.8291 38.7405 2.22364 -0.530586 -0.657642 0.534776
18.5865 38.6281 3.00693 -0.607322 -0.671519 0.424422
18.5735 38.0026 2.14343 -0.594526 -0.611084 0.522605
18.2529 37.6978 1.48094 -0.557117 -0.575467 0.598714
17.4417 38.3767 1.44547 -0.479211 -0.644616 0.595674
17.4092 38.4165 1.46234 -0.479215 -0.644611 0.595675
