18.3254 39.1858 0.934446 -0.530811 -0.639636 0.555973
19.1507 39.0913 1.63556 -0.559975 -0.618098 0.551709
19.05 38.5249 0.907677 -0.556892 -0.614494 0.55881
18.3371 39.1496 0.904106 -0.530812 -0.639638 0.555969
18.0142 38.9376 0.356614 -0.527472 -0.670333 0.521041
17.1336 39.5899 0.39299 -0.441195 -0.654803 0.613624
17.825 39.6856 1.06208 -0.481077 -0.66864 0.566743
18.6764 39.6594 1.80246 -0.549731 -0.616547 0.563617
19.3698 39.6552 2.56606 -0.653708 -0.588583 0.475643
19.6688 39.4087 2.57102 -0.575982 -0.694657 0.430798
19.692 38.7056 1.76842 -0.580918 -0.605276 0.544109
19.6773 37.9651 0.940486 -0.573795 -0.606163 0.55075
19.3666 37.7152 0.352609 -0.567092 -0.595194 0.569342
18.6295 38.3941 0.340642 -0.561827 -0.611243 0.557433
18.2226 38.7577 0.350063 -0.553454 -0.659315 0.508913
18.2225 38.7577 0.350066 -0.553456 -0.659314 0.508912
