0.867953 38.6157 1.16982 0.600603 -0.573477 0.557136
1.29812 39.1859 1.29744 0.599481 -0.578155 0.553497
1.14556 38.5989 0.854999 0.605334 -0.566168 0.559416
0.895459 38.5569 1.07959 0.600603 -0.573477 0.557136
0.360031 38.224 1.33131 0.608041 -0.542833 0.579326
0.328988 37.4225 0.672574 0.639524 -0.487664 0.594291
0.91892 37.7857 0.340595 0.632943 -0.495121 0.595124
1.55303 38.5574 0.360991 0.61276 -0.5722 0.544619
2.39295 39.3949 0.368825 0.558248 -0.593939 0.579307
2.0242 39.6627 1.01474 0.595714 -0.570329 0.565553
1.21353 39.6681 1.89854 0.605385 -0.584669 0.540065
0.53565 39.6533 2.73219 0.623906 -0.655126 0.426088
0.356353 39.1063 2.25529 0.606679 -0.600542 0.520854
0.362138 38.3895 1.482 0.592706 -0.548305 0.589273
0.362108 38.3559 1.45267 0.605464 -0.53362 0.590297
