1.45305 35.7716 44.2342 0.000986841 -0.850168 0.52651
1.46084 35.2334 43.3651 0.00098315 -0.85017 0.526507
1.45783 34.6753 42.464 0.000997093 -0.850167 0.526512
1.47414 34.1308 41.5848 0.000993668 -0.85016 0.526523
1.47679 33.5082 40.5794 0.0010009 -0.850166 0.526513
1.46306 32.9819 39.7296 0.000987459 -0.85016 0.526523
1.47167 32.4255 38.8312 0.000991135 -0.850172 0.526504
1.48342 31.8913 37.9685 0.000991728 -0.850168 0.526511
1.47895 31.3594 37.1097 0.000991721 -0.850171 0.526506
1.50164 30.7566 36.1362 0.000984357 -0.850165 0.526516
1.49567 30.199 35.2358 0.000985899 -0.85017 0.526507
1.50386 29.6549 34.3574 0.000989233 -0.850169 0.526508
1.50774 29.0311 33.35 0.000988719 -0.85017 0.526507
1.50112 28.4919 32.4794 0.000988652 -0.850168 0.526511
1.50207 27.9047 31.5313 0.000986712 -0.850169 0.526509
1.51509 27.3231 30.5921 0.000991372 -0.850168 0.52651
1.50454 26.7755 29.7079 0.000990489 -0.850169 0.526509
1.49389 26.245 28.8512 0.000985388 -0.850168 0.52651
1.50014 25.7013 27.9733 0.000987385 -0.850168 0.526511
1.49742 25.1734 27.1209 0.000987941 -0.850168 0.52651
1.51278 24.5418 26.101 0.000986426 -0.850168 0.526511
1.52632 23.9001 25.0648 0.000990888 -0.850169 0.52651
1.48268 23.3689 24.2072 0.000988915 -0.85017 0.526507
1.46724 22.7683 23.2374 0.000985187 -0.850171 0.526506
1.48313 22.2253 22.3605 0.00099039 -0.850172 0.526505
1.4871 21.6409 21.4169 0.000987869 -0.850167 0.526512
1.46477 21.0883 20.5246 0.000990942 -0.850172 0.526504
2.03833 20.728 19.9418 0.000987077 -0.85017 0.526507
3.07029 20.7331 19.9481 0.000988872 -0.850169 0.526509
4.16326 20.7337 19.947 0.000989548 -0.850166 0.526513
5.29212 20.7318 19.9418 0.000990524 -0.850168 0.526511
6.35887 20.7263 19.931 0.000982539 -0.850168 0.526511
7.49034 20.7345 19.942 0.000989686 -0.850168 0.526511
8.60539 20.731 19.9343 0.000991433 -0.850168 0.526511
9.67717 20.7307 19.9318 0.000988204 -0.85017 0.526507
10.7616 20.7332 19.9338 0.000988518 -0.850167 0.526511
11.816 20.7333 19.9321 0.000988877 -0.850169 0.52651
12.9456 20.7498 19.9565 0.000984441 -0.850166 0.526514
13.97 20.7498 19.9546 0.000987959 -0.85017 0.526508
15.0591 20.7528 19.9573 0.000990173 -0.850171 0.526505
16.0813 20.7411 19.9365 0.000988762 -0.850168 0.526511
17.1704 20.7487 19.9469 0.000987612 -0.85017 0.526507
18.3228 20.7445 19.9379 0.000988439 -0.850169 0.526508
19.4163 20.7593 19.9597 0.00098875 -0.850167 0.526512
20.4922 20.758 19.9555 0.000986695 -0.850169 0.526509
21.4934 20.7486 19.9385 0.000989619 -0.850168 0.52651
22.5232 20.7558 19.9482 0.000989344 -0.850168 0.526511
23.7312 20.7583 19.95 0.000986812 -0.850168 0.52651
24.7702 20.7548 19.9423 0.000987336 -0.850171 0.526506
25.9236 20.7534 19.938 0.00098802 -0.850168 0.52651
26.9471 20.7575 19.9426 0.000992362 -0.850166 0.526515
27.9859 20.7584 19.9421 0.000987878 -0.850171 0.526505
29.0638 20.7671 19.9541 0.000988467 -0.850169 0.52651
30.1194 20.7592 19.9394 0.000988516 -0.850168 0.52651
31.1944 20.7758 19.9642 0.000985546 -0.850167 0.526512
32.2576 20.7589 19.9349 0.000992081 -0.850168 0.52651
33.38 20.7658 19.944 0.000984491 -0.850172 0.526505
34.3957 20.7591 19.9312 0.00098859 -0.850168 0.526511
35.4528 20.7542 19.9214 0.000986265 -0.850169 0.526508
36.6592 20.7637 19.9345 0.000985483 -0.85017 0.526508
37.7789 20.7662 19.9364 0.000989391 -0.85017 0.526507
38.8714 20.7687 19.9383 0.000987244 -0.850168 0.52651
39.8745 20.787 19.9661 0.000983892 -0.85017 0.526508
40.8862 20.7867 19.9637 0.000988504 -0.850171 0.526506
41.911 20.7833 19.9562 0.00098905 -0.850167 0.526513
42.9585 20.7835 19.9546 0.000983865 -0.85017 0.526508
43.9728 20.7724 19.9347 0.000988121 -0.85017 0.526508
45.0443 20.7964 19.9716 0.000984582 -0.850169 0.526509
46.2132 20.7873 19.9546 0.000977757 -0.850168 0.52651
47.2576 20.7814 19.9432 0.000985585 -0.85017 0.526507
48.3257 20.8067 19.9821 0.000991601 -0.850168 0.526511
48.5124 21.3508 20.8602 0.000989883 -0.850166 0.526514
48.4862 21.9016 21.7497 0.000991386 -0.850168 0.526511
48.4999 22.4331 22.6079 0.000985305 -0.850169 0.526509
48.4792 22.9666 23.4693 0.000987217 -0.850165 0.526515
48.495 23.5005 24.3314 0.000989042 -0.850168 0.52651
48.4767 24.0363 25.1967 0.000991321 -0.850168 0.526511
48.4866 24.6783 26.2333 0.000988009 -0.850168 0.52651
48.4728 25.2547 27.164 0.000989739 -0.850168 0.52651
48.4861 25.8874 28.1856 0.00098682 -0.850164 0.526516
48.4852 26.4261 29.0554 0.000989465 -0.850167 0.526512
48.4911 27.0118 30.0011 0.00099131 -0.850167 0.526512
48.4943 27.572 30.9057 0.000990266 -0.850166 0.526514
48.4919 28.1551 31.8473 0.000992423 -0.850165 0.526515
48.4896 28.7316 32.7782 0.000985691 -0.850166 0.526514
48.4991 29.2614 33.6336 0.000987851 -0.850166 0.526514
48.5158 29.8211 34.5374 0.000987444 -0.850168 0.526511
48.5029 30.4187 35.5023 0.000990082 -0.850167 0.526512
48.4872 30.9868 36.4197 0.000988123 -0.850166 0.526514
48.5067 31.5518 37.332 0.000986014 -0.850165 0.526516
48.5165 32.0791 38.1834 0.000993757 -0.850164 0.526517
48.5067 32.6248 39.0646 0.000998169 -0.85017 0.526507
48.5125 33.1546 39.9199 0.00099173 -0.85017 0.526508
48.517 33.6829 40.773 0.000995443 -0.850167 0.526513
48.5211 34.2131 41.6291 0.000992157 -0.850167 0.526512
48.5251 34.741 42.4815 0.000992037 -0.85017 0.526507
48.5273 35.2788 43.35 0.000986616 -0.850167 0.526513
48.5294 35.813 44.2126 0.000990359 -0.850165 0.526515
48.5314 36.3614 45.098 0.00100756 -0.850171 0.526505
47.7515 36.5746 45.4439 0.00100768 -0.850175 0.5265
46.6438 36.591 45.4724 0.00102105 -0.850172 0.526504
45.5448 36.5927 45.4773 0.0010002 -0.850172 0.526505
44.5273 36.591 45.4764 0.000989279 -0.850164 0.526518
43.525 36.5805 45.4614 0.00098627 -0.850169 0.526509
42.5209 36.5918 45.4815 0.000992503 -0.850167 0.526512
41.4437 36.5842 45.4712 0.000993105 -0.850166 0.526514
40.4326 36.5897 45.482 0.000986117 -0.850168 0.52651
39.3993 36.5817 45.471 0.000986635 -0.85017 0.526508
38.2911 36.5865 45.4808 0.000993625 -0.850169 0.526509
37.1962 36.5821 45.4758 0.000998392 -0.850166 0.526514
35.9909 36.5665 45.4529 0.000989474 -0.850169 0.526509
34.82 36.5749 45.4686 0.00098436 -0.850168 0.52651
33.6637 36.5649 45.4547 0.000981507 -0.850166 0.526513
32.4754 36.5618 45.452 0.000989663 -0.850169 0.526509
31.3878 36.5573 45.4467 0.000984433 -0.850168 0.526511
30.3564 36.548 45.4336 0.000986869 -0.850166 0.526514
29.3415 36.5629 45.4595 0.00098426 -0.850172 0.526504
28.2601 36.5656 45.466 0.000992603 -0.850175 0.526499
27.2044 36.5588 45.4569 0.000995381 -0.850168 0.526511
26.1444 36.5455 45.4375 0.000984696 -0.85017 0.526507
25.0618 36.5404 45.4312 0.000989496 -0.850171 0.526506
23.9142 36.5426 45.437 0.000992037 -0.850168 0.52651
22.8788 36.554 45.4573 0.00098927 -0.850165 0.526515
21.7714 36.5473 45.4486 0.000995325 -0.850172 0.526503
20.6059 36.5478 45.4515 0.000988512 -0.850168 0.52651
19.531 36.5511 45.4589 0.000977905 -0.850164 0.526517
18.5269 36.5366 45.4374 0.000983731 -0.850167 0.526512
17.3215 36.5289 45.4272 0.000993715 -0.85017 0.526507
16.2493 36.5388 45.4452 0.000994491 -0.85017 0.526507
15.2437 36.5331 45.438 0.000991324 -0.85017 0.526507
14.2036 36.5353 45.4434 0.000982316 -0.850169 0.526508
13.1993 36.5274 45.4326 0.000987662 -0.850175 0.526499
12.082 36.5345 45.4461 0.000985385 -0.850167 0.526511
11.076 36.5284 45.4382 0.000986134 -0.85017 0.526507
9.90668 36.5209 45.4283 0.000987183 -0.850171 0.526505
8.79939 36.5165 45.4233 0.000985459 -0.850169 0.526509
7.76133 36.5147 45.4222 0.000978579 -0.850168 0.526511
6.70768 36.5133 45.4219 0.000993521 -0.850166 0.526514
5.4955 36.496 45.3964 0.00099266 -0.85017 0.526507
4.43456 36.4859 45.382 0.000987666 -0.850166 0.526513
3.30918 36.488 45.3875 0.000986236 -0.850168 0.52651
2.28528 36.4969 45.4038 0.000986313 -0.850168 0.52651
1.49396 36.3122 45.1071 0.000985933 -0.850169 0.526509
1.45458 35.8305 44.3294 0.000986841 -0.850168 0.52651
0.543454 35.8715 44.3972 0.000996238 -0.85017 0.526507
0.566953 36.45 45.3313 0.000983202 -0.850167 0.526512
0.78719 36.9552 46.1466 0.000990898 -0.850169 0.526509
1.83834 36.9791 46.1833 0.000993207 -0.850169 0.526509
2.88087 36.9747 46.1742 0.000990374 -0.850169 0.526509
4.05457 36.9716 46.167 0.000988742 -0.850172 0.526504
5.21457 36.9899 46.1944 0.000988281 -0.85017 0.526507
6.28201 36.9998 46.2084 0.000996586 -0.850169 0.52651
7.36193 36.9984 46.2041 0.000985687 -0.850163 0.526518
8.36405 36.9949 46.1965 0.0009842 -0.85017 0.526508
9.37645 37.0047 46.2104 0.000986205 -0.85017 0.526507
10.5652 37.0087 46.2147 0.000990931 -0.850166 0.526513
11.5816 37.0013 46.2007 0.000986771 -0.850167 0.526512
12.7341 37.0043 46.2035 0.000998137 -0.850171 0.526506
13.9155 37.017 46.2217 0.000982888 -0.850168 0.526511
14.9382 37.0188 46.2228 0.00100099 -0.850169 0.526509
16.0377 37.0128 46.2111 0.000993999 -0.85017 0.526508
17.065 37.0205 46.2215 0.000987313 -0.85017 0.526507
18.0871 37.022 46.222 0.000986514 -0.850168 0.526511
19.2127 37.0281 46.2298 0.000996228 -0.850177 0.526496
20.2725 37.0176 46.2108 0.00099268 -0.850175 0.526499
21.3271 37.0316 46.2315 0.000997122 -0.850176 0.526498
22.3318 37.029 46.2253 0.000984763 -0.850182 0.526489
23.4938 37.0271 46.2201 0.000983827 -0.850173 0.526503
24.6122 37.0237 46.2125 0.000990326 -0.850173 0.526502
25.6538 37.0353 46.2292 0.000994584 -0.850171 0.526507
26.7937 37.0416 46.2373 0.000985485 -0.850167 0.526512
27.7935 37.045 46.241 0.000988834 -0.850169 0.52651
28.8449 37.0376 46.2271 0.000990319 -0.850169 0.526508
29.847 37.0485 46.2428 0.000987564 -0.850169 0.526509
30.9558 37.0428 46.2314 0.000991653 -0.850172 0.526504
32.0258 37.0419 46.2279 0.000986625 -0.850167 0.526512
33.0872 37.0446 46.2304 0.000988661 -0.850172 0.526505
34.1096 37.0556 46.2462 0.000982894 -0.850167 0.526512
35.2467 37.0589 46.2494 0.000985853 -0.850162 0.52652
36.3247 37.0553 46.2416 0.000988475 -0.850174 0.526502
37.479 37.0649 46.2548 0.000983814 -0.850169 0.526509
38.5683 37.0686 46.2589 0.000987789 -0.850171 0.526505
39.6918 37.0738 46.2651 0.000985452 -0.850166 0.526515
40.8259 37.0679 46.2534 0.00099353 -0.85017 0.526507
41.8567 37.0653 46.2472 0.000998674 -0.850166 0.526513
43.0276 37.075 46.2607 0.00099253 -0.850176 0.526497
44.1532 37.0643 46.2413 0.00099461 -0.850168 0.52651
45.2791 37.0681 46.2454 0.000990574 -0.850165 0.526515
46.4487 37.0757 46.2555 0.000998639 -0.850173 0.526503
47.5384 37.0687 46.2421 0.00101567 -0.850174 0.526501
48.5501 37.0686 46.2399 0.00101278 -0.850172 0.526504
49.4353 36.9464 46.041 0.00100502 -0.850172 0.526505
49.4471 36.399 45.157 0.000993135 -0.850169 0.526508
49.4396 35.8535 44.2762 0.000992988 -0.850162 0.52652
49.4362 35.3154 43.4074 0.000998828 -0.850162 0.52652
49.4356 34.7747 42.5343 0.000982982 -0.850173 0.526502
49.4335 34.2326 41.6589 0.000981163 -0.850167 0.526512
49.4314 33.6922 40.7863 0.000993357 -0.850162 0.52652
49.4278 33.1055 39.8389 0.000995181 -0.850167 0.526512
49.4261 32.574 38.9807 0.000982834 -0.850166 0.526513
49.4302 32.0187 38.0841 0.000989846 -0.850167 0.526511
49.4345 31.4419 37.1528 0.000986658 -0.850168 0.526511
49.4261 30.8927 36.2659 0.000986754 -0.850168 0.526511
49.4235 30.3379 35.3701 0.000991654 -0.850167 0.526512
49.4317 29.7813 34.4713 0.000985263 -0.850167 0.526513
49.4288 29.2196 33.5643 0.000992695 -0.850167 0.526512
49.4209 28.6636 32.6666 0.000992693 -0.850167 0.526513
49.4114 28.0901 31.7406 0.000987675 -0.850165 0.526516
49.4234 27.4985 30.7852 0.000985746 -0.850168 0.526511
49.4177 26.8727 29.7748 0.000990352 -0.850166 0.526514
49.4118 26.3033 28.8555 0.000989394 -0.850167 0.526513
49.4139 25.763 27.9829 0.000988441 -0.850167 0.526512
49.4093 25.2174 27.102 0.000988645 -0.850167 0.526513
49.4124 24.6812 26.2362 0.000988853 -0.850164 0.526516
49.4089 24.1407 25.3634 0.00098761 -0.850166 0.526513
49.4132 23.6048 24.4981 0.000990924 -0.850168 0.526511
49.4096 23.0609 23.6199 0.000988568 -0.850167 0.526513
49.4143 22.524 22.7529 0.000987353 -0.850165 0.526515
49.4135 21.9838 21.8806 0.000989404 -0.850168 0.526511
49.4316 21.4549 21.0266 0.000990975 -0.850168 0.526511
49.4493 20.8712 20.0841 0.000989601 -0.850165 0.526515
49.2992 20.3397 19.2261 0.000983058 -0.850169 0.526509
48.2544 20.3009 19.1654 0.000987479 -0.850171 0.526506
47.2141 20.2995 19.1651 0.000988683 -0.850172 0.526504
46.1904 20.3027 19.1723 0.00098713 -0.850168 0.526511
45.1904 20.3204 19.2026 0.000989354 -0.850168 0.526511
44.0876 20.2888 19.1538 0.000987245 -0.850169 0.526509
43.0364 20.3034 19.1792 0.00098692 -0.85017 0.526507
42.0274 20.3046 19.183 0.000987569 -0.85017 0.526507
40.8947 20.3061 19.1875 0.000985283 -0.850171 0.526506
39.815 20.3016 19.1824 0.000985839 -0.850173 0.526503
38.7117 20.2908 19.167 0.00098686 -0.85017 0.526508
37.5549 20.2879 19.1645 0.000984061 -0.850171 0.526506
36.4686 20.2793 19.1527 0.000986441 -0.850171 0.526505
35.4007 20.2823 19.1595 0.0009913 -0.850168 0.526511
34.3089 20.2819 19.1609 0.000985237 -0.850165 0.526515
33.1867 20.2844 19.1671 0.000989862 -0.850169 0.52651
32.0492 20.2814 19.1644 0.000988233 -0.850168 0.526511
30.8473 20.2854 19.173 0.000988994 -0.850169 0.52651
29.7439 20.284 19.1729 0.00099202 -0.850169 0.526509
28.7438 20.2881 19.1813 0.000989831 -0.850168 0.526511
27.6962 20.2834 19.1757 0.000987757 -0.850169 0.52651
26.6848 20.2797 19.1716 0.000987288 -0.850168 0.52651
25.5971 20.2726 19.1622 0.000987919 -0.850168 0.526511
24.5885 20.2709 19.1614 0.000989284 -0.850168 0.526511
23.587 20.2723 19.1655 0.000983943 -0.850169 0.526509
22.5763 20.2798 19.1795 0.000988899 -0.850169 0.526508
21.5678 20.2751 19.1738 0.000986213 -0.850168 0.526511
20.5041 20.2739 19.1738 0.000985654 -0.850169 0.526509
19.3505 20.2731 19.1748 0.000988003 -0.850167 0.526513
18.32 20.2698 19.1713 0.000989043 -0.85017 0.526508
17.2564 20.2679 19.1702 0.000991072 -0.850167 0.526512
16.2331 20.2642 19.1663 0.000990274 -0.850171 0.526505
15.0882 20.266 19.1713 0.000989737 -0.85017 0.526507
14.07 20.2654 19.1723 0.000983371 -0.850168 0.52651
12.9094 20.2617 19.1685 0.000988822 -0.850168 0.52651
11.8061 20.256 19.1614 0.000986969 -0.850169 0.526509
10.7361 20.2595 19.1689 0.000985737 -0.850167 0.526512
9.61983 20.2528 19.1602 0.000988761 -0.850168 0.52651
8.56379 20.2538 19.1638 0.00099107 -0.850169 0.526508
7.4858 20.2566 19.1703 0.000985326 -0.85017 0.526507
6.4295 20.2507 19.1628 0.000990824 -0.850168 0.526511
5.26161 20.2528 19.1685 0.000989329 -0.850167 0.526512
4.23724 20.2506 19.1667 0.000986698 -0.850168 0.526511
3.11398 20.2452 19.1602 0.000984108 -0.850168 0.526511
2.04862 20.246 19.1635 0.000988005 -0.850167 0.526511
1.04416 20.2488 19.1699 0.000989236 -0.850169 0.52651
0.55825 20.6402 19.8029 0.000994795 -0.85017 0.526507
0.557348 21.2313 20.7573 0.000987928 -0.85017 0.526508
0.554346 21.831 21.7256 0.000988979 -0.85017 0.526507
0.554613 22.3814 22.6144 0.000991381 -0.850169 0.526509
0.551505 23.0188 23.6436 0.000989547 -0.850169 0.526509
0.557554 23.5644 24.5246 0.000987712 -0.850169 0.526509
0.560151 24.1365 25.4483 0.000987469 -0.850172 0.526505
0.576785 24.6768 26.3207 0.000988029 -0.850169 0.526509
0.556598 25.2223 27.2017 0.000989702 -0.850167 0.526512
0.563074 25.8496 28.2146 0.000989358 -0.850168 0.526511
0.552301 26.392 29.0904 0.000991886 -0.85017 0.526507
0.588265 26.9577 30.0039 0.000991901 -0.850169 0.526508
0.576045 27.536 30.9376 0.000991926 -0.850171 0.526506
0.557168 28.0999 31.8482 0.000983175 -0.850171 0.526506
0.582036 28.6272 32.6995 0.000988839 -0.850167 0.526512
0.557701 29.253 33.7101 0.000998895 -0.85017 0.526507
0.569487 29.8714 34.7086 0.000996657 -0.85017 0.526508
0.558319 30.4122 35.582 0.000987709 -0.850166 0.526514
0.583205 30.9809 36.5001 0.000988268 -0.850171 0.526506
0.561871 31.5235 37.3763 0.000988145 -0.850167 0.526512
0.561438 32.0827 38.2794 0.000994418 -0.850164 0.526518
0.549956 32.7025 39.2801 0.000988843 -0.850168 0.52651
0.552829 33.2456 40.1571 0.000976915 -0.850168 0.526511
0.568595 33.7974 41.0481 0.000985099 -0.850173 0.526502
0.560525 34.3264 41.9022 0.000988377 -0.850168 0.52651
0.554905 34.8764 42.7905 0.000988008 -0.85017 0.526507
0.557109 35.4741 43.7555 0.000984321 -0.850171 0.526506
0.539904 35.7845 44.2568 0.000993427 -0.850169 0.526508
2.00168 35.6898 44.1011 0.000979929 -0.85017 0.526507
3.04605 35.6906 44.1005 0.000983656 -0.850169 0.52651
4.16042 35.6916 44.0999 0.000992172 -0.850163 0.526519
5.23715 35.6925 44.0994 0.00098409 -0.850168 0.526511
6.30025 35.6934 44.0988 0.000987405 -0.850165 0.526516
7.38812 35.6943 44.0982 0.000988409 -0.850169 0.526509
8.4649 35.6952 44.0977 0.00098961 -0.850172 0.526504
9.53135 35.6961 44.0971 0.000983356 -0.850171 0.526506
10.6162 35.697 44.0966 0.000987636 -0.850165 0.526516
11.6683 35.6979 44.096 0.000990515 -0.850169 0.52651
12.7034 35.6988 44.0955 0.000990181 -0.850167 0.526512
13.7761 35.6997 44.0949 0.000990387 -0.85017 0.526508
14.9908 35.7007 44.0943 0.000988303 -0.850167 0.526513
16.0855 35.7016 44.0937 0.00098719 -0.850167 0.526512
17.2369 35.7026 44.0931 0.000993109 -0.850167 0.526512
18.2729 35.7035 44.0926 0.000991115 -0.850173 0.526502
19.3828 35.7044 44.092 0.000982725 -0.850167 0.526512
20.4516 35.7053 44.0914 0.00099095 -0.850164 0.526517
21.474 35.7061 44.0909 0.000996747 -0.850172 0.526504
22.549 35.707 44.0904 0.000986912 -0.850169 0.526508
23.6371 35.708 44.0898 0.00099477 -0.850169 0.52651
24.6606 35.7088 44.0893 0.000991174 -0.850165 0.526516
25.6694 35.7097 44.0887 0.000984933 -0.850165 0.526516
26.8819 35.7107 44.0881 0.000977655 -0.850168 0.526511
27.8922 35.7115 44.0876 0.000990379 -0.850169 0.52651
29.0222 35.7125 44.087 0.000983644 -0.850169 0.526509
30.1346 35.7134 44.0864 0.000992177 -0.850168 0.52651
31.1716 35.7143 44.0859 0.000985129 -0.850172 0.526504
32.2052 35.7152 44.0853 0.000988448 -0.85017 0.526507
33.2643 35.7161 44.0848 0.000981699 -0.85017 0.526508
34.2754 35.7169 44.0842 0.00099176 -0.850172 0.526504
35.2987 35.7178 44.0837 0.00100051 -0.850173 0.526502
36.3282 35.7186 44.0832 0.00097681 -0.850173 0.526503
37.4227 35.7196 44.0826 0.000989191 -0.850166 0.526513
38.4534 35.7204 44.0821 0.000980444 -0.850169 0.52651
39.5279 35.7213 44.0815 0.000986629 -0.850171 0.526505
40.5781 35.7222 44.081 0.000989329 -0.850168 0.52651
41.6888 35.7231 44.0804 0.000989846 -0.850172 0.526504
42.6992 35.724 44.0799 0.000990344 -0.850166 0.526513
43.7798 35.7249 44.0793 0.000986486 -0.850168 0.526511
44.8161 35.7258 44.0788 0.000997834 -0.850166 0.526513
45.8359 35.7266 44.0782 0.00100104 -0.850182 0.526488
46.8951 35.7276 44.0777 0.00101467 -0.850168 0.526511
47.9272 35.7284 44.0771 0.000995013 -0.850175 0.5265
47.9766 35.2589 43.3188 0.000994225 -0.850168 0.52651
46.9737 35.258 43.3193 0.00100412 -0.850172 0.526504
45.8986 35.2571 43.3199 0.00102529 -0.850177 0.526496
44.8591 35.2562 43.3205 0.00101327 -0.850174 0.526501
43.6913 35.2552 43.3211 0.000993029 -0.850173 0.526503
42.6104 35.2543 43.3216 0.000991599 -0.850172 0.526504
41.6062 35.2535 43.3221 0.000991013 -0.85017 0.526507
40.5161 35.2526 43.3227 0.000990791 -0.850165 0.526515
39.4037 35.2516 43.3233 0.000992193 -0.850168 0.52651
38.3575 35.2507 43.3238 0.000982377 -0.850177 0.526496
37.1736 35.2497 43.3245 0.000985068 -0.85017 0.526508
36.1273 35.2489 43.325 0.00099652 -0.85017 0.526507
35.0758 35.248 43.3255 0.000987269 -0.850167 0.526512
33.9755 35.2471 43.3261 0.000991951 -0.850169 0.526509
32.9243 35.2462 43.3267 0.000993551 -0.850167 0.526513
31.8808 35.2453 43.3272 0.000993719 -0.850168 0.526511
30.7636 35.2444 43.3278 0.00099053 -0.850174 0.526501
29.7416 35.2435 43.3283 0.000987252 -0.850165 0.526515
28.6574 35.2426 43.3289 0.000993357 -0.850167 0.526512
27.553 35.2417 43.3295 0.000987507 -0.850171 0.526506
26.5173 35.2408 43.33 0.0010002 -0.850174 0.526502
25.5158 35.2399 43.3305 0.000992979 -0.850173 0.526502
24.3321 35.2389 43.3311 0.000991646 -0.850169 0.526509
23.1821 35.238 43.3317 0.000991587 -0.850172 0.526504
22.0459 35.237 43.3323 0.000993389 -0.850168 0.52651
20.8823 35.236 43.3329 0.000988292 -0.850169 0.526508
19.7888 35.2351 43.3335 0.000986954 -0.85016 0.526523
18.7575 35.2343 43.334 0.000995018 -0.85017 0.526507
17.6771 35.2333 43.3346 0.00098505 -0.850173 0.526503
16.5971 35.2324 43.3352 0.00099301 -0.850167 0.526512
15.439 35.2315 43.3358 0.000991753 -0.850171 0.526505
14.256 35.2305 43.3364 0.000987848 -0.850171 0.526506
13.0847 35.2295 43.337 0.000987612 -0.850169 0.526509
12.0639 35.2286 43.3375 0.000986694 -0.850169 0.52651
11.0564 35.2278 43.3381 0.000985429 -0.850172 0.526504
10.0274 35.2269 43.3386 0.000990262 -0.850166 0.526514
9.0104 35.2261 43.3391 0.000986767 -0.850174 0.526502
7.98919 35.2252 43.3397 0.000987416 -0.850165 0.526515
6.9665 35.2243 43.3402 0.000986628 -0.850169 0.526509
5.92733 35.2235 43.3407 0.000992173 -0.850172 0.526504
4.8408 35.2226 43.3413 0.000994361 -0.850171 0.526506
3.79796 35.2217 43.3418 0.000989419 -0.850169 0.52651
2.7248 35.2208 43.3424 0.000993064 -0.850171 0.526506
1.92405 35.2201 43.3428 0.00099015 -0.850173 0.526503
1.92515 34.7505 42.5845 0.000977475 -0.850165 0.526515
3.05082 34.7514 42.5839 0.000985962 -0.850168 0.52651
4.1436 34.7524 42.5834 0.000990455 -0.850169 0.526509
5.20358 34.7533 42.5828 0.000983294 -0.850169 0.526509
6.36583 34.7542 42.5822 0.000989859 -0.850167 0.526512
7.53657 34.7552 42.5816 0.00099369 -0.850167 0.526512
8.53856 34.7561 42.5811 0.000988456 -0.850165 0.526515
9.65897 34.757 42.5805 0.000989983 -0.85017 0.526507
10.799 34.758 42.5799 0.000984489 -0.85017 0.526507
11.9599 34.7589 42.5793 0.000987106 -0.850175 0.526499
13.0175 34.7598 42.5788 0.000983562 -0.850173 0.526502
14.1295 34.7608 42.5782 0.000990967 -0.850166 0.526513
15.2108 34.7617 42.5776 0.000987258 -0.850167 0.526513
16.3498 34.7626 42.577 0.000984879 -0.85017 0.526507
17.5512 34.7636 42.5764 0.00098982 -0.850171 0.526506
18.6014 34.7645 42.5758 0.000985123 -0.850169 0.52651
19.7561 34.7655 42.5752 0.000988989 -0.850166 0.526513
20.8657 34.7664 42.5747 0.000993571 -0.850169 0.526509
21.9006 34.7673 42.5741 0.000984852 -0.850164 0.526517
23.0638 34.7683 42.5735 0.000986309 -0.85017 0.526507
24.1443 34.7692 42.573 0.000983296 -0.850173 0.526503
25.1683 34.77 42.5724 0.000986446 -0.850172 0.526505
26.1997 34.7709 42.5719 0.000993388 -0.850171 0.526505
27.2985 34.7718 42.5713 0.000988306 -0.850172 0.526504
28.4741 34.7728 42.5707 0.000986768 -0.850169 0.526509
29.5339 34.7737 42.5702 0.000984961 -0.850167 0.526512
30.5641 34.7746 42.5696 0.000992227 -0.850175 0.526499
31.649 34.7755 42.5691 0.000991977 -0.850173 0.526502
32.6753 34.7764 42.5685 0.000983824 -0.850165 0.526515
33.7556 34.7773 42.568 0.000987732 -0.850169 0.526509
34.838 34.7782 42.5674 0.000996244 -0.850171 0.526505
35.8443 34.779 42.5669 0.000991034 -0.850172 0.526505
36.8685 34.7799 42.5663 0.000983202 -0.850166 0.526513
37.9205 34.7808 42.5658 0.000994006 -0.850166 0.526514
39.1213 34.7818 42.5652 0.000982205 -0.850169 0.526509
40.292 34.7828 42.5646 0.000985493 -0.850164 0.526517
41.4392 34.7837 42.564 0.000982569 -0.850171 0.526506
42.4445 34.7846 42.5634 0.000982127 -0.850166 0.526514
43.4664 34.7854 42.5629 0.000993576 -0.850176 0.526497
44.5575 34.7864 42.5623 0.00101229 -0.850176 0.526498
45.5783 34.7872 42.5618 0.00100998 -0.850179 0.526493
46.6 34.7881 42.5612 0.00100253 -0.850173 0.526502
47.7013 34.789 42.5607 0.000991794 -0.850175 0.526499
47.9638 34.7893 42.5605 0.000988464 -0.850168 0.526511
48.0189 34.3197 41.8022 0.000989983 -0.85017 0.526508
46.9751 34.3188 41.8028 0.000996722 -0.850167 0.526512
45.9621 34.318 41.8033 0.000999732 -0.850173 0.526502
44.9534 34.3171 41.8038 0.00100989 -0.850166 0.526514
43.9014 34.3162 41.8044 0.00100868 -0.85017 0.526507
42.8562 34.3153 41.8049 0.000997442 -0.850168 0.52651
41.7814 34.3144 41.8055 0.000994206 -0.850164 0.526517
40.7572 34.3135 41.806 0.000987351 -0.85017 0.526508
39.6198 34.3126 41.8066 0.000987428 -0.850167 0.526512
38.6001 34.3117 41.8072 0.000993463 -0.850162 0.52652
37.5835 34.3109 41.8077 0.000995948 -0.850165 0.526516
36.4312 34.3099 41.8083 0.000994055 -0.850161 0.526523
35.3426 34.309 41.8088 0.000988848 -0.850172 0.526504
34.2628 34.3081 41.8094 0.000987346 -0.85017 0.526507
33.2493 34.3072 41.8099 0.00098877 -0.850169 0.526509
32.092 34.3063 41.8105 0.000989564 -0.850167 0.526513
30.9204 34.3053 41.8112 0.000985921 -0.850171 0.526506
29.871 34.3044 41.8117 0.000988416 -0.850168 0.526511
28.8487 34.3035 41.8122 0.000996823 -0.85017 0.526508
27.694 34.3026 41.8128 0.000988799 -0.850166 0.526513
26.5268 34.3016 41.8134 0.000981311 -0.85017 0.526507
25.4203 34.3007 41.814 0.000990745 -0.850168 0.52651
24.3546 34.2998 41.8146 0.000984695 -0.850167 0.526513
23.3531 34.2989 41.8151 0.000991598 -0.850167 0.526513
22.2941 34.298 41.8156 0.000981733 -0.850164 0.526518
21.1029 34.297 41.8163 0.00097679 -0.850169 0.526508
20.0543 34.2961 41.8168 0.000994757 -0.850168 0.526511
18.9566 34.2952 41.8174 0.000989216 -0.850176 0.526498
17.9203 34.2943 41.8179 0.00098207 -0.85017 0.526507
16.8713 34.2935 41.8185 0.000992222 -0.850169 0.526508
15.678 34.2925 41.8191 0.000990671 -0.850168 0.526511
14.6236 34.2916 41.8196 0.000988394 -0.850175 0.526499
13.621 34.2907 41.8202 0.000988512 -0.850166 0.526514
12.6037 34.2899 41.8207 0.000988073 -0.850162 0.52652
11.5869 34.289 41.8212 0.000989653 -0.850171 0.526505
10.5604 34.2882 41.8218 0.000994177 -0.850161 0.526521
9.45725 34.2872 41.8223 0.000991776 -0.850168 0.52651
8.26693 34.2862 41.8229 0.000993412 -0.850169 0.526509
7.24501 34.2854 41.8235 0.000990195 -0.850169 0.526509
6.06032 34.2844 41.8241 0.000990447 -0.850172 0.526504
5.04673 34.2835 41.8246 0.000995616 -0.85017 0.526507
4.00756 34.2826 41.8252 0.000986691 -0.850166 0.526513
2.96195 34.2818 41.8257 0.000982725 -0.850169 0.526509
1.93075 34.2809 41.8262 0.000985978 -0.850167 0.526513
1.99214 33.8114 41.0679 0.000987491 -0.850167 0.526512
3.01185 33.8122 41.0674 0.000982131 -0.850168 0.526511
4.10871 33.8131 41.0668 0.000993603 -0.850168 0.526511
5.1351 33.814 41.0663 0.000979835 -0.850171 0.526506
6.25477 33.8149 41.0657 0.000986349 -0.850163 0.526519
7.29191 33.8158 41.0652 0.000992407 -0.850164 0.526517
8.465 33.8168 41.0646 0.000988667 -0.850173 0.526503
9.51403 33.8177 41.064 0.000983168 -0.85017 0.526507
10.6765 33.8187 41.0634 0.00098584 -0.85017 0.526508
11.8378 33.8196 41.0628 0.000985417 -0.850166 0.526515
12.8387 33.8205 41.0623 0.000989543 -0.850169 0.526508
13.8586 33.8213 41.0618 0.000992288 -0.850169 0.52651
14.9238 33.8222 41.0612 0.000987566 -0.850169 0.526509
15.9702 33.8231 41.0607 0.000992622 -0.85017 0.526507
16.988 33.824 41.0601 0.000983732 -0.850171 0.526506
17.9936 33.8248 41.0596 0.0009779 -0.850168 0.52651
19.0445 33.8257 41.0591 0.000988982 -0.85017 0.526507
20.0505 33.8265 41.0585 0.000982086 -0.850167 0.526512
21.2114 33.8275 41.0579 0.000991804 -0.850173 0.526503
22.2917 33.8284 41.0574 0.000986994 -0.850171 0.526505
23.3696 33.8293 41.0568 0.00099568 -0.850172 0.526504
24.3733 33.8302 41.0563 0.000991904 -0.850173 0.526502
25.4663 33.8311 41.0557 0.000989666 -0.850172 0.526505
26.6391 33.8321 41.0551 0.000993398 -0.850169 0.526509
27.6679 33.8329 41.0546 0.000984922 -0.850172 0.526504
28.7293 33.8338 41.054 0.000996213 -0.850175 0.526499
29.8873 33.8348 41.0534 0.000988362 -0.850174 0.526501
30.9682 33.8357 41.0528 0.000979354 -0.850167 0.526512
32.0864 33.8367 41.0523 0.000986373 -0.850172 0.526504
33.1188 33.8375 41.0517 0.000987852 -0.850167 0.526512
34.2061 33.8384 41.0512 0.000992021 -0.850168 0.526511
35.2349 33.8393 41.0506 0.000987638 -0.850167 0.526512
36.3416 33.8402 41.05 0.000984206 -0.850165 0.526516
37.4138 33.8411 41.0495 0.000983797 -0.850167 0.526512
38.4701 33.842 41.0489 0.000984318 -0.850168 0.52651
39.5777 33.843 41.0484 0.000988966 -0.850166 0.526514
40.5813 33.8438 41.0478 0.000981215 -0.850165 0.526515
41.6389 33.8447 41.0473 0.000991384 -0.850171 0.526506
42.7298 33.8456 41.0467 0.00101543 -0.850171 0.526505
43.8428 33.8466 41.0461 0.001006 -0.850175 0.5265
45.0124 33.8476 41.0455 0.00100513 -0.850165 0.526516
46.0535 33.8484 41.045 0.000991837 -0.85017 0.526507
47.0928 33.8493 41.0444 0.000988407 -0.850169 0.526508
48.034 33.8501 41.0439 0.000986297 -0.850168 0.52651
47.9342 33.3804 40.2857 0.000990857 -0.850168 0.526511
46.8165 33.3795 40.2863 0.000985432 -0.850165 0.526516
45.7063 33.3785 40.2869 0.000981941 -0.850165 0.526515
44.6417 33.3776 40.2874 0.000988483 -0.850174 0.526502
43.4905 33.3767 40.288 0.00100764 -0.850172 0.526504
42.4342 33.3758 40.2886 0.00100374 -0.850173 0.526502
41.3136 33.3748 40.2892 0.000994852 -0.850167 0.526512
40.3031 33.374 40.2897 0.000985086 -0.850171 0.526506
39.1484 33.373 40.2903 0.000984839 -0.85017 0.526508
38.1356 33.3721 40.2908 0.000987617 -0.850163 0.526519
37.1201 33.3713 40.2914 0.000986539 -0.850177 0.526496
36.0542 33.3704 40.2919 0.000988587 -0.850173 0.526502
35.0133 33.3695 40.2925 0.000988531 -0.850169 0.526509
33.9867 33.3687 40.293 0.000990454 -0.850166 0.526514
32.9461 33.3678 40.2935 0.000993284 -0.850169 0.526508
31.8037 33.3668 40.2941 0.000986069 -0.850176 0.526497
30.6836 33.3659 40.2947 0.000988131 -0.850166 0.526514
29.5738 33.3649 40.2953 0.000991663 -0.850175 0.526499
28.5734 33.3641 40.2958 0.000984287 -0.850169 0.526508
27.5317 33.3632 40.2964 0.000992212 -0.850174 0.526502
26.448 33.3623 40.2969 0.000990844 -0.850169 0.526508
25.2932 33.3613 40.2975 0.000988886 -0.850166 0.526514
24.1421 33.3604 40.2981 0.00099064 -0.850174 0.526501
23.1367 33.3595 40.2986 0.000995555 -0.85017 0.526508
21.9437 33.3585 40.2993 0.000987967 -0.850172 0.526504
20.8557 33.3576 40.2998 0.000983643 -0.85017 0.526507
19.6964 33.3566 40.3004 0.000995229 -0.85017 0.526508
18.6566 33.3558 40.301 0.000988661 -0.850166 0.526514
17.6476 33.3549 40.3015 0.00099196 -0.850173 0.526503
16.5563 33.354 40.3021 0.00098981 -0.850164 0.526516
15.4295 33.353 40.3027 0.000998377 -0.850173 0.526503
14.411 33.3522 40.3032 0.000997476 -0.850175 0.526499
13.3958 33.3513 40.3037 0.000988206 -0.850169 0.526509
12.3311 33.3504 40.3043 0.000991247 -0.850171 0.526506
11.153 33.3495 40.3049 0.000994072 -0.850177 0.526496
10.0946 33.3486 40.3054 0.000990618 -0.850169 0.52651
9.01123 33.3477 40.306 0.000995652 -0.850169 0.526508
7.8817 33.3467 40.3066 0.000985712 -0.850164 0.526517
6.84587 33.3458 40.3071 0.000992054 -0.850174 0.526501
5.75579 33.3449 40.3077 0.000988907 -0.850165 0.526515
4.68239 33.344 40.3083 0.000991147 -0.850168 0.526511
3.5513 33.3431 40.3088 0.000983335 -0.85017 0.526507
2.42729 33.3421 40.3094 0.000984919 -0.850166 0.526513
2.03256 33.3418 40.3096 0.000981972 -0.850168 0.526511
2.02399 32.8722 39.5514 0.000995716 -0.85017 0.526507
3.18979 32.8732 39.5507 0.00098836 -0.850169 0.52651
4.23251 32.874 39.5502 0.000997645 -0.850169 0.52651
5.28697 32.8749 39.5497 0.00099619 -0.850169 0.526509
6.39774 32.8759 39.5491 0.000995967 -0.850171 0.526505
7.42016 32.8767 39.5485 0.000991193 -0.850168 0.52651
8.45212 32.8776 39.548 0.000997813 -0.850167 0.526512
9.51607 32.8785 39.5475 0.000991341 -0.850173 0.526502
10.6557 32.8794 39.5469 0.000994727 -0.850168 0.52651
11.7829 32.8804 39.5463 0.000990705 -0.850167 0.526512
12.9055 32.8813 39.5457 0.000990672 -0.85017 0.526507
14.0625 32.8823 39.5451 0.000989873 -0.850171 0.526506
15.1766 32.8832 39.5445 0.000979464 -0.850167 0.526513
16.1813 32.8841 39.544 0.000978828 -0.850169 0.526508
17.2548 32.885 39.5434 0.000986468 -0.850169 0.526509
18.27 32.8858 39.5429 0.000987198 -0.850166 0.526514
19.446 32.8868 39.5423 0.00099052 -0.850174 0.526501
20.6104 32.8878 39.5417 0.000989146 -0.850168 0.52651
21.7828 32.8888 39.5411 0.000990449 -0.850172 0.526505
22.8654 32.8897 39.5405 0.000996567 -0.85017 0.526508
23.9158 32.8906 39.54 0.000979117 -0.850166 0.526515
25.1561 32.8916 39.5393 0.000981478 -0.850171 0.526507
26.2062 32.8925 39.5388 0.000990778 -0.850167 0.526513
27.2799 32.8934 39.5382 0.000986176 -0.850169 0.526508
28.3025 32.8943 39.5377 0.000989094 -0.850172 0.526505
29.3865 32.8952 39.5371 0.000986504 -0.850174 0.526502
30.4262 32.8961 39.5366 0.000988653 -0.850175 0.5265
31.5589 32.897 39.536 0.000990503 -0.850163 0.526519
32.8035 32.8981 39.5353 0.000994458 -0.850172 0.526503
33.902 32.899 39.5348 0.000989037 -0.85017 0.526507
34.9912 32.8999 39.5342 0.000988043 -0.850169 0.526509
36.0892 32.9008 39.5336 0.000992314 -0.850167 0.526512
37.2512 32.9018 39.533 0.000992969 -0.850164 0.526517
38.3705 32.9027 39.5324 0.000992319 -0.850173 0.526502
39.42 32.9036 39.5319 0.00098999 -0.850168 0.52651
40.4582 32.9045 39.5313 0.000993504 -0.850163 0.526518
41.6214 32.9055 39.5307 0.000990342 -0.850172 0.526504
42.6917 32.9064 39.5302 0.00101759 -0.850179 0.526493
43.761 32.9073 39.5296 0.00100029 -0.850173 0.526502
44.9273 32.9083 39.529 0.0009925 -0.850172 0.526504
46.048 32.9092 39.5284 0.00100157 -0.850169 0.526509
47.1746 32.9102 39.5278 0.000988165 -0.850163 0.526519
48.0411 32.9109 39.5274 0.000994182 -0.850172 0.526505
47.9518 32.4412 38.7691 0.000982508 -0.850168 0.52651
46.8595 32.4403 38.7697 0.000988704 -0.850166 0.526514
45.8342 32.4394 38.7702 0.00098114 -0.850166 0.526515
44.8092 32.4386 38.7708 0.000984596 -0.850173 0.526502
43.78 32.4377 38.7713 0.00099414 -0.850164 0.526516
42.7487 32.4368 38.7719 0.00101477 -0.850175 0.5265
41.6459 32.4359 38.7724 0.00100876 -0.850172 0.526503
40.6136 32.435 38.773 0.000986776 -0.850168 0.526511
39.5835 32.4341 38.7735 0.000985239 -0.850168 0.526511
38.4646 32.4332 38.7741 0.000992628 -0.850167 0.526512
37.3457 32.4323 38.7747 0.000982216 -0.850168 0.52651
36.3338 32.4314 38.7752 0.000982386 -0.850169 0.526509
35.2714 32.4305 38.7758 0.000987001 -0.850171 0.526505
34.2137 32.4296 38.7763 0.000982822 -0.850173 0.526503
32.9959 32.4286 38.7769 0.000994287 -0.850169 0.526509
31.7966 32.4276 38.7776 0.000993395 -0.850168 0.526511
30.7943 32.4268 38.7781 0.000989591 -0.850172 0.526505
29.6968 32.4258 38.7787 0.000988238 -0.850168 0.526511
28.6622 32.425 38.7792 0.000982371 -0.850167 0.526512
27.5281 32.424 38.7798 0.00100768 -0.850174 0.526501
26.5078 32.4232 38.7803 0.000991017 -0.850168 0.526511
25.408 32.4222 38.7809 0.000977064 -0.850167 0.526512
24.2274 32.4212 38.7815 0.000979541 -0.85017 0.526507
23.1041 32.4203 38.7821 0.000993965 -0.850168 0.526511
22.0517 32.4194 38.7826 0.000988355 -0.850168 0.526511
20.9415 32.4185 38.7832 0.000988847 -0.850167 0.526513
19.9215 32.4176 38.7838 0.000984889 -0.85017 0.526508
18.9026 32.4168 38.7843 0.000989104 -0.850173 0.526502
17.824 32.4159 38.7848 0.000984079 -0.85017 0.526507
16.67 32.4149 38.7854 0.000994443 -0.850169 0.52651
15.6641 32.414 38.786 0.000980274 -0.850167 0.526512
14.601 32.4131 38.7865 0.000982069 -0.850164 0.526517
13.5073 32.4122 38.7871 0.000989699 -0.850169 0.526509
12.4352 32.4113 38.7877 0.000993063 -0.850171 0.526506
11.4255 32.4105 38.7882 0.000984808 -0.850168 0.52651
10.2384 32.4095 38.7888 0.000982975 -0.850171 0.526506
9.11947 32.4085 38.7894 0.000991936 -0.850164 0.526516
7.96289 32.4076 38.79 0.00098251 -0.850167 0.526512
6.88986 32.4067 38.7905 0.000991454 -0.850168 0.52651
5.71962 32.4057 38.7911 0.000989046 -0.850168 0.526511
4.54904 32.4047 38.7918 0.00099176 -0.850169 0.52651
3.53768 32.4038 38.7923 0.000983429 -0.850171 0.526506
2.4492 32.4029 38.7929 0.000990196 -0.850172 0.526505
2.08715 32.4026 38.793 0.000990632 -0.850171 0.526506
2.03312 31.933 38.0348 0.000991891 -0.850171 0.526506
3.06069 31.9338 38.0343 0.000983283 -0.850169 0.526509
4.19525 31.9348 38.0337 0.000992167 -0.850165 0.526515
5.21606 31.9357 38.0331 0.000983985 -0.850169 0.526509
6.27099 31.9365 38.0326 0.000988712 -0.850169 0.526509
7.48815 31.9376 38.0319 0.000983091 -0.850159 0.526524
8.52548 31.9384 38.0314 0.000985603 -0.850166 0.526513
9.53453 31.9393 38.0309 0.000986847 -0.85017 0.526508
10.6003 31.9402 38.0303 0.000992404 -0.850174 0.526502
11.6304 31.941 38.0298 0.000986184 -0.850169 0.52651
12.7723 31.942 38.0292 0.00098996 -0.850173 0.526502
13.8357 31.9429 38.0286 0.000998148 -0.850168 0.526511
14.9357 31.9438 38.0281 0.00098722 -0.850169 0.526509
16.0384 31.9448 38.0275 0.000987005 -0.850172 0.526505
17.1128 31.9457 38.0269 0.000990195 -0.850172 0.526505
18.2036 31.9466 38.0264 0.000989041 -0.850168 0.52651
19.229 31.9474 38.0258 0.000988883 -0.850171 0.526505
20.2492 31.9483 38.0253 0.000985634 -0.850167 0.526512
21.3783 31.9492 38.0247 0.000991609 -0.85017 0.526507
22.5254 31.9502 38.0241 0.000985322 -0.850169 0.52651
23.6782 31.9512 38.0235 0.000987423 -0.850165 0.526515
24.8145 31.9521 38.0229 0.000991448 -0.850173 0.526502
25.8851 31.953 38.0224 0.000980371 -0.850164 0.526516
26.9182 31.9539 38.0218 0.000994465 -0.850166 0.526514
28.0305 31.9548 38.0213 0.000988388 -0.850168 0.526511
29.1168 31.9557 38.0207 0.000983605 -0.850168 0.52651
30.2063 31.9567 38.0201 0.000985343 -0.85017 0.526508
31.3309 31.9576 38.0195 0.00099589 -0.850173 0.526502
32.5582 31.9586 38.0189 0.000987614 -0.850168 0.526511
33.5586 31.9595 38.0184 0.00099407 -0.850163 0.526519
34.5695 31.9603 38.0178 0.000988407 -0.850172 0.526505
35.6412 31.9612 38.0173 0.000988375 -0.850167 0.526512
36.7762 31.9622 38.0167 0.000991279 -0.850166 0.526514
37.7928 31.963 38.0162 0.000985665 -0.850172 0.526504
38.8257 31.9639 38.0156 0.000990585 -0.85017 0.526507
39.9502 31.9648 38.0151 0.00099152 -0.850172 0.526505
41.0477 31.9658 38.0145 0.00100504 -0.850166 0.526514
42.1195 31.9667 38.0139 0.00100931 -0.850171 0.526505
43.1884 31.9676 38.0133 0.000995153 -0.850168 0.52651
44.2788 31.9685 38.0128 0.00098656 -0.850168 0.526511
45.3328 31.9694 38.0122 0.000988303 -0.850171 0.526505
46.4512 31.9703 38.0116 0.000988886 -0.850167 0.526512
47.6271 31.9713 38.011 0.000984432 -0.850167 0.526513
47.884 31.9716 38.0109 0.000989537 -0.850164 0.526517
47.8958 31.502 37.2526 0.000986893 -0.850164 0.526517
46.7511 31.501 37.2532 0.000991877 -0.850166 0.526514
45.6763 31.5001 37.2538 0.000994626 -0.850165 0.526515
44.6536 31.4992 37.2543 0.000991893 -0.850165 0.526515
43.5839 31.4983 37.2549 0.00098783 -0.850167 0.526511
42.4254 31.4974 37.2555 0.000984169 -0.850168 0.52651
41.2532 31.4964 37.2561 0.00100001 -0.850171 0.526506
40.0958 31.4954 37.2567 0.00100276 -0.850167 0.526511
39.0942 31.4945 37.2572 0.000993817 -0.850168 0.526511
38.0398 31.4936 37.2578 0.00098095 -0.850167 0.526513
36.9546 31.4927 37.2583 0.000985885 -0.850167 0.526512
35.9359 31.4919 37.2589 0.00098661 -0.850169 0.526509
34.8878 31.491 37.2594 0.000987596 -0.850169 0.526509
33.8544 31.4901 37.2599 0.000990821 -0.850164 0.526517
32.8316 31.4893 37.2605 0.000989276 -0.850172 0.526504
31.8097 31.4884 37.261 0.000987884 -0.850171 0.526506
30.6723 31.4875 37.2616 0.000989539 -0.850167 0.526512
29.5356 31.4865 37.2622 0.000992496 -0.85017 0.526508
28.514 31.4856 37.2627 0.000990759 -0.850169 0.526508
27.4281 31.4847 37.2633 0.000994515 -0.850171 0.526506
26.4153 31.4839 37.2638 0.000990346 -0.850172 0.526505
25.4038 31.483 37.2643 0.000987296 -0.85017 0.526508
24.3933 31.4822 37.2649 0.000988203 -0.85017 0.526508
23.2811 31.4812 37.2654 0.000991418 -0.850169 0.526509
22.1495 31.4803 37.266 0.000987322 -0.85017 0.526507
21.0924 31.4794 37.2666 0.000984921 -0.850166 0.526514
19.9977 31.4785 37.2672 0.000989614 -0.850169 0.526509
18.7597 31.4774 37.2678 0.000991358 -0.850169 0.52651
17.6639 31.4765 37.2684 0.000990811 -0.850169 0.52651
16.635 31.4757 37.2689 0.000991538 -0.850169 0.526509
15.6305 31.4748 37.2694 0.00099174 -0.850169 0.526509
14.5231 31.4739 37.27 0.000986611 -0.850168 0.526511
13.4505 31.473 37.2706 0.000986756 -0.850169 0.52651
12.4098 31.4721 37.2711 0.000992357 -0.850171 0.526505
11.3453 31.4712 37.2717 0.000984517 -0.85017 0.526508
10.3114 31.4703 37.2722 0.000991229 -0.85017 0.526507
9.26983 31.4695 37.2727 0.000985375 -0.850166 0.526514
8.20961 31.4686 37.2733 0.000988626 -0.85017 0.526507
7.15772 31.4677 37.2738 0.000986869 -0.850166 0.526514
6.15386 31.4668 37.2744 0.00098427 -0.850168 0.52651
5.12612 31.466 37.2749 0.000988717 -0.850172 0.526503
4.04105 31.4651 37.2755 0.000990931 -0.850171 0.526505
2.93535 31.4641 37.276 0.000995066 -0.850167 0.526513
2.03875 31.4634 37.2765 0.000988769 -0.850169 0.526509
2.06117 30.9938 36.5182 0.000988549 -0.850169 0.526508
3.08423 30.9947 36.5177 0.000989667 -0.850168 0.526511
4.16651 30.9956 36.5171 0.000988225 -0.850168 0.52651
5.27983 30.9965 36.5165 0.000991624 -0.850168 0.52651
6.29276 30.9974 36.516 0.000985317 -0.850168 0.526511
7.39381 30.9983 36.5154 0.000984801 -0.850168 0.526511
8.4782 30.9992 36.5149 0.000989114 -0.850167 0.526512
9.53916 31.0001 36.5143 0.000996281 -0.850171 0.526506
10.6338 31.001 36.5137 0.000991503 -0.850166 0.526513
11.6725 31.0019 36.5132 0.000986219 -0.85017 0.526508
12.7114 31.0028 36.5127 0.000987465 -0.850168 0.526511
13.7199 31.0036 36.5121 0.000988007 -0.85017 0.526507
14.7764 31.0045 36.5116 0.000990707 -0.85017 0.526508
15.7781 31.0053 36.5111 0.000984689 -0.850169 0.52651
16.7874 31.0062 36.5105 0.000986254 -0.850167 0.526512
17.8546 31.0071 36.51 0.00098352 -0.850168 0.526511
18.9389 31.008 36.5094 0.000990152 -0.850167 0.526511
19.988 31.0089 36.5089 0.00098719 -0.850171 0.526505
21.1253 31.0098 36.5083 0.000985084 -0.850168 0.526511
22.1563 31.0107 36.5078 0.000985586 -0.850167 0.526513
23.2001 31.0116 36.5072 0.000987184 -0.850169 0.526508
24.4009 31.0126 36.5066 0.000986965 -0.850166 0.526514
25.452 31.0135 36.506 0.000992924 -0.850165 0.526515
26.5471 31.0144 36.5055 0.000990282 -0.850169 0.526509
27.5683 31.0152 36.5049 0.000981628 -0.850168 0.52651
28.5703 31.0161 36.5044 0.00099389 -0.850171 0.526506
29.6969 31.017 36.5038 0.00098965 -0.850166 0.526513
30.9224 31.0181 36.5032 0.000987964 -0.850165 0.526516
32.0247 31.019 36.5026 0.000989442 -0.850167 0.526512
33.1198 31.0199 36.502 0.000984239 -0.85017 0.526508
34.2587 31.0209 36.5015 0.000983502 -0.850168 0.526511
35.3513 31.0218 36.5009 0.000984238 -0.850165 0.526515
36.3517 31.0226 36.5004 0.000989174 -0.850165 0.526516
37.5098 31.0236 36.4998 0.00099082 -0.850165 0.526515
38.5411 31.0245 36.4992 0.000992359 -0.850168 0.526511
39.5819 31.0253 36.4987 0.000997596 -0.850169 0.526508
40.5887 31.0262 36.4982 0.00100359 -0.850176 0.526498
41.6122 31.0271 36.4976 0.000993613 -0.850168 0.52651
42.7622 31.028 36.497 0.00098764 -0.850167 0.526512
43.9211 31.029 36.4964 0.000986838 -0.85017 0.526507
45.0651 31.03 36.4958 0.000992717 -0.850168 0.526511
46.2006 31.0309 36.4952 0.000987102 -0.850168 0.526511
47.2285 31.0318 36.4947 0.000987741 -0.850165 0.526516
47.941 31.0324 36.4943 0.000990145 -0.850168 0.526511
47.9468 30.5628 35.736 0.000992942 -0.850167 0.526513
46.877 30.5619 35.7366 0.000991988 -0.850164 0.526518
45.8611 30.561 35.7371 0.00099057 -0.850169 0.526509
44.7734 30.5601 35.7377 0.000987928 -0.850164 0.526517
43.6097 30.5591 35.7383 0.000989329 -0.850166 0.526514
42.4977 30.5582 35.7389 0.000987694 -0.850167 0.526512
41.3919 30.5573 35.7394 0.000986721 -0.850165 0.526516
40.262 30.5563 35.74 0.00100207 -0.850173 0.526503
39.21 30.5554 35.7406 0.00100469 -0.85017 0.526507
38.155 30.5545 35.7411 0.00098692 -0.850166 0.526514
37.123 30.5537 35.7417 0.000982221 -0.850169 0.526509
36.0841 30.5528 35.7422 0.000986975 -0.850166 0.526514
34.9225 30.5518 35.7428 0.000984889 -0.850167 0.526512
33.8722 30.5509 35.7434 0.000993672 -0.850166 0.526513
32.7753 30.55 35.7439 0.000988025 -0.850165 0.526515
31.7255 30.5491 35.7445 0.000987901 -0.850169 0.526509
30.6855 30.5483 35.745 0.000982688 -0.850166 0.526513
29.5203 30.5473 35.7456 0.000987076 -0.850167 0.526512
28.5078 30.5464 35.7462 0.000987471 -0.850169 0.52651
27.4821 30.5456 35.7467 0.000978323 -0.850168 0.52651
26.3365 30.5446 35.7473 0.000995018 -0.850169 0.52651
25.1532 30.5436 35.7479 0.000984517 -0.850167 0.526512
24.1158 30.5427 35.7484 0.000978541 -0.850166 0.526513
23.098 30.5419 35.749 0.000989106 -0.850168 0.526511
22.0863 30.541 35.7495 0.000984078 -0.850172 0.526504
21.0406 30.5402 35.7501 0.000986377 -0.850168 0.526511
19.9369 30.5392 35.7506 0.000991887 -0.85017 0.526508
18.8047 30.5383 35.7512 0.000988135 -0.85017 0.526507
17.6838 30.5373 35.7518 0.000989784 -0.850169 0.526509
16.592 30.5364 35.7524 0.000990297 -0.850171 0.526506
15.5895 30.5356 35.7529 0.000991709 -0.850168 0.526511
14.5873 30.5347 35.7534 0.000990468 -0.85017 0.526508
13.5268 30.5338 35.754 0.000983661 -0.850165 0.526515
12.494 30.533 35.7545 0.000985802 -0.85017 0.526508
11.4703 30.5321 35.755 0.000989425 -0.850169 0.526509
10.4169 30.5312 35.7556 0.000987417 -0.85017 0.526507
9.32423 30.5303 35.7562 0.000992588 -0.850168 0.526511
8.28745 30.5294 35.7567 0.000987726 -0.850169 0.526509
7.27191 30.5286 35.7572 0.000986696 -0.850171 0.526505
6.2495 30.5277 35.7578 0.000990657 -0.850167 0.526512
5.15578 30.5268 35.7583 0.000991405 -0.850171 0.526506
4.0668 30.5259 35.7589 0.000990387 -0.850171 0.526506
3.01179 30.525 35.7594 0.000989652 -0.850166 0.526514
1.96888 30.5241 35.76 0.000989489 -0.850169 0.526509
2.07071 30.0546 35.0016 0.000989806 -0.850171 0.526506
3.09174 30.0555 35.0011 0.000987851 -0.850168 0.526511
4.11539 30.0563 35.0006 0.000991199 -0.850172 0.526505
5.16481 30.0572 35 0.000993292 -0.850167 0.526512
6.19826 30.0581 34.9995 0.000983771 -0.850166 0.526513
7.31043 30.059 34.9989 0.000992145 -0.850167 0.526512
8.39298 30.0599 34.9984 0.000987566 -0.850168 0.526511
9.43162 30.0608 34.9978 0.000986787 -0.850171 0.526506
10.4632 30.0617 34.9973 0.00098734 -0.85017 0.526507
11.4699 30.0625 34.9968 0.00098678 -0.850169 0.52651
12.6109 30.0635 34.9962 0.000989016 -0.850167 0.526512
13.6468 30.0643 34.9956 0.000990908 -0.850168 0.526511
14.6941 30.0652 34.9951 0.000982548 -0.850168 0.526511
15.7275 30.0661 34.9945 0.000986873 -0.850167 0.526513
16.8437 30.067 34.994 0.000994752 -0.850172 0.526504
17.9051 30.0679 34.9934 0.000981659 -0.850168 0.52651
18.9905 30.0688 34.9928 0.000990853 -0.850169 0.526509
20.0784 30.0697 34.9923 0.000990527 -0.85017 0.526508
21.2135 30.0707 34.9917 0.000990274 -0.85017 0.526508
22.2738 30.0716 34.9911 0.000996688 -0.850168 0.52651
23.2773 30.0724 34.9906 0.000988122 -0.85017 0.526507
24.439 30.0734 34.99 0.000994067 -0.850172 0.526504
25.4861 30.0743 34.9895 0.000997137 -0.850172 0.526505
26.5723 30.0752 34.9889 0.000987611 -0.850167 0.526512
27.5727 30.076 34.9884 0.000985882 -0.850171 0.526506
28.6194 30.0769 34.9878 0.000985279 -0.850168 0.526511
29.6288 30.0778 34.9873 0.000988395 -0.850169 0.526509
30.6683 30.0786 34.9868 0.000985678 -0.850168 0.52651
31.7526 30.0795 34.9862 0.000987933 -0.850167 0.526512
32.8588 30.0805 34.9856 0.000988644 -0.850169 0.526509
33.9295 30.0814 34.9851 0.000984924 -0.850168 0.52651
35.002 30.0823 34.9845 0.000978365 -0.850167 0.526513
36.1535 30.0832 34.9839 0.000986404 -0.850168 0.526511
37.1727 30.0841 34.9834 0.000985169 -0.850169 0.526508
38.3039 30.0851 34.9828 0.000995124 -0.85017 0.526508
39.3134 30.0859 34.9823 0.00100902 -0.850179 0.526493
40.3617 30.0868 34.9817 0.000990859 -0.850163 0.526518
41.4299 30.0877 34.9811 0.000988433 -0.850165 0.526515
42.5656 30.0887 34.9806 0.000991587 -0.850167 0.526512
43.776 30.0897 34.9799 0.0009911 -0.850169 0.526508
44.9112 30.0906 34.9793 0.000989682 -0.850167 0.526512
45.9158 30.0915 34.9788 0.00099189 -0.850169 0.526508
46.9899 30.0924 34.9782 0.000986692 -0.850168 0.52651
47.9795 30.0932 34.9777 0.000986673 -0.850168 0.52651
47.8413 29.6235 34.2195 0.000992221 -0.850167 0.526513
46.635 29.6225 34.2202 0.000991264 -0.850168 0.526511
45.5042 29.6215 34.2207 0.000990024 -0.850166 0.526513
44.4612 29.6206 34.2213 0.000990781 -0.850165 0.526516
43.3254 29.6197 34.2219 0.000993239 -0.850166 0.526513
42.1396 29.6187 34.2225 0.000994851 -0.850166 0.526514
40.9716 29.6177 34.2231 0.000983199 -0.850166 0.526513
39.8942 29.6168 34.2237 0.000994269 -0.850167 0.526513
38.8073 29.6159 34.2242 0.00100114 -0.850173 0.526502
37.7591 29.615 34.2248 0.000990321 -0.85017 0.526507
36.6831 29.6141 34.2254 0.000983186 -0.85017 0.526508
35.5975 29.6132 34.2259 0.000988609 -0.850168 0.52651
34.5653 29.6123 34.2265 0.000980389 -0.850169 0.526509
33.5302 29.6114 34.227 0.000991407 -0.85017 0.526508
32.4745 29.6106 34.2275 0.000982673 -0.850166 0.526514
31.3099 29.6096 34.2281 0.000985064 -0.850169 0.526509
30.2766 29.6087 34.2287 0.000984282 -0.850173 0.526502
29.1655 29.6078 34.2293 0.000986065 -0.850167 0.526512
28.0359 29.6068 34.2298 0.00098392 -0.850166 0.526514
27.0169 29.606 34.2304 0.000988019 -0.850169 0.52651
25.952 29.6051 34.2309 0.000989535 -0.850171 0.526506
24.824 29.6041 34.2315 0.00099228 -0.850167 0.526513
23.6694 29.6032 34.2321 0.000989116 -0.850172 0.526503
22.5857 29.6022 34.2327 0.000995465 -0.850171 0.526506
21.5606 29.6014 34.2332 0.00099403 -0.850171 0.526506
20.4646 29.6005 34.2338 0.00099806 -0.850171 0.526506
19.4204 29.5996 34.2343 0.00099044 -0.850171 0.526506
18.3396 29.5987 34.2349 0.000989978 -0.850171 0.526505
17.2807 29.5978 34.2354 0.000988663 -0.850172 0.526504
16.2758 29.5969 34.236 0.000989589 -0.850169 0.526508
15.1939 29.596 34.2365 0.000992623 -0.850168 0.52651
14.1208 29.5951 34.2371 0.00098304 -0.850168 0.526511
13.071 29.5942 34.2376 0.000987418 -0.850166 0.526514
12.0338 29.5934 34.2382 0.000990991 -0.850168 0.52651
10.9724 29.5925 34.2387 0.000994055 -0.850169 0.526509
9.91398 29.5916 34.2393 0.000989594 -0.850167 0.526512
8.7327 29.5906 34.2399 0.000992348 -0.85017 0.526507
7.71368 29.5897 34.2404 0.000989849 -0.85017 0.526507
6.53131 29.5887 34.241 0.000986873 -0.85017 0.526508
5.40775 29.5878 34.2416 0.00099146 -0.850168 0.526511
4.38276 29.5869 34.2422 0.000994643 -0.850174 0.526501
3.36036 29.5861 34.2427 0.000988507 -0.850167 0.526511
2.30995 29.5852 34.2432 0.000989918 -0.850171 0.526505
1.97646 29.5849 34.2434 0.000986562 -0.850171 0.526505
2.06333 29.1154 33.4851 0.000987147 -0.850172 0.526503
3.08158 29.1162 33.4846 0.000993702 -0.85017 0.526507
4.106 29.1171 33.484 0.000991709 -0.850171 0.526506
5.14749 29.118 33.4835 0.000988767 -0.850168 0.526511
6.18072 29.1188 33.4829 0.000988786 -0.850171 0.526506
7.23226 29.1197 33.4824 0.000987453 -0.850166 0.526514
8.27818 29.1206 33.4819 0.000996057 -0.85017 0.526507
9.49248 29.1216 33.4812 0.000987862 -0.850169 0.526509
10.5503 29.1225 33.4807 0.000990415 -0.850167 0.526513
11.5602 29.1234 33.4801 0.000989486 -0.850167 0.526512
12.5627 29.1242 33.4796 0.000995145 -0.85017 0.526508
13.659 29.1251 33.4791 0.00098554 -0.850168 0.526511
14.7491 29.1261 33.4785 0.000987455 -0.850166 0.526514
15.7922 29.1269 33.4779 0.000986681 -0.850166 0.526514
16.8395 29.1278 33.4774 0.000992259 -0.850171 0.526506
17.8916 29.1287 33.4768 0.000985812 -0.85017 0.526508
18.9527 29.1296 33.4763 0.000990011 -0.850171 0.526506
20.0215 29.1305 33.4757 0.000985906 -0.850168 0.526511
21.0952 29.1314 33.4752 0.000986216 -0.850168 0.52651
22.1675 29.1323 33.4746 0.000992471 -0.85017 0.526508
23.237 29.1332 33.4741 0.000990245 -0.850167 0.526512
24.3975 29.1342 33.4735 0.000983175 -0.850168 0.526511
25.4192 29.135 33.4729 0.000987194 -0.850174 0.5265
26.5251 29.136 33.4724 0.000984345 -0.85017 0.526508
27.5282 29.1368 33.4718 0.000988241 -0.850167 0.526512
28.5428 29.1376 33.4713 0.000990123 -0.850169 0.526509
29.6797 29.1386 33.4707 0.000984208 -0.850166 0.526514
30.6927 29.1395 33.4702 0.000986634 -0.85017 0.526508
31.7102 29.1403 33.4697 0.00098791 -0.850166 0.526513
32.8611 29.1413 33.4691 0.000988342 -0.850167 0.526512
33.8744 29.1421 33.4685 0.000986324 -0.850168 0.526511
34.9139 29.143 33.468 0.000987875 -0.850168 0.52651
36.0145 29.1439 33.4674 0.000983221 -0.850169 0.526509
37.0261 29.1448 33.4669 0.000993559 -0.850169 0.52651
38.106 29.1457 33.4663 0.00101929 -0.850172 0.526505
39.1423 29.1466 33.4658 0.000990461 -0.850175 0.5265
40.2267 29.1475 33.4652 0.000995028 -0.850164 0.526517
41.2311 29.1483 33.4647 0.000990401 -0.850165 0.526515
42.2863 29.1492 33.4641 0.000988853 -0.850161 0.526522
43.4608 29.1502 33.4635 0.000987475 -0.850168 0.526511
44.5877 29.1511 33.4629 0.000983796 -0.850167 0.526512
45.6251 29.152 33.4624 0.000988281 -0.850172 0.526504
46.8366 29.153 33.4618 0.000989808 -0.850167 0.526513
47.8203 29.1539 33.4613 0.000986303 -0.850168 0.52651
47.8683 28.6843 32.703 0.000983866 -0.850168 0.526511
46.8168 28.6834 32.7035 0.000989931 -0.850166 0.526514
45.7105 28.6825 32.7041 0.000991481 -0.850167 0.526512
44.6511 28.6816 32.7046 0.000991773 -0.850166 0.526513
43.6382 28.6807 32.7052 0.000988642 -0.850168 0.52651
42.5552 28.6798 32.7057 0.000992715 -0.850168 0.52651
41.5402 28.679 32.7063 0.000988451 -0.850165 0.526515
40.3778 28.678 32.7069 0.000992549 -0.85017 0.526508
39.3163 28.6771 32.7074 0.000985882 -0.850164 0.526517
38.2974 28.6762 32.7079 0.000998716 -0.850166 0.526514
37.1242 28.6753 32.7086 0.000995962 -0.85017 0.526507
35.9468 28.6743 32.7092 0.000983904 -0.850169 0.526509
34.9387 28.6734 32.7097 0.000990731 -0.850165 0.526516
33.9198 28.6726 32.7102 0.000987635 -0.850169 0.526509
32.8033 28.6716 32.7108 0.000987546 -0.850167 0.526512
31.7443 28.6707 32.7114 0.000986851 -0.850168 0.526511
30.6533 28.6698 32.7119 0.000991944 -0.850167 0.526513
29.5294 28.6689 32.7125 0.000993156 -0.850166 0.526514
28.4026 28.6679 32.7131 0.0009879 -0.850168 0.526511
27.2347 28.6669 32.7137 0.000985999 -0.850171 0.526506
26.2139 28.6661 32.7142 0.00099028 -0.850167 0.526512
25.0689 28.6651 32.7148 0.000986966 -0.850168 0.526511
23.9626 28.6642 32.7154 0.000989622 -0.850167 0.526512
22.8208 28.6632 32.716 0.00099189 -0.850168 0.526511
21.7048 28.6623 32.7166 0.000995309 -0.850168 0.52651
20.6383 28.6614 32.7171 0.000991169 -0.85017 0.526507
19.5934 28.6605 32.7177 0.000988405 -0.850171 0.526506
18.5412 28.6596 32.7182 0.000986013 -0.850168 0.526511
17.4824 28.6587 32.7188 0.000987152 -0.850169 0.526509
16.4216 28.6579 32.7193 0.000987472 -0.850169 0.526509
15.3631 28.657 32.7199 0.000980743 -0.850166 0.526514
14.3233 28.6561 32.7204 0.000989574 -0.850169 0.52651
13.312 28.6552 32.721 0.000994603 -0.850171 0.526506
12.279 28.6544 32.7215 0.00098879 -0.850169 0.526509
11.2036 28.6535 32.7221 0.00098832 -0.850164 0.526517
10.1922 28.6526 32.7226 0.000989641 -0.850172 0.526503
9.10432 28.6517 32.7231 0.00098692 -0.850169 0.526509
8.10233 28.6509 32.7237 0.000986221 -0.850167 0.526512
7.02527 28.65 32.7242 0.000985901 -0.850171 0.526506
5.90349 28.649 32.7248 0.000991237 -0.850168 0.526511
4.86907 28.6481 32.7254 0.000989938 -0.850171 0.526506
3.85585 28.6473 32.7259 0.000988151 -0.850168 0.52651
2.80655 28.6464 32.7264 0.000989105 -0.850169 0.526508
2.00609 28.6457 32.7268 0.000989025 -0.850169 0.526508
2.03791 28.1762 31.9685 0.00099105 -0.850167 0.526512
3.06676 28.177 31.968 0.000991178 -0.850168 0.52651
4.08349 28.1779 31.9675 0.000991189 -0.85017 0.526507
5.12385 28.1788 31.9669 0.000986996 -0.850165 0.526515
6.17304 28.1796 31.9664 0.000988006 -0.850169 0.526508
7.20072 28.1805 31.9659 0.000987808 -0.850168 0.52651
8.21638 28.1814 31.9653 0.000990047 -0.850168 0.526511
9.28334 28.1823 31.9648 0.000985993 -0.85017 0.526507
10.499 28.1833 31.9641 0.000989043 -0.85017 0.526508
11.6025 28.1842 31.9636 0.000992446 -0.850168 0.52651
12.6269 28.1851 31.963 0.00098764 -0.850172 0.526505
13.6394 28.1859 31.9625 0.000990471 -0.85017 0.526507
14.6744 28.1868 31.962 0.000990826 -0.850171 0.526506
15.7221 28.1877 31.9614 0.000991073 -0.850168 0.52651
16.8134 28.1886 31.9608 0.000991433 -0.85017 0.526507
17.8721 28.1895 31.9603 0.000985833 -0.850169 0.526509
18.8971 28.1903 31.9598 0.000992669 -0.850171 0.526506
20.0044 28.1913 31.9592 0.000992986 -0.850168 0.52651
21.0888 28.1922 31.9586 0.000986908 -0.850169 0.526509
22.1266 28.1931 31.9581 0.000987657 -0.850166 0.526514
23.1364 28.1939 31.9576 0.000992474 -0.850169 0.52651
24.2901 28.1949 31.957 0.000985311 -0.850169 0.52651
25.3129 28.1957 31.9564 0.000986521 -0.850167 0.526513
26.317 28.1966 31.9559 0.000986112 -0.850169 0.526509
27.3575 28.1974 31.9554 0.000983214 -0.85017 0.526507
28.4398 28.1984 31.9548 0.000983828 -0.850169 0.52651
29.5101 28.1993 31.9542 0.000989538 -0.850168 0.526511
30.6125 28.2002 31.9537 0.000987995 -0.850172 0.526505
31.6279 28.201 31.9531 0.000982181 -0.850169 0.52651
32.7113 28.2019 31.9526 0.000984957 -0.850167 0.526512
33.7999 28.2029 31.952 0.00098359 -0.850166 0.526514
34.8832 28.2038 31.9515 0.000989857 -0.850166 0.526514
35.9623 28.2047 31.9509 0.000987673 -0.850171 0.526506
37.0174 28.2056 31.9503 0.000997058 -0.850173 0.526502
38.0191 28.2064 31.9498 0.000987932 -0.850169 0.526509
39.0223 28.2073 31.9493 0.00098974 -0.850168 0.526511
40.061 28.2081 31.9487 0.000992593 -0.850167 0.526513
41.114 28.209 31.9482 0.000989586 -0.850168 0.52651
42.1969 28.2099 31.9476 0.000988651 -0.850167 0.526512
43.2027 28.2108 31.9471 0.000991128 -0.850169 0.526509
44.262 28.2117 31.9466 0.00098981 -0.850168 0.52651
45.339 28.2126 31.946 0.000990263 -0.850167 0.526512
46.4986 28.2135 31.9454 0.000991418 -0.850168 0.52651
47.5196 28.2144 31.9449 0.000991423 -0.850166 0.526514
48.0238 28.2148 31.9446 0.000987576 -0.850165 0.526515
48.0132 27.7452 31.1863 0.000992801 -0.850167 0.526512
46.9497 27.7443 31.1869 0.000988058 -0.850167 0.526511
45.7974 27.7433 31.1875 0.00099064 -0.850167 0.526512
44.6025 27.7423 31.1881 0.000992022 -0.850166 0.526513
43.3774 27.7413 31.1887 0.00099074 -0.850167 0.526513
42.2484 27.7404 31.1893 0.000992141 -0.850167 0.526513
41.1967 27.7395 31.1899 0.000986988 -0.850165 0.526515
40.094 27.7385 31.1905 0.000987969 -0.850168 0.526511
39.0719 27.7377 31.191 0.000992828 -0.850166 0.526514
38.0139 27.7368 31.1915 0.000992245 -0.85017 0.526508
37.0048 27.7359 31.1921 0.000991489 -0.85017 0.526507
35.9563 27.7351 31.1926 0.000997945 -0.850169 0.526509
34.8147 27.7341 31.1932 0.000989133 -0.850167 0.526513
33.5866 27.7331 31.1938 0.000987453 -0.850169 0.526508
32.5167 27.7322 31.1944 0.000986049 -0.850169 0.526508
31.4303 27.7313 31.195 0.000988215 -0.850169 0.526509
30.3529 27.7304 31.1955 0.000985681 -0.850168 0.52651
29.3069 27.7295 31.1961 0.000985892 -0.850168 0.526511
28.1701 27.7285 31.1967 0.000989054 -0.850167 0.526512
27.0823 27.7276 31.1972 0.000985354 -0.850168 0.526511
25.9404 27.7267 31.1978 0.000989108 -0.850167 0.526513
24.9105 27.7258 31.1984 0.000988641 -0.850168 0.526511
23.8158 27.7249 31.1989 0.000985484 -0.850167 0.526513
22.7835 27.724 31.1995 0.000990723 -0.850169 0.526509
21.6064 27.723 31.2001 0.000988964 -0.850167 0.526512
20.5085 27.7221 31.2006 0.000987298 -0.850169 0.526509
19.506 27.7212 31.2012 0.000992137 -0.85017 0.526508
18.4908 27.7204 31.2017 0.000991229 -0.850169 0.526509
17.443 27.7195 31.2022 0.000988882 -0.850171 0.526505
16.408 27.7186 31.2028 0.000989427 -0.850166 0.526513
15.364 27.7178 31.2033 0.00098784 -0.850169 0.526509
14.3497 27.7169 31.2039 0.000987314 -0.85017 0.526508
13.2547 27.716 31.2044 0.000986554 -0.850169 0.526509
12.2283 27.7151 31.205 0.000987405 -0.850169 0.526509
11.0694 27.7142 31.2056 0.000989395 -0.85017 0.526508
10.0134 27.7133 31.2061 0.000990315 -0.85017 0.526507
8.87252 27.7123 31.2067 0.000987837 -0.850169 0.526509
7.73494 27.7113 31.2073 0.000988109 -0.850168 0.52651
6.65498 27.7104 31.2079 0.000989715 -0.850168 0.526511
5.60908 27.7096 31.2084 0.000988375 -0.850168 0.526511
4.60398 27.7087 31.2089 0.000986239 -0.850169 0.526508
3.57488 27.7078 31.2095 0.000987413 -0.850168 0.526511
2.5221 27.707 31.21 0.000991262 -0.850169 0.526509
2.00672 27.7065 31.2103 0.000988099 -0.850169 0.526509
2.01641 27.2369 30.452 0.000990451 -0.85017 0.526507
3.05484 27.2378 30.4515 0.000992284 -0.850168 0.52651
4.06843 27.2387 30.4509 0.000991565 -0.85017 0.526508
5.10013 27.2395 30.4504 0.000991914 -0.85017 0.526507
6.13292 27.2404 30.4499 0.000988569 -0.85017 0.526508
7.14121 27.2412 30.4493 0.000991636 -0.850169 0.526509
8.36403 27.2423 30.4487 0.000989642 -0.85017 0.526508
9.52453 27.2432 30.4481 0.000987794 -0.850171 0.526506
10.7074 27.2442 30.4475 0.000990963 -0.850168 0.52651
11.8626 27.2452 30.4469 0.000990562 -0.850171 0.526506
12.8711 27.2461 30.4463 0.000987424 -0.850167 0.526512
13.9845 27.247 30.4458 0.000990096 -0.850167 0.526512
15.1398 27.248 30.4452 0.000988194 -0.850167 0.526513
16.2917 27.2489 30.4446 0.000991481 -0.850169 0.526509
17.3352 27.2498 30.444 0.000983395 -0.850166 0.526514
18.3776 27.2507 30.4435 0.000988598 -0.85017 0.526508
19.4587 27.2516 30.4429 0.000987694 -0.850168 0.52651
20.4712 27.2525 30.4424 0.000988054 -0.850168 0.526511
21.5195 27.2533 30.4418 0.000985749 -0.850168 0.52651
22.6152 27.2543 30.4413 0.000987868 -0.850168 0.526511
23.6538 27.2551 30.4407 0.000992186 -0.850167 0.526513
24.8119 27.2561 30.4401 0.000988854 -0.850169 0.526509
25.8194 27.2569 30.4396 0.000985119 -0.85017 0.526507
26.8889 27.2578 30.439 0.000985692 -0.850168 0.526511
27.9594 27.2587 30.4385 0.000986121 -0.850169 0.526509
29.1359 27.2597 30.4379 0.000983451 -0.850169 0.526509
30.2498 27.2607 30.4373 0.000987258 -0.850168 0.526511
31.3174 27.2616 30.4367 0.00098888 -0.85017 0.526507
32.3506 27.2624 30.4362 0.000991009 -0.85017 0.526508
33.3879 27.2633 30.4357 0.000985359 -0.850169 0.52651
34.5179 27.2642 30.4351 0.000990236 -0.850169 0.526509
35.6094 27.2652 30.4345 0.000991794 -0.85017 0.526508
36.6314 27.266 30.434 0.000995924 -0.850166 0.526513
37.7893 27.267 30.4334 0.000989874 -0.850169 0.526509
38.9393 27.268 30.4328 0.000987271 -0.850163 0.526518
39.9561 27.2688 30.4322 0.000985051 -0.850168 0.52651
41.0423 27.2697 30.4317 0.000990418 -0.850168 0.52651
42.105 27.2706 30.4311 0.000990124 -0.850168 0.52651
43.2017 27.2716 30.4306 0.000987146 -0.850167 0.526513
44.2944 27.2725 30.43 0.000984358 -0.850169 0.526509
45.3041 27.2733 30.4295 0.000989554 -0.850168 0.52651
46.4934 27.2743 30.4288 0.000993182 -0.850166 0.526514
47.4945 27.2752 30.4283 0.000991045 -0.850167 0.526513
48.015 27.2756 30.428 0.000988444 -0.850165 0.526516
48.0171 26.806 29.6698 0.00099153 -0.850169 0.526509
47.0069 26.8052 29.6703 0.000989251 -0.850165 0.526515
46.0003 26.8043 29.6708 0.000990617 -0.850166 0.526515
44.8911 26.8034 29.6714 0.000992783 -0.850167 0.526513
43.8629 26.8025 29.6719 0.000988148 -0.850168 0.52651
42.8156 26.8016 29.6725 0.00099086 -0.850165 0.526515
41.6284 26.8006 29.6731 0.000986729 -0.850164 0.526517
40.5877 26.7998 29.6736 0.000990061 -0.850167 0.526512
39.5451 26.7989 29.6742 0.000989822 -0.850168 0.52651
38.4997 26.798 29.6747 0.000991195 -0.850167 0.526512
37.4669 26.7971 29.6753 0.000991553 -0.850166 0.526513
36.3817 26.7962 29.6758 0.000988819 -0.850167 0.526512
35.3307 26.7953 29.6764 0.00099442 -0.850166 0.526513
34.1673 26.7943 29.677 0.000987671 -0.850168 0.52651
33.1645 26.7935 29.6775 0.000986886 -0.850167 0.526512
32.0043 26.7925 29.6781 0.000988356 -0.850167 0.526512
30.9163 26.7916 29.6787 0.000987908 -0.850167 0.526512
29.8637 26.7907 29.6792 0.000987591 -0.850167 0.526512
28.8543 26.7899 29.6797 0.000991003 -0.850168 0.526511
27.7992 26.789 29.6803 0.000985662 -0.850168 0.52651
26.7746 26.7881 29.6808 0.000987318 -0.85017 0.526507
25.6755 26.7872 29.6814 0.000985919 -0.850168 0.526511
24.641 26.7864 29.6819 0.000986264 -0.850167 0.526512
23.5866 26.7855 29.6825 0.000987388 -0.850166 0.526513
22.5415 26.7846 29.683 0.000986859 -0.850167 0.526513
21.4887 26.7837 29.6836 0.000988383 -0.850167 0.526512
20.4728 26.7829 29.6841 0.00098865 -0.850169 0.526509
19.3209 26.7819 29.6847 0.000988328 -0.85017 0.526507
18.3093 26.781 29.6852 0.000990481 -0.850167 0.526512
17.183 26.7801 29.6858 0.000986066 -0.850169 0.526509
16.1046 26.7792 29.6864 0.000993713 -0.85017 0.526508
14.9947 26.7782 29.687 0.000990585 -0.85017 0.526507
13.9179 26.7773 29.6875 0.000990449 -0.850171 0.526506
12.8921 26.7765 29.6881 0.000989933 -0.850169 0.526508
11.7894 26.7756 29.6886 0.00098302 -0.850168 0.52651
10.758 26.7747 29.6892 0.000990908 -0.850168 0.526511
9.70961 26.7738 29.6897 0.000985995 -0.850168 0.526511
8.65468 26.7729 29.6903 0.000991355 -0.85017 0.526507
7.5051 26.7719 29.6909 0.00099327 -0.85017 0.526507
6.37449 26.771 29.6914 0.000989477 -0.850169 0.526509
5.34167 26.7701 29.692 0.000989268 -0.850172 0.526504
4.33764 26.7693 29.6925 0.000987633 -0.85017 0.526508
3.29718 26.7684 29.693 0.000989976 -0.850168 0.526511
2.27933 26.7676 29.6936 0.000989778 -0.850169 0.526508
2.03058 26.7673 29.6937 0.000990854 -0.85017 0.526508
1.98599 26.2977 28.9355 0.000986591 -0.850169 0.526508
3.02624 26.2986 28.9349 0.000989963 -0.850169 0.526509
4.05804 26.2994 28.9344 0.000986115 -0.850168 0.526511
5.08467 26.3003 28.9338 0.00098856 -0.850167 0.526512
6.12123 26.3012 28.9333 0.000989017 -0.850169 0.52651
7.14317 26.302 28.9328 0.000990115 -0.850166 0.526513
8.15428 26.3029 28.9322 0.000991811 -0.850169 0.526508
9.16691 26.3037 28.9317 0.000993275 -0.850169 0.526509
10.2148 26.3046 28.9312 0.000989614 -0.850168 0.526511
11.3597 26.3056 28.9306 0.000989581 -0.850171 0.526506
12.5145 26.3066 28.93 0.000986578 -0.85017 0.526508
13.605 26.3075 28.9294 0.000987853 -0.850168 0.52651
14.7233 26.3084 28.9288 0.000992781 -0.850171 0.526506
15.8366 26.3094 28.9282 0.000989763 -0.85017 0.526507
16.857 26.3102 28.9277 0.00098997 -0.850168 0.52651
18.0172 26.3112 28.9271 0.000984523 -0.850168 0.52651
19.0313 26.312 28.9266 0.000987104 -0.850171 0.526506
20.148 26.313 28.926 0.000990133 -0.850165 0.526516
21.2141 26.3139 28.9254 0.000984005 -0.850169 0.526509
22.262 26.3147 28.9249 0.000986758 -0.850167 0.526511
23.3076 26.3156 28.9244 0.000985469 -0.850168 0.526511
24.3954 26.3165 28.9238 0.000990109 -0.850163 0.526518
25.4431 26.3174 28.9232 0.000988334 -0.850167 0.526513
26.5763 26.3184 28.9227 0.000987519 -0.850167 0.526512
27.6241 26.3193 28.9221 0.00098749 -0.85017 0.526508
28.8704 26.3203 28.9215 0.000987587 -0.850167 0.526512
29.9802 26.3212 28.9209 0.000989059 -0.850167 0.526511
31.1616 26.3222 28.9203 0.000985277 -0.850167 0.526512
32.1765 26.3231 28.9197 0.000986158 -0.850169 0.52651
33.3228 26.324 28.9191 0.000986397 -0.850167 0.526513
34.4678 26.325 28.9185 0.000991907 -0.850167 0.526513
35.5995 26.326 28.918 0.000993446 -0.850168 0.526511
36.6735 26.3269 28.9174 0.00098626 -0.850164 0.526517
37.7423 26.3278 28.9168 0.000995253 -0.850167 0.526513
38.7732 26.3286 28.9163 0.000984673 -0.850167 0.526512
39.7999 26.3295 28.9158 0.000986544 -0.850164 0.526517
40.8284 26.3304 28.9152 0.000990377 -0.850168 0.526511
41.8585 26.3312 28.9147 0.000988776 -0.850166 0.526513
42.9204 26.3321 28.9141 0.000991992 -0.850167 0.526512
44.0072 26.333 28.9136 0.000987592 -0.850168 0.526511
45.0144 26.3339 28.9131 0.00098798 -0.850168 0.526511
46.2006 26.3349 28.9124 0.000991913 -0.850168 0.52651
47.2342 26.3357 28.9119 0.000987478 -0.850165 0.526516
48.0107 26.3364 28.9115 0.000988189 -0.85017 0.526508
47.9839 25.8668 28.1532 0.000992617 -0.850165 0.526515
46.7489 25.8657 28.1539 0.000989374 -0.850168 0.52651
45.7252 25.8649 28.1544 0.000990866 -0.850165 0.526515
44.5944 25.8639 28.155 0.000993606 -0.850166 0.526514
43.5646 25.863 28.1555 0.000990546 -0.850166 0.526514
42.5153 25.8622 28.1561 0.000990658 -0.850168 0.52651
41.3986 25.8612 28.1567 0.000985954 -0.850167 0.526512
40.3895 25.8604 28.1572 0.00098821 -0.850168 0.526511
39.2954 25.8595 28.1578 0.000990191 -0.850167 0.526513
38.1434 25.8585 28.1584 0.00099117 -0.850166 0.526513
37.1367 25.8576 28.1589 0.000991333 -0.850169 0.52651
36.0269 25.8567 28.1595 0.000994174 -0.850166 0.526513
34.9692 25.8558 28.16 0.000988107 -0.850168 0.526511
33.9421 25.855 28.1605 0.000986585 -0.850168 0.52651
32.7521 25.854 28.1612 0.000985312 -0.850169 0.526509
31.6687 25.853 28.1617 0.000983531 -0.850169 0.526509
30.5827 25.8521 28.1623 0.000990421 -0.850166 0.526513
29.5385 25.8513 28.1628 0.00098932 -0.85017 0.526507
28.4188 25.8503 28.1634 0.000983725 -0.850169 0.526508
27.3925 25.8495 28.1639 0.000988948 -0.850167 0.526511
26.3292 25.8486 28.1645 0.000987493 -0.850168 0.526511
25.3118 25.8477 28.165 0.000989562 -0.85017 0.526508
24.2717 25.8468 28.1656 0.00098584 -0.850167 0.526513
23.25 25.846 28.1661 0.000991645 -0.850168 0.526511
22.207 25.8451 28.1666 0.000986041 -0.850168 0.52651
21.0611 25.8441 28.1672 0.000986989 -0.850172 0.526504
19.9976 25.8432 28.1678 0.000986626 -0.85017 0.526507
18.9831 25.8424 28.1683 0.000984828 -0.850173 0.526503
17.8766 25.8415 28.1689 0.000985572 -0.850171 0.526506
16.7783 25.8405 28.1695 0.00098963 -0.850169 0.526508
15.6966 25.8396 28.17 0.000989883 -0.850169 0.526509
14.5429 25.8387 28.1706 0.000985936 -0.850167 0.526513
13.509 25.8378 28.1712 0.000990594 -0.850169 0.526508
12.2962 25.8368 28.1718 0.000988282 -0.850168 0.526511
11.2429 25.8359 28.1723 0.000991147 -0.85017 0.526507
10.1746 25.835 28.1729 0.000993618 -0.850168 0.526511
9.00178 25.834 28.1735 0.00099193 -0.850169 0.526509
7.98284 25.8331 28.174 0.000993364 -0.85017 0.526508
6.88863 25.8322 28.1746 0.000990058 -0.85017 0.526507
5.84722 25.8313 28.1752 0.000990872 -0.850172 0.526504
4.83925 25.8305 28.1757 0.000986297 -0.850168 0.52651
3.80149 25.8296 28.1762 0.000987113 -0.850169 0.526508
2.78346 25.8288 28.1768 0.000988456 -0.850169 0.526509
2.03298 25.8281 28.1771 0.000987884 -0.850169 0.52651
1.97709 25.3585 27.4189 0.000987936 -0.850169 0.526508
3.04582 25.3594 27.4183 0.00098942 -0.850169 0.526509
4.05873 25.3602 27.4178 0.000986834 -0.850166 0.526514
5.08105 25.3611 27.4173 0.000985556 -0.850167 0.526512
6.12087 25.362 27.4167 0.000987839 -0.850169 0.52651
7.14335 25.3628 27.4162 0.000990905 -0.850166 0.526513
8.18332 25.3637 27.4157 0.000989942 -0.850166 0.526513
9.23581 25.3646 27.4151 0.000987282 -0.850167 0.526513
10.2423 25.3654 27.4146 0.000989302 -0.85017 0.526507
11.3044 25.3663 27.414 0.000987767 -0.850167 0.526513
12.3506 25.3672 27.4135 0.000989358 -0.850171 0.526506
13.3737 25.3681 27.413 0.000991797 -0.850165 0.526515
14.4546 25.369 27.4124 0.000992546 -0.850167 0.526512
15.5773 25.3699 27.4118 0.000987909 -0.850168 0.52651
16.5865 25.3708 27.4113 0.000986835 -0.850168 0.52651
17.6687 25.3717 27.4107 0.000991315 -0.850169 0.52651
18.8699 25.3727 27.4101 0.000990727 -0.850172 0.526504
19.881 25.3735 27.4096 0.000986628 -0.85017 0.526508
21.0895 25.3746 27.4089 0.000987286 -0.850166 0.526513
22.1615 25.3755 27.4084 0.000985923 -0.850169 0.526509
23.1814 25.3763 27.4079 0.000986235 -0.850167 0.526512
24.2555 25.3772 27.4073 0.000991395 -0.850169 0.52651
25.3266 25.3781 27.4067 0.00098603 -0.850169 0.526509
26.4079 25.379 27.4062 0.000983963 -0.850166 0.526514
27.4546 25.3799 27.4056 0.000985273 -0.850168 0.526511
28.4757 25.3808 27.4051 0.000989023 -0.850169 0.52651
29.5012 25.3816 27.4046 0.000986293 -0.850172 0.526504
30.5378 25.3825 27.404 0.000985447 -0.850171 0.526506
31.5943 25.3834 27.4035 0.000986245 -0.85017 0.526508
32.6632 25.3843 27.4029 0.000990276 -0.850168 0.52651
33.8225 25.3852 27.4023 0.00098182 -0.850171 0.526506
34.8225 25.3861 27.4018 0.000987249 -0.850171 0.526506
35.8369 25.3869 27.4013 0.000988833 -0.850168 0.526511
36.9462 25.3879 27.4007 0.00099143 -0.850164 0.526517
38.0674 25.3888 27.4001 0.00098865 -0.850167 0.526513
39.1052 25.3897 27.3996 0.000987857 -0.850168 0.526511
40.2058 25.3906 27.399 0.000986442 -0.850166 0.526514
41.2103 25.3915 27.3985 0.000985845 -0.850169 0.526509
42.2781 25.3924 27.3979 0.00098965 -0.850167 0.526513
43.3805 25.3933 27.3973 0.000991571 -0.850168 0.52651
44.4584 25.3942 27.3968 0.000994784 -0.850168 0.52651
45.4856 25.3951 27.3962 0.000992472 -0.850165 0.526515
46.5818 25.396 27.3957 0.000991252 -0.850168 0.52651
47.6491 25.3969 27.3951 0.000992439 -0.850167 0.526513
48.0103 25.3972 27.3949 0.000988721 -0.850166 0.526514
47.9818 24.9276 26.6367 0.000989211 -0.850166 0.526513
46.9763 24.9267 26.6372 0.000989606 -0.850165 0.526515
45.9701 24.9259 26.6377 0.000988121 -0.850169 0.52651
44.9581 24.925 26.6382 0.000986376 -0.850169 0.526509
43.7326 24.924 26.6389 0.000990116 -0.850167 0.526512
42.7247 24.9231 26.6394 0.000988665 -0.850168 0.52651
41.4969 24.9221 26.64 0.000989952 -0.850167 0.526513
40.4133 24.9212 26.6406 0.000993634 -0.850169 0.526508
39.3841 24.9203 26.6411 0.000991729 -0.850166 0.526514
38.286 24.9194 26.6417 0.000988655 -0.850168 0.52651
37.2281 24.9185 26.6423 0.000990973 -0.850165 0.526515
36.1649 24.9176 26.6428 0.000989068 -0.850171 0.526505
35.1497 24.9168 26.6434 0.000984518 -0.850166 0.526514
34.109 24.9159 26.6439 0.000990764 -0.850169 0.526509
33.0803 24.915 26.6444 0.000989553 -0.850168 0.52651
31.9971 24.9141 26.645 0.000984571 -0.85017 0.526507
30.876 24.9132 26.6456 0.000987053 -0.850169 0.526509
29.6905 24.9122 26.6462 0.000986654 -0.850167 0.526512
28.6313 24.9113 26.6467 0.000989275 -0.85017 0.526508
27.6246 24.9104 26.6473 0.000986573 -0.850169 0.52651
26.6145 24.9096 26.6478 0.000987969 -0.85017 0.526507
25.4597 24.9086 26.6484 0.000988043 -0.850172 0.526505
24.3484 24.9077 26.649 0.00098855 -0.850168 0.526511
23.342 24.9068 26.6495 0.000987369 -0.850171 0.526506
22.2595 24.9059 26.6501 0.000985681 -0.850169 0.526508
21.1448 24.905 26.6506 0.000987183 -0.850167 0.526512
20.0465 24.9041 26.6512 0.000986908 -0.85017 0.526508
18.9727 24.9032 26.6518 0.000984987 -0.85017 0.526508
17.9431 24.9023 26.6523 0.000987969 -0.850167 0.526513
16.8339 24.9014 26.6529 0.000988989 -0.850169 0.526509
15.7814 24.9005 26.6534 0.000992838 -0.850166 0.526514
14.6309 24.8995 26.654 0.000994575 -0.850168 0.526511
13.6008 24.8987 26.6546 0.000987447 -0.850168 0.526511
12.4765 24.8977 26.6551 0.000985392 -0.850169 0.526509
11.3769 24.8968 26.6557 0.000988734 -0.850169 0.526509
10.2805 24.8959 26.6563 0.000989667 -0.850167 0.526513
9.23298 24.895 26.6568 0.000986704 -0.850168 0.52651
8.19227 24.8941 26.6574 0.000989305 -0.850168 0.526511
7.15016 24.8932 26.6579 0.00098799 -0.850171 0.526506
6.10927 24.8924 26.6585 0.000989267 -0.85017 0.526507
5.09117 24.8915 26.659 0.000991311 -0.850167 0.526512
4.06255 24.8906 26.6595 0.000988263 -0.850168 0.526511
3.04158 24.8898 26.6601 0.00098763 -0.850169 0.526509
2.03685 24.8889 26.6606 0.000988197 -0.850167 0.526512
2.03866 24.4193 25.9023 0.000988296 -0.85017 0.526508
3.05011 24.4202 25.9018 0.000989318 -0.850168 0.52651
4.0691 24.421 25.9012 0.000987999 -0.85017 0.526508
5.0862 24.4219 25.9007 0.00099127 -0.85017 0.526507
6.12622 24.4228 25.9002 0.000987477 -0.850168 0.52651
7.15421 24.4236 25.8996 0.000986027 -0.850167 0.526512
8.19789 24.4245 25.8991 0.000992333 -0.850167 0.526512
9.26036 24.4254 25.8985 0.000993011 -0.850169 0.526509
10.3532 24.4263 25.898 0.000991075 -0.850171 0.526506
11.4116 24.4272 25.8974 0.000988716 -0.850169 0.526509
12.4795 24.4281 25.8969 0.000991826 -0.850168 0.526511
13.5844 24.429 25.8963 0.000989587 -0.850171 0.526506
14.6542 24.4299 25.8957 0.000985015 -0.850168 0.526511
15.7323 24.4309 25.8952 0.000986457 -0.850166 0.526513
16.7938 24.4317 25.8946 0.000988731 -0.850171 0.526506
17.8727 24.4327 25.8941 0.000994143 -0.850166 0.526514
18.9457 24.4336 25.8935 0.000989364 -0.850168 0.52651
19.9524 24.4344 25.893 0.000989957 -0.850165 0.526516
21.0973 24.4354 25.8924 0.00098895 -0.850166 0.526513
22.1342 24.4362 25.8918 0.000985311 -0.850168 0.526511
23.1632 24.4371 25.8913 0.000988083 -0.85017 0.526507
24.3203 24.4381 25.8907 0.000988233 -0.850168 0.526511
25.414 24.439 25.8901 0.000983162 -0.850169 0.52651
26.5337 24.4399 25.8896 0.000987019 -0.850166 0.526514
27.7107 24.4409 25.8889 0.000986676 -0.850169 0.526509
28.7512 24.4418 25.8884 0.000987574 -0.850169 0.52651
29.771 24.4426 25.8879 0.000986297 -0.850169 0.526509
30.8881 24.4436 25.8873 0.000985875 -0.850169 0.526509
31.9198 24.4444 25.8868 0.000988211 -0.850172 0.526504
32.9554 24.4453 25.8862 0.00098872 -0.85017 0.526508
33.9657 24.4462 25.8857 0.000990609 -0.85017 0.526507
35.0014 24.447 25.8851 0.000988079 -0.850171 0.526506
36.0072 24.4479 25.8846 0.000989988 -0.850169 0.526509
37.0815 24.4488 25.8841 0.00098729 -0.850166 0.526514
38.1695 24.4497 25.8835 0.000990834 -0.850168 0.526511
39.2528 24.4506 25.8829 0.000990536 -0.850166 0.526513
40.3412 24.4515 25.8824 0.000990744 -0.850168 0.52651
41.345 24.4524 25.8818 0.000994394 -0.850168 0.52651
42.4265 24.4533 25.8813 0.000985188 -0.850166 0.526513
43.4702 24.4542 25.8807 0.000990896 -0.850166 0.526513
44.5343 24.455 25.8802 0.000992635 -0.850166 0.526514
45.5761 24.4559 25.8796 0.000986237 -0.850167 0.526512
46.6154 24.4568 25.8791 0.000991618 -0.850169 0.526509
47.6686 24.4577 25.8786 0.000987559 -0.850168 0.526511
47.9971 24.458 25.8784 0.000989883 -0.850168 0.526511
47.9834 23.9883 25.1201 0.000988148 -0.850169 0.526509
46.9674 23.9875 25.1206 0.000990399 -0.850165 0.526515
45.9661 23.9866 25.1212 0.000991688 -0.850166 0.526514
44.9507 23.9858 25.1217 0.00099052 -0.850166 0.526514
43.8561 23.9849 25.1223 0.000987777 -0.850168 0.526511
42.7206 23.9839 25.1229 0.00098809 -0.850167 0.526513
41.5779 23.983 25.1234 0.000993932 -0.850167 0.526512
40.3629 23.9819 25.1241 0.000990819 -0.850167 0.526512
39.3247 23.9811 25.1246 0.00098952 -0.850168 0.52651
38.2923 23.9802 25.1252 0.000987125 -0.850164 0.526517
37.2316 23.9793 25.1257 0.000984391 -0.850171 0.526506
36.1913 23.9784 25.1263 0.000986911 -0.85017 0.526507
35.1269 23.9775 25.1268 0.000988685 -0.850167 0.526512
34.0409 23.9766 25.1274 0.000987805 -0.850167 0.526512
32.9909 23.9757 25.1279 0.000984895 -0.850172 0.526504
31.9234 23.9748 25.1285 0.000989688 -0.850171 0.526506
30.8618 23.974 25.129 0.000987947 -0.850168 0.52651
29.8107 23.9731 25.1296 0.000985645 -0.850168 0.52651
28.6328 23.9721 25.1302 0.000988642 -0.85017 0.526507
27.5247 23.9712 25.1308 0.000985363 -0.850171 0.526506
26.4186 23.9702 25.1313 0.000988291 -0.850171 0.526506
25.3596 23.9693 25.1319 0.000987901 -0.850171 0.526506
24.2226 23.9684 25.1325 0.000988724 -0.85017 0.526508
23.0977 23.9674 25.1331 0.000987847 -0.850172 0.526505
22.0389 23.9665 25.1336 0.000987269 -0.850169 0.526508
20.8781 23.9656 25.1342 0.000984356 -0.850169 0.526509
19.8191 23.9647 25.1348 0.000987057 -0.85017 0.526507
18.6266 23.9637 25.1354 0.000991581 -0.850168 0.52651
17.5065 23.9627 25.136 0.000986179 -0.850169 0.526508
16.3608 23.9618 25.1366 0.000990581 -0.850165 0.526516
15.2462 23.9608 25.1371 0.000984174 -0.850168 0.526511
14.2365 23.96 25.1377 0.000987763 -0.850168 0.526511
13.1625 23.9591 25.1382 0.000990041 -0.850168 0.52651
12.026 23.9581 25.1388 0.000992014 -0.850172 0.526505
10.9446 23.9572 25.1394 0.000989474 -0.850168 0.52651
9.79824 23.9563 25.14 0.000987976 -0.850167 0.526512
8.69475 23.9553 25.1406 0.000989241 -0.85017 0.526507
7.58869 23.9544 25.1411 0.00099012 -0.85017 0.526507
6.43349 23.9534 25.1417 0.000988917 -0.850169 0.526509
5.37939 23.9525 25.1423 0.000986213 -0.850168 0.52651
4.34608 23.9517 25.1428 0.000988546 -0.85017 0.526508
3.29848 23.9508 25.1434 0.000988215 -0.850169 0.526508
2.07597 23.9498 25.144 0.000989753 -0.850169 0.52651
2.0394 23.9497 25.144 0.00098524 -0.850169 0.526509
2.04388 23.4801 24.3857 0.000989609 -0.850169 0.526509
3.05826 23.481 24.3852 0.000989703 -0.85017 0.526508
4.08745 23.4819 24.3847 0.000987681 -0.850165 0.526515
5.10561 23.4827 24.3841 0.000987642 -0.850168 0.526511
6.14826 23.4836 24.3836 0.000989964 -0.850167 0.526513
7.1703 23.4844 24.3831 0.000991751 -0.850169 0.526508
8.19507 23.4853 24.3825 0.000992488 -0.85017 0.526507
9.21704 23.4862 24.382 0.000988125 -0.850168 0.526511
10.2459 23.487 24.3815 0.000989886 -0.850168 0.526511
11.4036 23.488 24.3809 0.000990617 -0.850168 0.52651
12.4149 23.4889 24.3803 0.000989032 -0.850168 0.52651
13.5903 23.4898 24.3797 0.00098571 -0.850165 0.526515
14.6418 23.4907 24.3792 0.000989152 -0.850169 0.526509
15.7914 23.4917 24.3786 0.000988825 -0.850169 0.526509
16.8641 23.4926 24.378 0.000990995 -0.850169 0.526508
17.9162 23.4935 24.3775 0.000986711 -0.850169 0.526509
18.9353 23.4943 24.3769 0.000989966 -0.85017 0.526507
19.9933 23.4952 24.3764 0.000986975 -0.85017 0.526507
21.1132 23.4962 24.3758 0.000989943 -0.850168 0.526511
22.1393 23.497 24.3753 0.000988477 -0.850169 0.526509
23.2834 23.498 24.3747 0.000988257 -0.850167 0.526512
24.2946 23.4988 24.3742 0.000987721 -0.850167 0.526513
25.4434 23.4998 24.3736 0.000990237 -0.850167 0.526512
26.5943 23.5008 24.373 0.000988299 -0.850171 0.526506
27.6406 23.5017 24.3724 0.000988079 -0.850169 0.52651
28.7593 23.5026 24.3718 0.000987549 -0.850168 0.52651
29.7863 23.5035 24.3713 0.000985608 -0.850167 0.526513
30.8075 23.5043 24.3708 0.000987732 -0.85017 0.526508
31.8942 23.5052 24.3702 0.000985704 -0.850168 0.526511
32.9189 23.5061 24.3697 0.000989167 -0.850169 0.52651
33.9385 23.5069 24.3691 0.000987728 -0.850169 0.526509
34.9681 23.5078 24.3686 0.000988488 -0.85017 0.526507
36.0181 23.5087 24.3681 0.000986435 -0.850168 0.526511
37.2048 23.5097 24.3674 0.000988013 -0.850169 0.526509
38.3283 23.5106 24.3669 0.000988237 -0.850171 0.526506
39.3999 23.5115 24.3663 0.000989389 -0.85017 0.526508
40.5082 23.5124 24.3657 0.000989285 -0.850169 0.52651
41.526 23.5133 24.3652 0.000989524 -0.850167 0.526513
42.61 23.5142 24.3646 0.000987698 -0.850168 0.52651
43.6644 23.5151 24.3641 0.000989428 -0.850166 0.526513
44.7091 23.516 24.3635 0.00099069 -0.850169 0.526508
45.8541 23.5169 24.3629 0.000995238 -0.850166 0.526514
46.8796 23.5178 24.3624 0.000993284 -0.850167 0.526513
47.9804 23.5187 24.3618 0.000989483 -0.850166 0.526514
47.9863 23.0491 23.6036 0.000990137 -0.85017 0.526507
46.9594 23.0483 23.6041 0.000991723 -0.850169 0.52651
45.9514 23.0474 23.6046 0.000988491 -0.850167 0.526512
44.9298 23.0466 23.6051 0.000991038 -0.850164 0.526517
43.8923 23.0457 23.6057 0.000991066 -0.850167 0.526513
42.7695 23.0447 23.6063 0.000990683 -0.850165 0.526516
41.6485 23.0438 23.6069 0.000985563 -0.850168 0.526511
40.5816 23.0429 23.6074 0.000989995 -0.850172 0.526504
39.4929 23.042 23.608 0.000987036 -0.850171 0.526505
38.4486 23.0411 23.6085 0.000992526 -0.85017 0.526508
37.3379 23.0402 23.6091 0.000987177 -0.850168 0.52651
36.3319 23.0393 23.6096 0.000989349 -0.850167 0.526512
35.181 23.0384 23.6102 0.000986527 -0.850171 0.526505
34.1384 23.0375 23.6108 0.0009876 -0.850169 0.52651
32.9191 23.0365 23.6114 0.000986633 -0.850169 0.526509
31.8862 23.0356 23.6119 0.000986785 -0.850166 0.526513
30.8712 23.0348 23.6125 0.00098453 -0.850167 0.526512
29.8646 23.0339 23.613 0.00098908 -0.85017 0.526507
28.7419 23.033 23.6136 0.000987687 -0.850171 0.526506
27.7373 23.0321 23.6141 0.000984594 -0.850171 0.526506
26.6122 23.0312 23.6147 0.000987188 -0.850169 0.526509
25.5382 23.0303 23.6152 0.000988133 -0.85017 0.526507
24.5133 23.0294 23.6158 0.000987477 -0.85017 0.526507
23.4661 23.0285 23.6163 0.000985393 -0.850168 0.526511
22.3059 23.0276 23.6169 0.000991572 -0.850167 0.526511
21.2791 23.0267 23.6174 0.000984383 -0.850171 0.526506
20.2282 23.0258 23.618 0.000989159 -0.85017 0.526507
19.137 23.0249 23.6186 0.000990304 -0.850167 0.526512
18.1052 23.024 23.6191 0.000989893 -0.850168 0.52651
17.0385 23.0231 23.6197 0.000988992 -0.850169 0.526508
15.9737 23.0222 23.6202 0.000988904 -0.850169 0.526509
14.893 23.0213 23.6208 0.000986693 -0.850166 0.526514
13.8876 23.0205 23.6213 0.000990067 -0.850166 0.526514
12.8359 23.0196 23.6218 0.000987961 -0.85017 0.526507
11.6743 23.0186 23.6224 0.000991945 -0.850169 0.526509
10.6612 23.0178 23.623 0.000988583 -0.850167 0.526512
9.51991 23.0168 23.6236 0.000986973 -0.850172 0.526504
8.39137 23.0159 23.6242 0.000991679 -0.85017 0.526507
7.37929 23.015 23.6247 0.000987614 -0.850165 0.526515
6.28704 23.0141 23.6252 0.000993711 -0.850169 0.526508
5.27401 23.0133 23.6258 0.000989381 -0.85017 0.526507
4.25131 23.0124 23.6263 0.000988799 -0.850167 0.526512
3.07538 23.0114 23.6269 0.000986077 -0.850167 0.526513
2.06672 23.0106 23.6274 0.00098936 -0.850169 0.52651
2.00665 23.0105 23.6275 0.000989952 -0.850169 0.52651
1.94812 22.5409 22.8692 0.000987758 -0.850169 0.526509
3.09061 22.5418 22.8686 0.000991679 -0.850168 0.526511
4.13181 22.5427 22.8681 0.000988131 -0.850169 0.52651
5.16301 22.5436 22.8676 0.000989749 -0.850168 0.526511
6.19272 22.5444 22.867 0.000988594 -0.850169 0.526509
7.21865 22.5453 22.8665 0.000987703 -0.850169 0.526509
8.40508 22.5463 22.8659 0.000986624 -0.850168 0.52651
9.40691 22.5471 22.8653 0.000988626 -0.850168 0.52651
10.4558 22.548 22.8648 0.000985837 -0.850168 0.52651
11.6102 22.549 22.8642 0.000989442 -0.85017 0.526508
12.6173 22.5498 22.8637 0.000987473 -0.85017 0.526507
13.6651 22.5507 22.8631 0.000987245 -0.850168 0.52651
14.8151 22.5517 22.8625 0.000986986 -0.850169 0.52651
15.9082 22.5526 22.862 0.000986387 -0.850168 0.52651
16.9418 22.5535 22.8614 0.000988463 -0.850169 0.526509
17.9679 22.5543 22.8609 0.00098915 -0.850168 0.52651
18.9878 22.5552 22.8604 0.000987667 -0.850168 0.52651
20.0704 22.5561 22.8598 0.000988047 -0.850167 0.526512
21.1172 22.557 22.8592 0.000988153 -0.850167 0.526512
22.1207 22.5578 22.8587 0.000989179 -0.850164 0.526518
23.1649 22.5587 22.8582 0.000987282 -0.850167 0.526512
24.318 22.5597 22.8576 0.000985622 -0.850169 0.52651
25.4601 22.5606 22.857 0.000987888 -0.850166 0.526513
26.5214 22.5615 22.8564 0.000989642 -0.850169 0.526509
27.6256 22.5624 22.8559 0.000988549 -0.850168 0.526511
28.6294 22.5633 22.8553 0.000991939 -0.850166 0.526513
29.6889 22.5642 22.8548 0.000990972 -0.850167 0.526511
30.7343 22.565 22.8542 0.000992197 -0.850169 0.526509
31.8877 22.566 22.8536 0.000989525 -0.85017 0.526508
32.9433 22.5669 22.8531 0.000988282 -0.850172 0.526504
33.9692 22.5678 22.8526 0.000989245 -0.850171 0.526506
34.9722 22.5686 22.852 0.000985218 -0.85017 0.526507
36.1119 22.5696 22.8514 0.000986863 -0.850169 0.526509
37.1432 22.5704 22.8509 0.000985916 -0.850172 0.526504
38.2741 22.5714 22.8503 0.000989369 -0.850171 0.526506
39.3873 22.5723 22.8497 0.000985378 -0.85017 0.526507
40.4393 22.5732 22.8492 0.000987245 -0.85017 0.526507
41.5501 22.5741 22.8486 0.00099105 -0.850167 0.526512
42.6701 22.5751 22.848 0.000982345 -0.850167 0.526511
43.7961 22.576 22.8475 0.000986172 -0.85017 0.526507
44.9447 22.577 22.8469 0.000990325 -0.850167 0.526512
45.9457 22.5778 22.8463 0.000990812 -0.850167 0.526512
46.9694 22.5787 22.8458 0.000989648 -0.850167 0.526513
47.9734 22.5795 22.8453 0.000988957 -0.850166 0.526514
47.9927 22.1099 22.087 0.000990261 -0.850169 0.52651
46.962 22.1091 22.0875 0.000991617 -0.850164 0.526516
45.7979 22.1081 22.0881 0.000986966 -0.850164 0.526517
44.6371 22.1071 22.0887 0.000988584 -0.850168 0.52651
43.5505 22.1062 22.0893 0.000987236 -0.850169 0.52651
42.4989 22.1053 22.0899 0.000988184 -0.850171 0.526506
41.4604 22.1044 22.0904 0.000985674 -0.850167 0.526513
40.3659 22.1035 22.091 0.000987486 -0.850168 0.52651
39.199 22.1025 22.0916 0.000991989 -0.85017 0.526507
38.0416 22.1016 22.0922 0.00098401 -0.850171 0.526505
37.0206 22.1007 22.0927 0.000989049 -0.85017 0.526508
35.9912 22.0999 22.0932 0.000986367 -0.850169 0.526508
34.9304 22.099 22.0938 0.000989001 -0.850169 0.52651
33.8447 22.0981 22.0943 0.000984406 -0.85017 0.526507
32.7432 22.0971 22.0949 0.000988445 -0.850168 0.52651
31.7314 22.0963 22.0954 0.000990808 -0.850171 0.526506
30.6802 22.0954 22.096 0.00098662 -0.85017 0.526507
29.5945 22.0945 22.0966 0.000983715 -0.850169 0.52651
28.5598 22.0936 22.0971 0.000989407 -0.850169 0.52651
27.5325 22.0928 22.0976 0.00099179 -0.850167 0.526512
26.4937 22.0919 22.0982 0.00099124 -0.850167 0.526512
25.3692 22.0909 22.0988 0.000987034 -0.850169 0.526509
24.3022 22.09 22.0993 0.000989826 -0.850169 0.526509
23.2003 22.0891 22.0999 0.000988327 -0.850169 0.52651
22.1833 22.0883 22.1004 0.000986733 -0.850168 0.52651
21.0993 22.0873 22.101 0.000986621 -0.85017 0.526508
20.0282 22.0864 22.1015 0.000988654 -0.850169 0.526508
18.9588 22.0855 22.1021 0.00098554 -0.850167 0.526512
17.8797 22.0846 22.1027 0.0009905 -0.850166 0.526514
16.7766 22.0837 22.1032 0.000988469 -0.85017 0.526507
15.71 22.0828 22.1038 0.000988289 -0.850173 0.526502
14.6335 22.0819 22.1043 0.000990458 -0.850168 0.526511
13.6221 22.0811 22.1049 0.000988152 -0.850169 0.526509
12.6057 22.0802 22.1054 0.000989328 -0.850167 0.526512
11.4606 22.0792 22.106 0.000987346 -0.850168 0.526511
10.3935 22.0783 22.1066 0.000989217 -0.850166 0.526514
9.23866 22.0774 22.1072 0.000988158 -0.85017 0.526507
8.2334 22.0765 22.1077 0.000983688 -0.850168 0.526511
7.12397 22.0756 22.1083 0.00098602 -0.850166 0.526514
5.99286 22.0747 22.1088 0.000988231 -0.85017 0.526507
4.97984 22.0738 22.1094 0.000987875 -0.850167 0.526512
3.92562 22.0729 22.1099 0.000988104 -0.850168 0.52651
2.68095 22.0719 22.1106 0.000986915 -0.850169 0.526508
2.06566 22.0713 22.1109 0.000990059 -0.850169 0.526508
1.98458 21.6017 21.3526 0.000987408 -0.850172 0.526504
3.08088 21.6026 21.3521 0.000988296 -0.85017 0.526507
4.22879 21.6036 21.3515 0.000986444 -0.850168 0.52651
5.2852 21.6045 21.3509 0.000987734 -0.850168 0.526511
6.33957 21.6053 21.3504 0.000985068 -0.850167 0.526512
7.36577 21.6062 21.3498 0.000989567 -0.85017 0.526507
8.45144 21.6071 21.3493 0.00098443 -0.850167 0.526512
9.47666 21.608 21.3487 0.000988421 -0.850169 0.52651
10.5853 21.6089 21.3482 0.000992337 -0.850169 0.526509
11.5903 21.6098 21.3476 0.000988636 -0.850169 0.52651
12.631 21.6106 21.3471 0.000984987 -0.850167 0.526513
13.6917 21.6115 21.3466 0.000986335 -0.850169 0.526509
14.8036 21.6125 21.346 0.000988597 -0.850168 0.526511
15.8094 21.6133 21.3455 0.000987968 -0.850167 0.526512
16.914 21.6142 21.3449 0.000985035 -0.85017 0.526508
18.0058 21.6151 21.3443 0.00098861 -0.850167 0.526512
19.0066 21.616 21.3438 0.000993297 -0.850167 0.526513
20.057 21.6169 21.3432 0.000985629 -0.850169 0.526509
21.1332 21.6178 21.3427 0.000990588 -0.850164 0.526517
22.323 21.6188 21.3421 0.000987835 -0.850168 0.52651
23.3295 21.6196 21.3415 0.000990436 -0.850169 0.526509
24.3658 21.6205 21.341 0.00098433 -0.850171 0.526505
25.3913 21.6213 21.3405 0.000990214 -0.850165 0.526515
26.4195 21.6222 21.3399 0.000986933 -0.850168 0.526511
27.5468 21.6232 21.3393 0.000987733 -0.850168 0.52651
28.6333 21.6241 21.3388 0.000988958 -0.850169 0.526509
29.6611 21.6249 21.3382 0.000991079 -0.85017 0.526508
30.7007 21.6258 21.3377 0.000991085 -0.850168 0.526511
31.8213 21.6268 21.3371 0.000986236 -0.850172 0.526505
32.8295 21.6276 21.3366 0.00098654 -0.850168 0.52651
34.0344 21.6286 21.336 0.00098971 -0.850169 0.526509
35.1875 21.6296 21.3354 0.000986727 -0.850169 0.526509
36.1883 21.6304 21.3348 0.000984236 -0.85017 0.526508
37.2093 21.6313 21.3343 0.000986568 -0.85017 0.526507
38.2343 21.6321 21.3338 0.000985704 -0.850169 0.526509
39.3224 21.633 21.3332 0.000986428 -0.850168 0.52651
40.3785 21.6339 21.3327 0.000984261 -0.850172 0.526505
41.4088 21.6348 21.3321 0.000988837 -0.850173 0.526503
42.4375 21.6357 21.3316 0.000982538 -0.850172 0.526505
43.5598 21.6366 21.331 0.000985588 -0.850171 0.526506
44.6908 21.6375 21.3304 0.00098597 -0.850169 0.526509
45.8527 21.6385 21.3298 0.000987016 -0.850167 0.526512
46.9992 21.6395 21.3292 0.000993394 -0.850166 0.526514
47.9698 21.6403 21.3287 0.00098624 -0.850169 0.526509
48.0151 21.1707 20.5704 0.000990943 -0.850167 0.526512
46.8484 21.1698 20.571 0.000986067 -0.850168 0.526511
45.7387 21.1688 20.5716 0.000985032 -0.850169 0.526509
44.6768 21.1679 20.5722 0.000988425 -0.85017 0.526508
43.6512 21.1671 20.5727 0.000988628 -0.850168 0.52651
42.6391 21.1662 20.5732 0.000986224 -0.85017 0.526507
41.6016 21.1654 20.5738 0.000984633 -0.850172 0.526505
40.6008 21.1645 20.5743 0.000983228 -0.850169 0.526509
39.5977 21.1637 20.5748 0.000988375 -0.850166 0.526513
38.5659 21.1628 20.5753 0.000989503 -0.85017 0.526507
37.5008 21.1619 20.5759 0.000981881 -0.850168 0.52651
36.3881 21.161 20.5765 0.000985714 -0.85017 0.526507
35.3454 21.1601 20.577 0.000987495 -0.85017 0.526508
34.2407 21.1592 20.5776 0.000989847 -0.85017 0.526507
33.0998 21.1582 20.5782 0.000987045 -0.850173 0.526503
32.057 21.1573 20.5787 0.000987368 -0.85017 0.526507
30.9936 21.1565 20.5793 0.000994796 -0.850166 0.526514
29.827 21.1555 20.5799 0.00098335 -0.850168 0.526511
28.7954 21.1546 20.5804 0.000993007 -0.850168 0.52651
27.7112 21.1537 20.581 0.000991572 -0.85017 0.526507
26.5656 21.1527 20.5816 0.000987459 -0.850167 0.526512
25.5541 21.1519 20.5821 0.000990084 -0.850168 0.526511
24.4189 21.1509 20.5827 0.00099115 -0.850168 0.526511
23.3202 21.15 20.5833 0.000987119 -0.850168 0.526511
22.3113 21.1492 20.5838 0.00098609 -0.850168 0.526511
21.1713 21.1482 20.5844 0.000986913 -0.850169 0.526509
20.1681 21.1474 20.5849 0.000989186 -0.850167 0.526512
19.1438 21.1465 20.5854 0.000988466 -0.85017 0.526507
18.1411 21.1457 20.586 0.000987564 -0.850169 0.526509
17.0556 21.1447 20.5865 0.000991445 -0.850169 0.52651
15.9928 21.1438 20.5871 0.000984133 -0.850166 0.526513
14.8925 21.1429 20.5876 0.000988061 -0.850168 0.526511
13.7391 21.142 20.5882 0.000988441 -0.850168 0.526511
12.6298 21.141 20.5888 0.000989605 -0.850168 0.526511
11.4515 21.14 20.5894 0.000988549 -0.850171 0.526506
10.3095 21.1391 20.59 0.000981291 -0.850171 0.526506
9.28386 21.1382 20.5906 0.000988798 -0.850171 0.526506
8.24966 21.1373 20.5911 0.000987748 -0.850169 0.526509
7.2464 21.1365 20.5916 0.000989033 -0.850168 0.52651
6.17543 21.1356 20.5922 0.000982846 -0.850168 0.52651
5.16553 21.1347 20.5927 0.000987855 -0.850167 0.526512
4.1605 21.1339 20.5932 0.000989935 -0.850169 0.526509
3.06628 21.133 20.5938 0.000987729 -0.850171 0.526505
2.04475 21.1321 20.5943 0.000984356 -0.850168 0.526511
2.01539 21.1321 20.5944 0.00098733 -0.85017 0.526508
1.99797 36.1594 44.8593 0.000993994 -0.850167 0.526512
3.17334 36.1604 44.8587 0.000988927 -0.850168 0.526511
4.23235 36.1612 44.8582 0.000988018 -0.850171 0.526506
5.24816 36.1621 44.8576 0.000986868 -0.850168 0.52651
6.32427 36.163 44.8571 0.000991129 -0.850168 0.526511
7.42141 36.1639 44.8565 0.000992773 -0.850174 0.526501
8.5656 36.1649 44.8559 0.000992344 -0.850168 0.52651
9.58409 36.1657 44.8554 0.000986002 -0.850167 0.526512
10.7237 36.1667 44.8548 0.000988358 -0.850171 0.526505
11.7827 36.1676 44.8542 0.000990571 -0.850171 0.526506
12.8224 36.1685 44.8537 0.000997134 -0.85017 0.526507
13.85 36.1693 44.8532 0.00098962 -0.850171 0.526505
14.9334 36.1702 44.8526 0.000988023 -0.850164 0.526517
16.0236 36.1712 44.852 0.000994454 -0.850169 0.526509
17.0455 36.172 44.8515 0.000985165 -0.85017 0.526508
18.1013 36.1729 44.8509 0.000982601 -0.850173 0.526503
19.2548 36.1739 44.8503 0.000992647 -0.85017 0.526508
20.4026 36.1748 44.8497 0.000995905 -0.850169 0.526509
21.509 36.1758 44.8492 0.000979811 -0.85017 0.526508
22.5832 36.1767 44.8486 0.0009801 -0.850163 0.526519
23.6137 36.1775 44.8481 0.00098813 -0.850167 0.526512
24.6253 36.1784 44.8475 0.000992975 -0.850169 0.526509
25.7372 36.1793 44.847 0.00099572 -0.850168 0.52651
26.7488 36.1802 44.8464 0.000985997 -0.850168 0.526511
27.8838 36.1811 44.8459 0.000981734 -0.850164 0.526517
29.0617 36.1821 44.8452 0.000988219 -0.850171 0.526505
30.1479 36.183 44.8447 0.000986802 -0.850172 0.526504
31.1974 36.1839 44.8441 0.000986862 -0.850169 0.526509
32.2373 36.1848 44.8436 0.000988819 -0.850169 0.526509
33.3733 36.1858 44.843 0.000994972 -0.850173 0.526503
34.4715 36.1867 44.8424 0.000987923 -0.850167 0.526512
35.5042 36.1875 44.8419 0.000989175 -0.850168 0.526511
36.5099 36.1884 44.8414 0.000975234 -0.850168 0.52651
37.6328 36.1893 44.8408 0.000988522 -0.850171 0.526505
38.7334 36.1903 44.8402 0.00100121 -0.850166 0.526513
39.8293 36.1912 44.8396 0.000988648 -0.85017 0.526508
40.9367 36.1921 44.8391 0.000984405 -0.85017 0.526507
42.0126 36.193 44.8385 0.000987296 -0.850168 0.526511
43.0205 36.1939 44.838 0.000987058 -0.85017 0.526507
44.0464 36.1947 44.8374 0.000985872 -0.85017 0.526508
45.1425 36.1956 44.8369 0.000994461 -0.850166 0.526513
46.2606 36.1966 44.8363 0.00100724 -0.850173 0.526502
47.2734 36.1975 44.8357 0.00100325 -0.850175 0.526499
48.0058 36.1981 44.8353 0.00100941 -0.850176 0.526498
48.009 36.1981 44.8353 0.00100225 -0.850174 0.526502
