2.55155 1.27909 9.53595 0.562047 -0.619295 0.548238
3.03864 2.25025 10.0678 0.589021 -0.554728 0.587313
3.38068 3.10117 10.475 0.591559 -0.523975 0.612787
3.61797 3.96991 10.9219 0.604537 -0.456351 0.652901
3.77633 5.02352 11.4255 0.634626 -0.354383 0.686361
3.84688 6.05375 11.8738 0.702788 -0.334585 0.627807
3.92118 7.02287 12.285 0.722015 -0.304751 0.621144
3.91658 7.94729 12.7219 0.720583 -0.280962 0.633893
3.92052 8.89361 13.1801 0.755388 -0.305327 0.579744
3.98444 9.85357 13.6092 0.771078 -0.297131 0.563163
4.03044 10.7926 14.0393 0.771303 -0.302519 0.559976
4.04513 11.7165 14.5518 0.77422 -0.343672 0.531482
4.19191 12.7425 15.0663 0.772359 -0.376749 0.511392
4.39765 13.6878 15.4961 0.794046 -0.391705 0.464822
4.79531 14.6789 15.9333 0.780312 -0.503622 0.370475
5.23907 15.4994 16.3343 0.701733 -0.648915 0.292996
5.79304 16.2533 16.7077 0.699527 -0.671263 0.244951
6.44461 17.0368 17.0443 0.709121 -0.688032 0.154142
7.29996 17.6841 17.3516 0.369724 -0.928945 -0.0186397
8.25807 18.0566 17.5514 0.351907 -0.935996 -0.00847664
9.36461 18.379 17.625 0.203699 -0.977211 -0.048573
10.3864 18.3864 17.6263 -0.123765 -0.990042 -0.0670741
11.5189 18.1941 17.5037 -0.220465 -0.973376 -0.0627261
12.5098 17.8159 17.3754 -0.448113 -0.89001 0.0592934
13.3947 17.1562 17.0718 -0.590707 -0.793954 0.143684
14.1045 16.4847 16.7646 -0.700941 -0.684273 0.201126
14.7142 15.6905 16.4093 -0.727303 -0.620379 0.292019
15.166 14.7861 15.9787 -0.773125 -0.514923 0.370311
15.5245 13.8743 15.507 -0.785452 -0.487015 0.381943
15.802 12.9679 15.0856 -0.796342 -0.373796 0.473935
15.918 12.0601 14.6799 -0.780735 -0.289214 0.5539
15.9715 11.1228 14.2583 -0.771574 -0.312466 0.55394
16.0101 10.1923 13.797 -0.759351 -0.290142 0.582412
16.0417 9.2559 13.3433 -0.753439 -0.306376 0.58177
16.0446 8.2277 12.8503 -0.731942 -0.277068 0.622491
16.0627 7.30494 12.4343 -0.711848 -0.309954 0.630239
16.0915 6.30821 11.9435 -0.700124 -0.337045 0.629415
16.2294 5.32175 11.5306 -0.68305 -0.385184 0.620069
16.3786 4.38863 11.0818 -0.638466 -0.435189 0.634801
16.5931 3.45294 10.6184 -0.629494 -0.498748 0.595719
16.9318 2.55954 10.1693 -0.608402 -0.560926 0.561435
17.3357 1.74112 9.7449 -0.607345 -0.601594 0.518861
17.2539 1.20562 9.01438 -0.590029 -0.619264 0.518033
16.5381 1.19474 8.24916 -0.547355 -0.626166 0.555247
15.7518 1.15757 7.57183 -0.454556 -0.637347 0.622206
14.9229 1.15567 6.99132 -0.412881 -0.648786 0.639223
14.018 1.139 6.43277 -0.318614 -0.681939 0.658364
12.9118 1.13038 6.01967 -0.225938 -0.674673 0.702686
11.8551 1.13313 5.74751 -0.145745 -0.676177 0.72208
10.7034 1.11488 5.57679 -0.0663628 -0.684251 0.726219
9.63334 1.10776 5.54145 0.0290866 -0.671232 0.740462
8.54917 1.10638 5.63225 0.0744655 -0.683369 0.726266
7.44881 1.10642 5.86057 0.222421 -0.684479 0.694255
6.46136 1.14489 6.27266 0.280844 -0.683744 0.673514
5.49268 1.11841 6.79462 0.420102 -0.659205 0.623669
4.62431 1.11152 7.43277 0.475071 -0.647438 0.595929
3.80422 1.13259 8.1255 0.487503 -0.644705 0.58881
3.0852 1.14359 8.82847 0.557514 -0.628209 0.542708
2.55274 1.26961 9.52392 0.561948 -0.621689 0.545635
1.84561 1.23458 10.2071 0.562707 -0.611318 0.556464
1.47992 0.456892 9.70896 0.564753 -0.623368 0.540784
2.15575 0.42455 8.95646 0.564175 -0.632439 0.53078
2.96422 0.415469 8.10626 0.542089 -0.640509 0.543848
3.74994 0.407034 7.37791 0.495548 -0.646769 0.57976
4.54048 0.397112 6.71774 0.46825 -0.659721 0.587801
5.4793 0.42276 6.08565 0.387977 -0.667596 0.635444
6.50904 0.427815 5.55871 0.330625 -0.645116 0.688849
7.53551 0.42036 5.15576 0.203518 -0.678025 0.705888
8.55198 0.406952 5.0016 0.0761278 -0.655766 0.751055
9.62915 0.419801 4.93028 0.0560317 -0.667697 0.742322
10.7217 0.422683 4.9483 -0.0651842 -0.663385 0.745418
11.7871 0.43836 5.10075 -0.111927 -0.655536 0.746823
12.801 0.432865 5.3195 -0.237172 -0.658589 0.71415
13.9546 0.428154 5.73629 -0.298807 -0.643186 0.704733
14.9645 0.42854 6.2813 -0.425876 -0.63556 0.643967
15.8226 0.437465 6.87521 -0.442895 -0.646681 0.62085
16.6235 0.44726 7.53634 -0.519997 -0.619958 0.587556
17.3595 0.455163 8.25016 -0.558366 -0.619811 0.551388
18.1401 0.436525 9.10294 -0.600656 -0.621922 0.50242
18.5011 0.758206 9.93224 -0.604155 -0.617209 0.504028
17.9989 1.65294 10.405 -0.60749 -0.59826 0.522525
17.5085 2.65538 10.9094 -0.631802 -0.543307 0.552851
17.2096 3.64122 11.4022 -0.643365 -0.466621 0.606902
17.0257 4.55823 11.8701 -0.661715 -0.448747 0.600633
16.8362 5.49657 12.3185 -0.692939 -0.395831 0.602622
16.7277 6.44531 12.766 -0.733096 -0.333827 0.592464
16.6882 7.40403 13.2249 -0.745063 -0.316149 0.587267
16.6479 8.33772 13.6767 -0.771937 -0.291711 0.564777
16.6288 9.27833 14.1511 -0.769635 -0.296298 0.56557
16.5908 10.2666 14.6363 -0.776214 -0.310462 0.548731
16.5472 11.1967 15.1046 -0.774231 -0.308034 0.552884
16.4194 12.1689 15.5465 -0.810032 -0.35665 0.465258
16.2266 13.0865 16.0056 -0.800556 -0.447039 0.399043
15.902 13.9895 16.4488 -0.787461 -0.497749 0.363515
15.5636 14.8222 16.8896 -0.776589 -0.516807 0.360305
15.0703 15.6972 17.2808 -0.703047 -0.6439 0.301371
14.395 16.4274 17.6343 -0.659888 -0.741155 0.121249
13.5692 17.1751 18.0134 -0.613019 -0.78402 0.0955537
12.7119 17.7558 18.2824 -0.431489 -0.895411 -0.0872997
11.7556 18.0753 18.4142 -0.222662 -0.967995 -0.109737
10.6362 18.2861 18.5695 -0.157142 -0.984349 -0.0797679
9.56223 18.3269 18.5599 0.0567365 -0.990828 -0.114007
8.4292 18.1047 18.5012 0.317611 -0.947637 -0.0251436
7.48818 17.7535 18.3354 0.357133 -0.93402 -0.00789253
6.59738 17.3514 18.1149 0.465777 -0.876851 0.119098
5.80795 16.6372 17.7849 0.685382 -0.692245 0.225814
5.09883 15.7862 17.383 0.689889 -0.676034 0.258521
4.4872 14.8944 16.9142 0.735318 -0.597686 0.319497
4.0975 14.0355 16.5053 0.765764 -0.513864 0.386598
3.74843 13.0363 16.0064 0.771628 -0.432991 0.465758
3.5474 12.1229 15.5785 0.770591 -0.382867 0.509511
3.44782 11.1875 15.0851 0.7917 -0.296712 0.534016
3.42859 10.1877 14.5665 0.781127 -0.295 0.550287
3.37187 9.21784 14.1177 0.774942 -0.309199 0.551221
3.31254 8.29241 13.6756 0.765187 -0.314893 0.561538
3.29058 7.34503 13.198 0.736209 -0.307328 0.602906
3.24789 6.38877 12.7548 0.709187 -0.350673 0.611622
3.14626 5.40716 12.2794 0.684216 -0.378877 0.62294
3.02793 4.46763 11.8161 0.667519 -0.404912 0.624832
2.84106 3.52015 11.3496 0.617941 -0.477565 0.624227
2.54202 2.63941 10.9079 0.597872 -0.536023 0.596011
2.1592 1.79799 10.4949 0.574262 -0.597037 0.560151
1.92839 1.37663 10.2794 0.562707 -0.611318 0.556464
3.13913 1.76672 9.47514 0.576545 -0.603525 0.550775
3.9741 2.16176 9.07178 0.530488 -0.591591 0.607126
4.85858 2.51782 8.69164 0.500888 -0.534473 0.680772
5.74701 2.84826 8.3183 0.474951 -0.533766 0.699654
6.67273 3.14161 7.97211 0.392357 -0.51556 0.761744
7.63978 3.3623 7.69482 0.290863 -0.54227 0.788253
8.61589 3.49666 7.52113 0.117562 -0.527435 0.841422
9.70155 3.55499 7.44461 0.0225505 -0.498751 0.866452
10.8183 3.54691 7.45063 -0.0596576 -0.508545 0.858967
11.9194 3.43677 7.59685 -0.223124 -0.555434 0.801067
12.9201 3.26821 7.80517 -0.29927 -0.566236 0.767994
13.9722 3.01728 8.10049 -0.411352 -0.589797 0.694932
14.914 2.71395 8.44086 -0.448802 -0.575658 0.683517
15.8106 2.37432 8.80102 -0.515163 -0.58179 0.629387
16.6775 1.9452 9.23225 -0.60607 -0.587288 0.536444
16.8995 1.82245 9.34865 -0.594062 -0.599975 0.535836
16.4991 2.70932 9.83893 -0.62414 -0.5576 0.547295
15.6703 3.13272 9.36315 -0.573387 -0.555858 0.601871
14.7026 3.49097 8.94695 -0.456136 -0.540705 0.706808
13.6973 3.79566 8.56667 -0.428588 -0.526219 0.734442
12.5776 4.05132 8.22701 -0.294057 -0.531899 0.794112
11.563 4.20668 8.00958 -0.223041 -0.484515 0.845871
10.5117 4.28622 7.89371 -0.0541937 -0.527963 0.847536
9.34741 4.28831 7.89395 0.0832183 -0.566 0.820194
8.32483 4.19898 8.028 0.234313 -0.539284 0.80887
7.35543 4.02942 8.26675 0.338658 -0.52897 0.77814
6.3476 3.76899 8.61853 0.449246 -0.534014 0.716245
5.37095 3.44789 9.0273 0.494148 -0.514389 0.700872
4.38838 3.06511 9.49045 0.558105 -0.502453 0.660348
3.70625 2.74966 9.85376 0.588246 -0.531792 0.609232
4.02147 3.64102 10.3074 0.586259 -0.493522 0.642445
4.90018 4.0252 9.80792 0.546678 -0.497683 0.673391
5.78064 4.33269 9.3896 0.475102 -0.516936 0.712078
6.76602 4.6154 8.98914 0.432493 -0.425735 0.794795
7.77054 4.85602 8.62214 0.304777 -0.433641 0.847978
8.78275 4.98955 8.41965 0.143248 -0.461854 0.875312
9.87481 5.0384 8.3482 0.0283899 -0.49315 0.869481
10.8825 5.0285 8.34345 -0.0447445 -0.474517 0.879109
11.993 4.91581 8.52072 -0.249547 -0.427039 0.869117
13.0066 4.72923 8.80467 -0.36305 -0.461426 0.809494
14.08 4.44202 9.22238 -0.460063 -0.432423 0.775469
14.9714 4.1407 9.6226 -0.524697 -0.483354 0.700758
15.8139 3.78014 10.086 -0.619383 -0.491268 0.612389
16.2054 3.58182 10.3246 -0.618915 -0.507291 0.599666
15.9118 4.53249 10.7059 -0.637461 -0.418366 0.647003
15.1274 4.89774 10.1957 -0.594997 -0.40162 0.69619
14.2749 5.20711 9.73749 -0.481792 -0.379492 0.78985
13.2622 5.46151 9.3442 -0.351452 -0.449474 0.821252
12.312 5.6574 9.01167 -0.374115 -0.412348 0.830667
11.3166 5.80234 8.74781 -0.0813058 -0.371479 0.924874
10.133 5.83503 8.73504 0.0544233 -0.339769 0.938933
8.98683 5.79775 8.79596 0.0821158 -0.390449 0.916955
7.85086 5.68076 8.96255 0.337561 -0.370201 0.86545
6.9131 5.47988 9.30527 0.451332 -0.302646 0.839467
5.98325 5.21001 9.74096 0.47327 -0.343637 0.811128
5.06503 4.89161 10.223 0.568657 -0.343992 0.747194
4.24417 4.54004 10.7389 0.60515 -0.404764 0.685536
4.06267 4.46328 10.8513 0.606122 -0.414555 0.678793
4.15092 5.39011 11.2492 0.642225 -0.297692 0.706348
4.93625 5.72964 10.6902 0.605374 -0.29869 0.737772
5.79432 6.02185 10.2034 0.517999 -0.335335 0.78691
6.73707 6.30052 9.7159 0.487897 -0.305825 0.817574
7.81235 6.53353 9.27109 0.283413 -0.309406 0.907714
8.91628 6.64518 9.09963 0.0762512 -0.275184 0.958363
10.0302 6.6853 9.00681 0.0852031 -0.217576 0.972317
11.1505 6.67733 8.98681 -0.128042 -0.256481 0.958031
12.1189 6.55149 9.24491 -0.358911 -0.277154 0.891274
13.1245 6.35393 9.63089 -0.391382 -0.278728 0.877001
14.0267 6.13646 10.0123 -0.49419 -0.363697 0.789621
14.9387 5.82167 10.541 -0.583498 -0.378934 0.718289
15.7487 5.4639 11.1101 -0.651235 -0.383029 0.65512
15.8498 5.41654 11.184 -0.669573 -0.379926 0.638223
15.7616 6.33503 11.5972 -0.685608 -0.330117 0.648817
14.8852 6.71097 10.9568 -0.61322 -0.358075 0.70409
13.9831 7.02118 10.3837 -0.602595 -0.345634 0.719317
13.0499 7.28063 9.86835 -0.457316 -0.281185 0.84368
11.9785 7.46858 9.46148 -0.325048 -0.26368 0.908194
10.8609 7.57897 9.19154 -0.135891 -0.146458 0.979839
9.66314 7.59289 9.1883 0.0915851 -0.0858282 0.992092
8.65679 7.54293 9.30039 0.159822 -0.063868 0.985078
7.67975 7.42449 9.52343 0.387649 -0.151221 0.909319
6.74981 7.20698 10.0224 0.541321 -0.234904 0.807336
5.89561 6.95095 10.5124 0.539094 -0.28642 0.792049
4.91261 6.63397 11.0812 0.599639 -0.28508 0.747771
4.21738 6.33027 11.61 0.681884 -0.329308 0.653139
4.26348 7.27174 12.0109 0.708681 -0.299974 0.638582
5.03999 7.60501 11.3789 0.640867 -0.294294 0.709
5.95568 7.92536 10.7429 0.582811 -0.199933 0.787628
6.82642 8.19918 10.1212 0.600038 -0.0938922 0.794442
7.68369 8.38773 9.63342 0.381196 -0.0837386 0.920694
8.65842 8.51861 9.35843 0.191186 -0.0119623 0.981481
9.66056 8.5618 9.243 0.0582331 -0.000665138 0.998303
10.7764 8.53734 9.31425 -0.212685 -0.0836906 0.97353
11.8802 8.4271 9.62576 -0.336477 -0.107451 0.935541
12.8046 8.27342 9.99467 -0.452813 -0.180464 0.873151
13.6521 8.04131 10.5254 -0.605404 -0.221737 0.764407
14.4873 7.75224 11.1365 -0.5933 -0.27028 0.75825
15.3647 7.42229 11.7392 -0.67172 -0.309398 0.673101
15.6167 7.31241 11.9431 -0.697101 -0.314937 0.6441
15.7165 8.18808 12.4571 -0.710606 -0.287505 0.642168
14.9832 8.52397 11.8405 -0.666068 -0.259495 0.699297
14.2171 8.82296 11.2355 -0.652246 -0.19715 0.731921
13.4564 9.08704 10.6416 -0.625128 -0.178272 0.759891
12.5835 9.31306 10.0401 -0.530143 -0.119318 0.839471
11.6178 9.46898 9.58841 -0.352139 -0.121014 0.928091
10.4937 9.55874 9.30402 -0.17229 -0.0622397 0.983078
9.40517 9.55521 9.32024 0.154423 -0.0444042 0.987007
8.3692 9.49846 9.51559 0.286152 -0.122898 0.95027
7.34869 9.3402 9.9361 0.573042 -0.141488 0.80722
6.55035 9.11804 10.4968 0.682458 -0.192768 0.705048
5.81086 8.84803 11.138 0.684015 -0.23049 0.692096
4.98746 8.5158 11.8265 0.669509 -0.299558 0.679723
4.30801 8.21177 12.3962 0.716475 -0.284394 0.637012
4.24994 9.13064 12.8819 0.746038 -0.296071 0.596465
4.95224 9.45621 12.2479 0.697366 -0.269682 0.664043
5.70874 9.78957 11.5722 0.709392 -0.235995 0.66413
6.4877 10.1073 10.8605 0.708697 -0.215061 0.671936
7.32115 10.3988 10.1113 0.67106 -0.075346 0.737565
8.32884 10.5552 9.58129 0.255947 0.043726 0.965701
9.3335 10.6173 9.34468 0.203556 0.0369165 0.978367
10.3428 10.598 9.26694 -0.205327 0.0513857 0.977343
11.3245 10.567 9.55132 -0.352613 0.0223844 0.935502
12.3068 10.4297 10.0018 -0.530963 -0.0435306 0.846276
13.101 10.234 10.5746 -0.630377 -0.103188 0.769401
13.912 9.96061 11.234 -0.68152 -0.160216 0.714046
14.6894 9.60447 11.9683 -0.713413 -0.28025 0.642264
15.5183 9.23763 12.7046 -0.713572 -0.289687 0.637884
15.6856 9.15644 12.8542 -0.710075 -0.309194 0.632608
15.6185 10.1207 13.2611 -0.739618 -0.30167 0.601631
14.9171 10.4765 12.6008 -0.746549 -0.239199 0.620845
14.2154 10.8691 11.831 -0.776944 -0.178611 0.603702
13.4909 11.202 11.0906 -0.733167 -0.157259 0.661616
12.7824 11.4661 10.4172 -0.701822 -0.0677679 0.709121
11.9795 11.6275 9.78883 -0.503281 0.0597576 0.862054
11.0334 11.7261 9.27786 -0.352052 0.156524 0.9228
10.0325 11.7372 9.05817 -0.00921456 0.099628 0.994982
9.0181 11.6923 9.25453 0.230692 0.147359 0.961804
8.00529 11.6447 9.59399 0.564087 0.144807 0.812919
7.2803 11.499 10.2828 0.751329 -0.0831419 0.654669
6.59439 11.2392 10.9811 0.734755 -0.115269 0.668467
5.89497 10.9025 11.7409 0.770225 -0.159593 0.617482
5.15714 10.5246 12.4682 0.732262 -0.271452 0.624585
4.37523 10.1283 13.2298 0.764508 -0.294381 0.57347
4.34571 10.112 13.2608 0.762442 -0.297935 0.574385
4.36917 11.0476 13.7103 0.771549 -0.302165 0.559829
5.03346 11.4577 13.0254 0.754686 -0.266963 0.599316
5.76912 11.902 12.1993 0.792228 -0.180098 0.583043
6.38904 12.3068 11.4369 0.788344 -0.140999 0.598859
7.00465 12.621 10.7076 0.794837 0.0142831 0.606655
7.75234 12.9128 9.78427 0.766766 -0.0455718 0.640307
8.61649 12.9967 9.1579 0.355063 0.163854 0.920371
9.55776 13.1085 8.81072 0.300127 0.353442 0.886003
10.5718 13.0334 8.75583 -0.198811 0.388044 0.899942
11.5995 13.0306 9.30629 -0.493181 0.209928 0.844217
12.399 12.857 9.8875 -0.645784 0.191292 0.739169
12.9684 12.656 10.6869 -0.838863 0.0530298 0.541753
13.5664 12.3079 11.4626 -0.776316 -0.173952 0.605867
14.2435 11.9183 12.2025 -0.782718 -0.177782 0.596445
14.8596 11.5198 12.9284 -0.791279 -0.237576 0.563413
15.5161 11.1163 13.6354 -0.747424 -0.302493 0.591486
15.6535 11.0371 13.7751 -0.764091 -0.302599 0.569736
15.6065 12.007 14.2175 -0.773147 -0.288329 0.564899
14.935 12.4555 13.5101 -0.794615 -0.30651 0.52406
14.2694 12.9672 12.6966 -0.833926 -0.308014 0.457924
13.6964 13.4234 11.9266 -0.841894 -0.171583 0.511639
13.1837 13.9169 10.9782 -0.904586 0.0495453 0.423402
12.767 14.2851 10.0899 -0.87915 0.0828954 0.469281
12.1035 14.4546 9.09869 -0.650125 0.395845 0.648571
11.375 14.544 8.39066 -0.502776 0.450216 0.737917
10.4283 14.5777 7.97475 -0.0341798 0.499362 0.865719
9.37762 14.6052 8.12528 0.206493 0.515316 0.831751
8.43413 14.5146 8.60265 0.458696 0.522483 0.718755
7.74848 14.4874 9.321 0.756483 0.367421 0.54105
7.18115 14.2731 10.1844 0.842582 0.143586 0.519075
6.712 13.7993 11.1809 0.919651 0.017904 0.392329
6.21602 13.2981 12.0908 0.850501 -0.227005 0.474465
5.64552 12.8603 12.8107 0.823859 -0.344861 0.449808
5.03104 12.4008 13.5238 0.804863 -0.335259 0.489691
4.47633 12.0085 14.1259 0.774829 -0.351131 0.525687
4.52602 12.9217 14.6818 0.786361 -0.356209 0.504729
5.15531 13.4039 14.022 0.790793 -0.348356 0.503285
5.84113 13.9399 13.2821 0.807542 -0.356116 0.470168
6.35865 14.5908 12.4668 0.951529 -0.073394 0.298675
6.63714 15.1693 11.6226 0.962215 -0.0581049 0.266018
6.85181 15.7499 10.7362 0.975359 0.0628131 0.211495
6.97758 16.2851 9.8147 0.964013 0.166493 0.207264
7.15536 16.7167 8.87804 0.909732 0.27887 0.307602
7.54998 17.109 7.95397 0.799366 0.243368 0.549351
8.18811 17.3019 7.12895 0.689166 0.276748 0.669672
9.16904 17.4798 6.68136 0.0539718 0.341721 0.93825
10.2042 17.5931 6.66837 -0.118129 0.330449 0.936402
11.1646 17.4332 6.91115 -0.323799 0.254851 0.911156
12.0662 17.4803 7.41311 -0.537206 0.314366 0.782677
12.5608 16.9603 8.03774 -0.605105 0.274464 0.74734
12.9986 16.7352 9.0017 -0.942343 0.186124 0.278115
13.1056 16.2276 9.89896 -0.952654 0.235137 0.192773
13.254 15.7589 10.9786 -0.978034 0.0522501 0.20179
13.5029 15.161 11.7784 -0.953504 -0.100072 0.284281
13.8129 14.5274 12.5988 -0.947394 -0.0909118 0.306888
14.277 13.9285 13.3861 -0.873914 -0.289412 0.390531
15.0342 13.3638 14.1614 -0.752775 -0.383585 0.53497
15.5447 12.9822 14.6648 -0.792043 -0.354378 0.497075
15.2737 13.9535 15.109 -0.772665 -0.467734 0.4292
14.5282 14.5775 14.4019 -0.797258 -0.463705 0.386469
14.0349 15.1887 13.7363 -0.923565 -0.251557 0.289391
13.7071 15.8924 13.0873 -0.951724 -0.280684 0.12425
13.4143 16.6666 12.4453 -0.981933 -0.169697 0.0837269
13.3401 17.6243 11.7735 -0.998043 -0.0250224 -0.0573027
13.367 18.7084 11.2376 -0.974646 -0.0860616 -0.206538
13.4336 19.5775 10.6881 -0.964925 -0.0422108 -0.259111
13.4556 20.6643 10.1893 -0.959138 -0.129561 -0.25153
13.3731 21.6701 9.82483 -0.965662 -0.164283 -0.201265
13.2147 22.6766 9.4561 -0.951004 -0.223848 -0.21327
12.9105 23.6777 9.25532 -0.945386 -0.325258 -0.0212954
12.5816 24.6823 9.29147 -0.941309 -0.333997 0.0488251
12.1683 25.6058 9.26507 -0.774978 -0.582754 -0.244555
11.5187 26.3636 9.16303 -0.518567 -0.725087 -0.453141
11.4411 26.6429 8.46887 -0.751321 -0.622167 0.220059
10.4701 27.1179 8.19423 -0.215681 -0.909034 -0.356566
9.61752 27.0553 8.44234 0.146656 -0.822397 -0.549687
8.75171 26.8929 8.00242 0.52796 -0.77965 -0.336755
8.10325 26.1008 8.08374 0.878528 -0.452264 0.153772
7.60197 25.1606 8.45673 0.931948 -0.361901 -0.0223775
7.46977 24.6807 9.2767 0.914248 -0.394927 -0.0904586
7.0273 23.6748 9.28808 0.952823 -0.288398 -0.0946286
6.78905 22.7063 9.7014 0.956231 -0.207295 -0.20652
6.65407 21.8296 10.1431 0.947833 -0.208905 -0.240772
6.49738 20.7691 10.3071 0.970974 -0.142284 -0.19226
6.45916 19.667 10.5663 0.96566 -0.0618777 -0.252335
6.66967 18.7968 10.9973 0.972675 0.0785178 -0.218489
6.79286 17.8432 11.4762 0.985463 -0.0209281 -0.168597
6.80686 16.9377 12.2009 0.981815 -0.169469 -0.0855593
6.60299 16.1618 12.8201 0.954044 -0.285271 0.0917611
6.24006 15.4086 13.4891 0.923244 -0.31218 0.223975
5.74044 14.7505 14.1648 0.811201 -0.40257 0.424135
5.09147 14.2129 14.7739 0.801294 -0.422852 0.423231
4.80025 13.9573 15.0634 0.772472 -0.417713 0.478333
5.11335 14.876 15.5738 0.758141 -0.522897 0.389616
5.7681 15.44 15.0574 0.778522 -0.541109 0.317968
6.33644 16.1274 14.4929 0.907756 -0.384875 0.166887
6.77029 16.9734 13.9554 0.89437 -0.436304 0.0986958
7.24372 17.8267 13.4952 0.850902 -0.512714 -0.114409
7.65592 18.7329 13.3216 0.759532 -0.327365 -0.562089
7.94857 19.7761 13.2571 0.665742 -0.276281 -0.693149
8.76251 20.4741 13.4613 0.309734 -0.423724 -0.851189
9.70638 20.8305 13.576 0.188277 -0.411561 -0.891723
10.7292 20.8564 13.5946 -0.248079 -0.511857 -0.822472
11.563 20.3449 13.5427 -0.523234 -0.516604 -0.677751
12.2628 19.5687 13.3873 -0.793202 -0.31709 -0.519889
12.5755 18.589 13.373 -0.865448 -0.227706 -0.446262
12.918 17.6771 13.6249 -0.817016 -0.560543 -0.135188
13.3544 16.7955 14.1198 -0.901314 -0.422513 -0.0954723
13.7681 16.003 14.6033 -0.827949 -0.552032 0.0987951
14.3789 15.3441 15.1474 -0.790476 -0.538771 0.291329
14.9022 14.9046 15.5911 -0.774888 -0.511467 0.371417
14.2625 16.0028 15.9988 -0.719326 -0.620642 0.312048
13.4277 16.7774 15.4464 -0.783634 -0.592089 0.18801
12.7786 17.5455 15.0696 -0.801687 -0.589454 -0.0992055
12.0535 18.4566 14.7572 -0.706795 -0.685635 -0.1742
11.1536 19.0535 14.6219 -0.285175 -0.750582 -0.596072
10.1634 19.2853 14.5927 -0.173817 -0.792789 -0.584186
9.16055 19.2494 14.601 0.180867 -0.777858 -0.60185
8.21029 18.7727 14.7969 0.486627 -0.821545 -0.297084
7.50109 18.0296 14.8866 0.807977 -0.584439 -0.074864
6.91348 17.187 15.2162 0.811751 -0.583971 -0.00617031
6.28861 16.4395 15.6275 0.775501 -0.609699 0.163905
5.7281 15.9201 16.0055 0.734018 -0.626167 0.26293
6.52921 16.9634 16.523 0.715394 -0.666891 0.208489
7.28408 17.6209 16.2019 0.67077 -0.740885 0.0340084
8.14986 18.2204 15.9336 0.311478 -0.878471 -0.362312
9.10274 18.6078 15.8714 0.166063 -0.921157 -0.351984
10.1198 18.7152 15.7532 -0.0662646 -0.959217 -0.274794
11.2499 18.5443 15.8631 -0.175771 -0.957595 -0.22829
12.2237 18.0366 16.0473 -0.604335 -0.780416 -0.160405
12.9652 17.3696 16.3063 -0.620095 -0.78242 0.0574566
13.4562 17.0078 16.5085 -0.61551 -0.77926 0.117904
11.7557 18.1582 17.0084 -0.333062 -0.938596 -0.0900406
10.6877 18.4055 16.8937 -0.148253 -0.983067 -0.107702
9.68373 18.4831 16.8889 0.0252036 -0.992196 -0.122113
8.6864 18.249 16.9368 0.284135 -0.955308 -0.0815755
8.08642 18.0075 17.0254 0.356791 -0.93304 -0.0462335
4.06958 1.54615 8.35762 0.499942 -0.638153 0.585507
5.01867 1.91599 7.9932 0.463331 -0.629332 0.623912
6.00273 2.26423 7.63167 0.421623 -0.622708 0.659142
6.97392 2.5173 7.354 0.317094 -0.584074 0.747201
8.03858 2.71658 7.12709 0.209314 -0.580134 0.787167
9.17549 2.80678 7.02332 0.0644415 -0.518138 0.852866
10.1894 2.83248 6.99232 -0.000974214 -0.53705 0.84355
11.3175 2.79373 7.03028 -0.114427 -0.539971 0.833869
12.3014 2.67464 7.16672 -0.225244 -0.57117 0.789322
13.376 2.47898 7.37476 -0.319956 -0.59534 0.73702
14.4309 2.19092 7.67766 -0.407672 -0.607239 0.681956
15.3445 1.87331 7.99284 -0.458114 -0.604925 0.651304
15.9562 1.63497 8.21808 -0.479858 -0.620227 0.620528
14.3552 1.56798 7.04804 -0.395723 -0.642704 0.655999
13.3536 1.81902 6.81226 -0.28174 -0.638685 0.716034
12.253 2.00487 6.62904 -0.211188 -0.627239 0.749647
11.2545 2.10453 6.53352 -0.089436 -0.599069 0.795687
10.2263 2.15401 6.48536 -0.0342842 -0.626818 0.778411
9.21418 2.1404 6.50138 0.0556888 -0.655651 0.753007
8.17269 2.06531 6.57962 0.159206 -0.643944 0.748325
7.07381 1.89191 6.75874 0.276234 -0.650476 0.707514
6.12149 1.67142 6.97762 0.368982 -0.681516 0.631971
5.63571 1.52074 7.12207 0.417096 -0.661329 0.623438
8.32424 1.46355 5.98741 0.108276 -0.674314 0.730464
9.39187 1.52243 5.93201 0.0551125 -0.675583 0.735221
10.4277 1.51716 5.93482 -0.0459656 -0.682582 0.729362
11.1342 1.48373 5.96424 -0.0736626 -0.674547 0.734548
11.1667 1.48186 5.96587 -0.0874298 -0.668624 0.738443
