1.4935 47.4671 37.2647 0.000983217 -0.850169 0.526509
1.51381 48.0717 38.2409 0.000992764 -0.850167 0.526512
1.53363 48.6342 39.1492 0.000986823 -0.850167 0.526512
1.77637 49.1321 39.9527 0.000989732 -0.850173 0.526503
2.91791 49.1453 39.9719 0.00098656 -0.850167 0.526512
3.93129 49.1391 39.9599 0.000993591 -0.850169 0.526509
4.93814 49.147 39.9707 0.000995409 -0.850167 0.526512
6.02066 49.1453 39.966 0.000982655 -0.850161 0.526521
7.05323 49.1524 39.9756 0.000994761 -0.850158 0.526527
8.16367 49.1555 39.9785 0.000985928 -0.850165 0.526516
9.21537 49.1453 39.9599 0.000993329 -0.850164 0.526517
10.2347 49.1513 39.9677 0.000984014 -0.850168 0.526511
11.3856 49.1309 39.9326 0.000983933 -0.850169 0.526509
12.4567 49.1423 39.9491 0.000996905 -0.850162 0.52652
13.4903 49.1486 39.9573 0.00098832 -0.850165 0.526516
14.5324 49.1488 39.9556 0.000989475 -0.850168 0.526511
15.5856 49.1543 39.9625 0.000993342 -0.850168 0.52651
16.7037 49.1564 39.9639 0.00098868 -0.850168 0.526511
17.8001 49.1645 39.9748 0.000984115 -0.850168 0.526511
18.8637 49.1503 39.95 0.000988394 -0.85017 0.526507
20.0602 49.1575 39.9593 0.000994683 -0.850162 0.52652
21.0695 49.1488 39.9434 0.000983292 -0.850167 0.526512
22.1079 49.1531 39.9484 0.000978802 -0.850171 0.526505
23.1253 49.1471 39.9368 0.000985358 -0.850166 0.526514
24.1353 49.1615 39.9582 0.000978036 -0.850169 0.52651
25.1974 49.1551 39.9459 0.000993629 -0.850162 0.52652
26.237 49.1567 39.9464 0.000985831 -0.850168 0.526511
27.2695 49.1593 39.9488 0.00098543 -0.850166 0.526514
28.2704 49.1448 39.9235 0.000990621 -0.85017 0.526508
29.2943 49.1515 39.9324 0.000993696 -0.850162 0.52652
30.4534 49.1719 39.9631 0.000988862 -0.850162 0.52652
31.5107 49.1697 39.9575 0.000987919 -0.850165 0.526515
32.5979 49.1645 39.9471 0.000985355 -0.850172 0.526505
33.704 49.1751 39.9622 0.000979471 -0.850165 0.526516
34.7598 49.1609 39.9372 0.000990029 -0.850166 0.526514
35.9161 49.1663 39.9438 0.000987827 -0.850169 0.526508
36.9688 49.1688 39.9458 0.000984971 -0.850169 0.526509
38.0721 49.1828 39.9664 0.000988125 -0.850173 0.526502
39.0722 49.1826 39.9642 0.000985478 -0.850164 0.526517
40.2573 49.1821 39.9612 0.000986405 -0.850165 0.526516
41.3201 49.1792 39.9545 0.000977652 -0.850165 0.526516
42.3939 49.1842 39.9606 0.00098975 -0.850168 0.526511
43.5819 49.1787 39.9494 0.000992775 -0.850159 0.526525
44.7944 49.1826 39.9534 0.000991836 -0.850168 0.526511
45.8949 49.1759 39.9407 0.000992157 -0.850167 0.526512
46.958 49.1856 39.9543 0.000993053 -0.85017 0.526507
48.1286 49.1825 39.9471 0.000982809 -0.850173 0.526502
48.4519 48.7393 39.2309 0.000991473 -0.850166 0.526514
48.4563 48.1542 38.286 0.000994587 -0.85017 0.526508
48.4514 47.5784 37.3563 0.000987002 -0.85017 0.526507
48.4554 47.0197 36.4541 0.000987805 -0.85017 0.526508
48.4591 46.4876 35.5949 0.000989415 -0.850171 0.526506
48.4887 45.9369 34.7056 0.000981747 -0.85017 0.526508
48.4648 45.3585 33.7717 0.000989027 -0.850167 0.526512
48.4614 44.7711 32.8232 0.000988787 -0.85017 0.526507
48.4606 44.2173 31.929 0.000984961 -0.850171 0.526505
48.4748 43.6856 31.0704 0.000996608 -0.850166 0.526514
48.4713 43.1378 30.1859 0.000977516 -0.850169 0.526509
48.4709 42.5418 29.2234 0.000994547 -0.850172 0.526504
48.4599 41.9524 28.2718 0.000984726 -0.850169 0.526509
48.4632 41.3782 27.3447 0.000984426 -0.850173 0.526503
48.464 40.7958 26.4042 0.000993639 -0.850173 0.526502
48.4561 40.2552 25.5313 0.000996183 -0.850169 0.526509
48.4648 39.7271 24.6785 0.0009876 -0.850169 0.526509
48.4694 39.1598 23.7624 0.000985815 -0.85017 0.526507
48.4634 38.626 22.9006 0.000986677 -0.850171 0.526505
48.4592 38.0947 22.0427 0.000991436 -0.850165 0.526515
48.467 37.5293 21.1296 0.000985082 -0.850168 0.52651
48.4117 36.9059 20.1232 0.000998773 -0.850168 0.52651
47.331 36.8172 19.982 0.000998303 -0.850169 0.526509
46.2898 36.8204 19.9891 0.000992054 -0.850167 0.526512
45.2832 36.811 19.9758 0.000983887 -0.850168 0.52651
44.2275 36.8188 19.9903 0.000986675 -0.850166 0.526514
43.1904 36.805 19.9701 0.000988247 -0.850162 0.52652
42.1051 36.8137 19.9862 0.000998702 -0.850164 0.526517
41.0781 36.8108 19.9834 0.000989331 -0.850168 0.526511
40.0571 36.8035 19.9736 0.000986949 -0.850169 0.526509
39.038 36.8042 19.9766 0.000995299 -0.850175 0.526499
38.0213 36.8122 19.9914 0.00099056 -0.850167 0.526511
36.9119 36.8087 19.9878 0.000993104 -0.850165 0.526516
35.81 36.8052 19.9843 0.000984293 -0.850166 0.526513
34.791 36.8032 19.983 0.000991053 -0.850171 0.526505
33.66 36.7934 19.9692 0.000992194 -0.850164 0.526517
32.4872 36.7964 19.9764 0.000985455 -0.850165 0.526516
31.4305 36.7983 19.9813 0.000989452 -0.85017 0.526508
30.4183 36.802 19.9892 0.00099722 -0.850169 0.526509
29.3156 36.8048 19.9958 0.000991616 -0.850169 0.526509
28.2416 36.8039 19.9964 0.000993699 -0.850166 0.526514
27.2304 36.8035 19.9976 0.000984021 -0.850169 0.526509
26.1842 36.8122 20.0136 0.000987862 -0.850167 0.526512
25.1325 36.8102 20.0123 0.00099233 -0.850168 0.52651
24.1024 36.8074 20.0098 0.000989988 -0.850167 0.526513
23.0539 36.8055 20.0087 0.000998009 -0.850169 0.526509
22.0344 36.7949 19.9935 0.00100243 -0.850167 0.526513
21.0134 36.7811 19.9731 0.000989504 -0.850161 0.526522
20.0121 36.7803 19.9737 0.000989434 -0.850168 0.526511
18.9921 36.7755 19.9678 0.00099087 -0.850165 0.526516
17.9112 36.7823 19.9809 0.00098921 -0.850168 0.52651
16.8602 36.7837 19.9852 0.000985762 -0.850166 0.526513
15.7765 36.786 19.9909 0.000988344 -0.85017 0.526507
14.6745 36.8027 20.0199 0.000988099 -0.850166 0.526514
13.5981 36.7972 20.0131 0.000990548 -0.850168 0.52651
12.4538 36.7888 20.0017 0.000988692 -0.850166 0.526513
11.3298 36.7857 19.9987 0.00100218 -0.850164 0.526518
10.1975 36.7753 19.9841 0.000991251 -0.850168 0.526511
9.08752 36.7759 19.9872 0.00099112 -0.850161 0.526522
7.90952 36.7737 19.9858 0.000987209 -0.850167 0.526512
6.82701 36.7637 19.9717 0.000982259 -0.850163 0.526518
5.69833 36.7725 19.9881 0.000988681 -0.850168 0.52651
4.54647 36.7615 19.9724 0.000995361 -0.850167 0.526512
3.48937 36.7604 19.9726 0.000987765 -0.850168 0.52651
2.45556 36.7596 19.9733 0.000986407 -0.850168 0.52651
1.54201 36.8727 20.1576 0.000989972 -0.850165 0.526515
1.53466 37.4352 21.066 0.000984858 -0.850167 0.526512
1.53658 38.0685 22.0885 0.000991705 -0.850166 0.526514
1.53034 38.6398 23.011 0.000989993 -0.850168 0.52651
1.5334 39.2356 23.9731 0.000985398 -0.850173 0.526503
1.53548 39.783 24.8569 0.000996622 -0.850166 0.526514
1.53303 40.3826 25.8252 0.000989455 -0.850166 0.526514
1.53735 40.9597 26.757 0.000993386 -0.850166 0.526513
1.5386 41.5061 27.6393 0.000984137 -0.850167 0.526513
1.54191 42.0603 28.5342 0.000986836 -0.850168 0.52651
1.53692 42.591 29.3911 0.000994661 -0.850165 0.526515
1.51574 43.1236 30.2512 0.000978578 -0.850167 0.526512
1.51015 43.6832 31.1547 0.000986084 -0.850166 0.526515
1.49761 44.2526 32.0742 0.000995907 -0.850169 0.526509
1.49772 44.837 33.0177 0.000994431 -0.850168 0.526511
1.51529 45.4277 33.9717 0.000991231 -0.850167 0.526512
1.51067 46.0095 34.9111 0.000983644 -0.850166 0.526514
1.49995 46.6071 35.876 0.000987989 -0.850168 0.52651
1.5114 47.1622 36.7724 0.000988237 -0.850166 0.526514
1.49556 47.4163 37.1827 0.000978066 -0.850166 0.526514
0.55164 47.4183 37.1876 0.000983298 -0.850167 0.526512
0.564486 47.9728 38.0829 0.000994243 -0.850166 0.526513
0.564979 48.521 38.9682 0.000990113 -0.850166 0.526514
0.563884 49.1194 39.9343 0.000994875 -0.850166 0.526514
0.776408 49.6171 40.7376 0.00099564 -0.850165 0.526516
1.92861 49.6356 40.7655 0.000995536 -0.850163 0.526518
3.07027 49.6271 40.7495 0.000991572 -0.850167 0.526512
4.23969 49.6438 40.7743 0.000997329 -0.850164 0.526518
5.31164 49.6334 40.7555 0.000993975 -0.850166 0.526513
6.3409 49.6426 40.7683 0.00099434 -0.850166 0.526513
7.38711 49.639 40.7606 0.000998012 -0.850162 0.52652
8.45691 49.6447 40.7679 0.000989736 -0.850165 0.526515
9.60886 49.6356 40.7509 0.000993666 -0.850165 0.526516
10.6433 49.6419 40.7591 0.000991942 -0.85017 0.526507
11.7134 49.6389 40.7523 0.000993298 -0.850163 0.526518
12.7218 49.6418 40.755 0.000983552 -0.850158 0.526527
13.8774 49.6439 40.7563 0.000991588 -0.850165 0.526516
15.0156 49.6474 40.7598 0.000979728 -0.850169 0.526509
16.1963 49.6476 40.758 0.000985157 -0.850162 0.526521
17.288 49.6506 40.7607 0.000987968 -0.850163 0.526518
18.3317 49.6475 40.7537 0.000987743 -0.850167 0.526512
19.3598 49.6511 40.7577 0.00098448 -0.850162 0.526521
20.4565 49.6523 40.7575 0.000987796 -0.85017 0.526507
21.5882 49.6545 40.759 0.000985861 -0.850165 0.526516
22.69 49.654 40.756 0.000983767 -0.850167 0.526513
23.7916 49.6503 40.7481 0.000990582 -0.850168 0.526511
24.9223 49.6516 40.748 0.000983604 -0.850164 0.526517
25.9852 49.648 40.7402 0.000983687 -0.850163 0.526518
27.1338 49.6504 40.742 0.000981929 -0.850168 0.52651
28.1485 49.6453 40.7318 0.000984849 -0.850166 0.526514
29.208 49.6502 40.7377 0.000981997 -0.850171 0.526506
30.2291 49.6555 40.7444 0.000982796 -0.850165 0.526516
31.3592 49.6599 40.7493 0.000988926 -0.850172 0.526504
32.4878 49.6611 40.7492 0.000990277 -0.850171 0.526506
33.5334 49.6679 40.7582 0.000978542 -0.850167 0.526513
34.5728 49.6551 40.7356 0.000995864 -0.850161 0.526522
35.5942 49.6588 40.7397 0.000985343 -0.850159 0.526525
36.6437 49.6594 40.7386 0.000992398 -0.850163 0.526519
37.7054 49.6631 40.7427 0.000988652 -0.850167 0.526512
38.7524 49.6699 40.7517 0.000984135 -0.850163 0.526519
39.7851 49.6747 40.7575 0.000983441 -0.850169 0.52651
40.9522 49.6768 40.7586 0.00099677 -0.850166 0.526513
41.9924 49.6759 40.7553 0.0009927 -0.850166 0.526514
43.0188 49.6718 40.7467 0.000982707 -0.850167 0.526512
44.0549 49.6773 40.7537 0.000973562 -0.850169 0.52651
45.1747 49.6766 40.7504 0.000992392 -0.850165 0.526516
46.2861 49.6741 40.7443 0.000986952 -0.850168 0.52651
47.3652 49.68 40.7518 0.000990672 -0.850169 0.526509
48.3652 49.6815 40.7524 0.000983693 -0.85017 0.526507
49.3872 49.5258 40.4991 0.000990285 -0.850166 0.526514
49.4013 48.9628 39.5899 0.000983661 -0.850169 0.52651
49.4171 48.4023 38.6849 0.000996926 -0.850168 0.52651
49.4161 47.8306 37.7617 0.000985513 -0.850164 0.526516
49.406 47.2778 36.8691 0.000983548 -0.850168 0.526511
49.4241 46.7344 35.9916 0.000981546 -0.850174 0.5265
49.4266 46.1834 35.1018 0.000990417 -0.850174 0.526502
49.4279 45.5748 34.1192 0.000996451 -0.850168 0.526511
49.4079 45.0466 33.2663 0.000987533 -0.850174 0.526502
49.4195 44.4718 32.3381 0.000986561 -0.850165 0.526515
49.4206 43.8962 31.4087 0.000982624 -0.850164 0.526516
49.4083 43.3051 30.4543 0.00099461 -0.85017 0.526507
49.4189 42.7685 29.5877 0.000990575 -0.850167 0.526513
49.4053 42.2263 28.7123 0.0009982 -0.850169 0.52651
49.4059 41.6586 27.7956 0.000982135 -0.850168 0.52651
49.4185 41.0973 26.8893 0.000990123 -0.850168 0.52651
49.4211 40.557 26.0169 0.000996037 -0.850172 0.526504
49.4049 40.0151 25.1419 0.000986557 -0.850172 0.526504
49.412 39.4341 24.2036 0.000994203 -0.850169 0.52651
49.4067 38.9019 23.3443 0.000990113 -0.85017 0.526508
49.419 38.3198 22.4043 0.000982883 -0.850167 0.526513
49.4137 37.7573 21.4961 0.000988817 -0.850167 0.526512
49.4145 37.2202 20.6288 0.000991785 -0.850169 0.526508
49.4132 36.664 19.7307 0.000991831 -0.850168 0.52651
48.8386 36.3133 19.1655 0.000991672 -0.850166 0.526513
47.7842 36.3192 19.177 0.000992026 -0.850167 0.526512
46.7777 36.3107 19.1652 0.000993058 -0.850167 0.526512
45.7656 36.3098 19.1657 0.00100243 -0.850167 0.526512
44.6607 36.32 19.1842 0.000985628 -0.850172 0.526504
43.6597 36.3229 19.1908 0.000983233 -0.850173 0.526502
42.4996 36.3141 19.1787 0.000994954 -0.850168 0.52651
41.4258 36.3064 19.1683 0.000991742 -0.850166 0.526514
40.3348 36.3135 19.1818 0.000995834 -0.850167 0.526512
39.3085 36.3236 19.2 0.000992766 -0.85017 0.526508
38.2939 36.315 19.188 0.000992623 -0.850165 0.526516
37.2051 36.3114 19.1844 0.00100068 -0.850172 0.526504
36.0647 36.3154 19.1928 0.000987421 -0.85017 0.526508
34.9042 36.313 19.1912 0.000992492 -0.850173 0.526502
33.8082 36.2934 19.1616 0.000987009 -0.850171 0.526506
32.7081 36.297 19.1694 0.000993599 -0.850169 0.526508
31.6679 36.3063 19.1864 0.000995563 -0.850166 0.526513
30.5766 36.2991 19.1769 0.000991139 -0.850173 0.526502
29.539 36.3 19.1802 0.00099704 -0.85017 0.526507
28.4015 36.2989 19.1807 0.000985359 -0.850167 0.526512
27.3799 36.3024 19.1882 0.000986414 -0.850167 0.526512
26.2979 36.31 19.2025 0.000988679 -0.85017 0.526508
25.2444 36.3097 19.2041 0.000982915 -0.850168 0.526511
24.2163 36.3076 19.2026 0.000991713 -0.850168 0.52651
23.1512 36.307 19.2036 0.000986864 -0.850167 0.526512
22.0992 36.2976 19.1903 0.000990973 -0.850165 0.526515
21.0346 36.2845 19.1712 0.000994163 -0.850161 0.526522
20.0296 36.2816 19.1685 0.000986432 -0.850166 0.526514
18.9863 36.2756 19.1607 0.000995639 -0.850172 0.526504
17.9266 36.2772 19.1653 0.000984047 -0.850168 0.526511
16.8859 36.2798 19.1714 0.000984135 -0.850168 0.526511
15.872 36.2799 19.1735 0.000989244 -0.850166 0.526513
14.7678 36.2889 19.1902 0.000987945 -0.850169 0.526509
13.6476 36.2864 19.1882 0.000984188 -0.850168 0.526511
12.5217 36.2944 19.2031 0.000987701 -0.850167 0.526512
11.3953 36.2899 19.198 0.000989105 -0.850168 0.526511
10.3706 36.2805 19.1848 0.000989094 -0.85017 0.526508
9.30509 36.2823 19.1898 0.000980718 -0.850171 0.526506
8.20179 36.2817 19.1909 0.000992482 -0.850164 0.526516
7.1836 36.2715 19.1762 0.000986392 -0.850166 0.526514
6.12442 36.264 19.1661 0.000991594 -0.850165 0.526515
5.03983 36.2626 19.166 0.000979324 -0.850165 0.526516
3.93238 36.2616 19.1664 0.000993731 -0.850169 0.52651
2.87729 36.263 19.1706 0.000983021 -0.850166 0.526514
1.81133 36.2576 19.1639 0.000991214 -0.850166 0.526514
0.797116 36.263 19.1746 0.000991242 -0.850166 0.526513
0.575541 36.73 19.9291 0.000982174 -0.850168 0.52651
0.585178 37.265 20.7929 0.000989183 -0.850168 0.526511
0.588531 37.816 21.6826 0.000987238 -0.850167 0.526511
0.585484 38.347 22.5401 0.000990545 -0.850164 0.526517
0.588483 38.8931 23.4218 0.000998896 -0.850171 0.526506
0.584342 39.4556 24.3301 0.000992827 -0.85017 0.526508
0.589572 40.0152 25.2336 0.000988826 -0.850166 0.526513
0.582384 40.5976 26.1741 0.000995857 -0.850167 0.526512
0.580695 41.1822 27.1181 0.000993927 -0.850167 0.526512
0.595735 41.7156 27.9793 0.00099458 -0.850165 0.526516
0.589042 42.2762 28.8846 0.000988897 -0.850169 0.526508
0.580452 42.855 29.8192 0.000998251 -0.850168 0.526511
0.561358 43.3957 30.6923 0.000985776 -0.850167 0.526512
0.546311 43.9306 31.556 0.000990067 -0.850165 0.526515
0.549058 44.5347 32.5315 0.000989577 -0.850165 0.526515
0.563321 45.1492 33.5238 0.000987372 -0.850167 0.526511
0.563216 45.6819 34.3839 0.000990886 -0.850166 0.526514
0.573872 46.2259 35.2621 0.000993947 -0.850168 0.526511
0.558013 46.7601 36.1248 0.000987335 -0.85017 0.526508
0.551052 47.3967 37.1528 0.000988095 -0.850167 0.526512
1.97992 47.2864 36.9719 0.00099681 -0.850169 0.52651
3.0274 47.2873 36.9714 0.000984671 -0.85017 0.526507
4.13785 47.2882 36.9708 0.000993794 -0.850165 0.526515
5.18099 47.2891 36.9703 0.000991642 -0.850169 0.52651
6.27662 47.29 36.9697 0.000978262 -0.850166 0.526513
7.33969 47.2909 36.9692 0.000975404 -0.850168 0.526511
8.4744 47.2918 36.9686 0.00098849 -0.850173 0.526502
9.56933 47.2928 36.968 0.000980209 -0.850161 0.526522
10.6592 47.2937 36.9674 0.00098699 -0.850167 0.526511
11.7373 47.2946 36.9669 0.000992448 -0.85017 0.526507
12.8803 47.2955 36.9663 0.000990184 -0.850164 0.526517
13.9139 47.2964 36.9657 0.000995223 -0.850168 0.526511
15.1052 47.2974 36.9651 0.000997427 -0.850166 0.526514
16.2394 47.2984 36.9645 0.000988838 -0.850164 0.526517
17.3577 47.2993 36.9639 0.000987855 -0.850172 0.526504
18.3945 47.3002 36.9634 0.000973594 -0.850167 0.526513
19.5624 47.3012 36.9628 0.000990154 -0.85017 0.526508
20.598 47.302 36.9623 0.000989917 -0.850161 0.526521
21.6843 47.3029 36.9617 0.000993094 -0.850171 0.526505
22.7386 47.3038 36.9611 0.000987573 -0.85016 0.526523
23.7806 47.3047 36.9606 0.000987371 -0.850161 0.526523
24.9147 47.3056 36.96 0.000989688 -0.850167 0.526512
25.9882 47.3065 36.9595 0.00099148 -0.850165 0.526516
27.0432 47.3074 36.9589 0.000989733 -0.850164 0.526518
28.2517 47.3084 36.9583 0.00097996 -0.850165 0.526515
29.3698 47.3094 36.9577 0.000979221 -0.850167 0.526513
30.4876 47.3103 36.9571 0.000984758 -0.850168 0.52651
31.4882 47.3112 36.9566 0.000987794 -0.850165 0.526516
32.5274 47.312 36.9561 0.000990742 -0.850163 0.526518
33.5439 47.3129 36.9555 0.000984866 -0.85017 0.526507
34.6017 47.3138 36.955 0.000989422 -0.850164 0.526518
35.6302 47.3146 36.9544 0.000994762 -0.850164 0.526517
36.7228 47.3156 36.9539 0.000983879 -0.850168 0.526511
37.7913 47.3164 36.9533 0.000987372 -0.85016 0.526524
38.9994 47.3175 36.9527 0.000990439 -0.850168 0.52651
40.1647 47.3184 36.9521 0.000988014 -0.850171 0.526505
41.1796 47.3193 36.9516 0.000987801 -0.850168 0.52651
42.194 47.3201 36.951 0.000985906 -0.850169 0.526509
43.2753 47.3211 36.9505 0.000987333 -0.850171 0.526506
44.4196 47.322 36.9499 0.000980295 -0.850169 0.526509
45.4536 47.3229 36.9493 0.000986955 -0.850167 0.526513
46.5236 47.3238 36.9488 0.000990244 -0.850171 0.526506
47.5293 47.3246 36.9482 0.000985584 -0.850169 0.526509
47.872 47.3249 36.9481 0.000986563 -0.850172 0.526504
47.9 47.8065 37.7256 0.000989291 -0.850173 0.526502
46.8087 47.8056 37.7262 0.000982728 -0.850173 0.526502
45.7627 47.8047 37.7268 0.000988477 -0.850169 0.526508
44.6742 47.8038 37.7273 0.000988601 -0.850168 0.526511
43.5318 47.8028 37.7279 0.000988997 -0.850166 0.526513
42.4379 47.8019 37.7285 0.00098305 -0.850172 0.526504
41.3804 47.801 37.729 0.000977072 -0.850162 0.526521
40.3623 47.8002 37.7296 0.000992178 -0.850169 0.52651
39.2641 47.7992 37.7301 0.00098446 -0.850167 0.526512
38.1542 47.7983 37.7307 0.000981801 -0.850169 0.526508
37.1511 47.7975 37.7312 0.0009982 -0.850166 0.526513
36.1267 47.7966 37.7318 0.000983604 -0.850164 0.526517
35.109 47.7958 37.7323 0.000985318 -0.850167 0.526512
34.0282 47.7949 37.7329 0.000988162 -0.850173 0.526503
32.9639 47.794 37.7334 0.000990135 -0.850172 0.526504
31.8733 47.793 37.734 0.000984053 -0.850168 0.52651
30.8006 47.7921 37.7345 0.000980305 -0.850168 0.52651
29.6728 47.7912 37.7351 0.000988309 -0.850171 0.526506
28.6578 47.7903 37.7356 0.000984468 -0.85017 0.526507
27.5275 47.7894 37.7362 0.000992794 -0.850167 0.526513
26.4919 47.7885 37.7368 0.00098966 -0.850164 0.526516
25.4092 47.7876 37.7373 0.000982516 -0.850166 0.526514
24.2761 47.7867 37.7379 0.000985748 -0.850165 0.526516
23.2024 47.7858 37.7385 0.000985884 -0.850165 0.526515
22.1029 47.7849 37.7391 0.000980485 -0.850159 0.526525
21.0518 47.784 37.7396 0.000984385 -0.850173 0.526503
19.9344 47.783 37.7402 0.000989364 -0.850163 0.526518
18.8711 47.7821 37.7407 0.000988978 -0.850164 0.526517
17.8239 47.7813 37.7413 0.000981109 -0.850169 0.52651
16.6701 47.7803 37.7419 0.000984563 -0.850172 0.526505
15.6122 47.7794 37.7424 0.000981652 -0.850166 0.526514
14.5379 47.7785 37.743 0.000992334 -0.850166 0.526514
13.501 47.7776 37.7435 0.000992882 -0.850168 0.52651
12.5006 47.7768 37.744 0.000998741 -0.850164 0.526516
11.4568 47.7759 37.7446 0.000996872 -0.850167 0.526513
10.3754 47.775 37.7452 0.000997596 -0.850171 0.526506
9.37233 47.7742 37.7457 0.000987285 -0.850161 0.526522
8.31293 47.7733 37.7462 0.000991592 -0.850162 0.526521
7.16174 47.7723 37.7468 0.000995403 -0.850167 0.526512
6.1169 47.7714 37.7474 0.000992168 -0.850165 0.526516
4.95176 47.7704 37.748 0.000999452 -0.850168 0.52651
3.92552 47.7696 37.7485 0.000994871 -0.850172 0.526505
2.90445 47.7687 37.749 0.000996121 -0.850166 0.526514
2.05113 47.768 37.7495 0.00099112 -0.850161 0.526522
2.14715 48.2496 38.527 0.00099378 -0.850168 0.52651
3.31519 48.2506 38.5264 0.000986563 -0.850169 0.526509
4.50805 48.2516 38.5258 0.000994683 -0.850166 0.526514
5.55477 48.2525 38.5253 0.000988939 -0.850168 0.526511
6.70396 48.2535 38.5247 0.000990474 -0.850166 0.526514
7.78869 48.2544 38.5241 0.000985149 -0.850161 0.526522
8.89723 48.2553 38.5235 0.000989067 -0.850164 0.526517
9.99112 48.2562 38.5229 0.000989364 -0.850166 0.526514
11.0057 48.2571 38.5224 0.000996001 -0.850167 0.526513
12.2006 48.2581 38.5218 0.000992646 -0.850169 0.526508
13.3107 48.259 38.5212 0.000980983 -0.85016 0.526523
14.4214 48.26 38.5206 0.000990185 -0.850163 0.526518
15.4514 48.2608 38.5201 0.000982791 -0.850164 0.526517
16.5239 48.2617 38.5195 0.000986009 -0.850174 0.526501
17.5878 48.2626 38.519 0.000984056 -0.850163 0.526518
18.6388 48.2635 38.5184 0.000983923 -0.850167 0.526512
19.6628 48.2644 38.5179 0.000984327 -0.850172 0.526504
20.6919 48.2652 38.5174 0.000993901 -0.850167 0.526512
21.7022 48.2661 38.5168 0.00099017 -0.850166 0.526514
22.8694 48.2671 38.5162 0.000982624 -0.850171 0.526506
24.0312 48.268 38.5156 0.000986325 -0.850164 0.526517
25.056 48.2689 38.5151 0.00098698 -0.850169 0.526509
26.2828 48.2699 38.5145 0.000990215 -0.850165 0.526515
27.3541 48.2708 38.5139 0.00099587 -0.850164 0.526517
28.4715 48.2718 38.5133 0.000983301 -0.850164 0.526517
29.4789 48.2726 38.5128 0.000982797 -0.850166 0.526514
30.6664 48.2736 38.5122 0.000985604 -0.850169 0.526509
31.6794 48.2744 38.5117 0.000988356 -0.850166 0.526513
32.8036 48.2754 38.5111 0.000991383 -0.85017 0.526507
33.97 48.2764 38.5105 0.000981437 -0.850167 0.526513
34.9797 48.2772 38.51 0.000981451 -0.850168 0.526511
36.0377 48.2781 38.5094 0.000984473 -0.85017 0.526507
37.202 48.2791 38.5088 0.000986423 -0.850169 0.52651
38.3145 48.28 38.5082 0.000997524 -0.850167 0.526512
39.3296 48.2809 38.5077 0.00098347 -0.850169 0.526509
40.3775 48.2817 38.5071 0.000983999 -0.850173 0.526502
41.5208 48.2827 38.5066 0.000981688 -0.850175 0.5265
42.5479 48.2836 38.506 0.000988219 -0.850171 0.526506
43.6502 48.2845 38.5054 0.000992285 -0.850172 0.526504
44.7054 48.2854 38.5049 0.000984466 -0.85017 0.526507
45.8642 48.2864 38.5043 0.000989917 -0.850168 0.52651
46.955 48.2873 38.5037 0.000982677 -0.850168 0.526511
47.8409 48.288 38.5033 0.000984795 -0.850168 0.526511
47.9428 48.7697 39.2808 0.000986924 -0.850165 0.526515
46.8564 48.7687 39.2814 0.00100098 -0.850169 0.526509
45.8454 48.7679 39.2819 0.00098964 -0.850166 0.526514
44.7606 48.767 39.2825 0.000989959 -0.850169 0.526509
43.6485 48.7661 39.283 0.000985533 -0.850162 0.52652
42.5518 48.7651 39.2836 0.000991652 -0.850163 0.526519
41.4383 48.7642 39.2842 0.000992694 -0.85016 0.526523
40.4138 48.7633 39.2847 0.000984579 -0.850171 0.526505
39.3165 48.7624 39.2853 0.000990922 -0.850168 0.526511
38.1594 48.7614 39.2859 0.000989646 -0.850165 0.526516
37.154 48.7606 39.2864 0.000980897 -0.850166 0.526514
36.1454 48.7598 39.2869 0.000985869 -0.850168 0.52651
35.1344 48.7589 39.2875 0.000986461 -0.850163 0.526518
34.0997 48.758 39.288 0.000989705 -0.850169 0.52651
33.0841 48.7572 39.2885 0.000988045 -0.850156 0.52653
31.9974 48.7563 39.2891 0.000984603 -0.850167 0.526512
30.9901 48.7554 39.2896 0.000987245 -0.850162 0.526521
29.8167 48.7544 39.2902 0.00098605 -0.850169 0.526509
28.6526 48.7535 39.2908 0.000991004 -0.85017 0.526508
27.5893 48.7526 39.2914 0.000992771 -0.850167 0.526512
26.5092 48.7517 39.2919 0.000989326 -0.850166 0.526514
25.4409 48.7508 39.2925 0.000985884 -0.850164 0.526517
24.4136 48.7499 39.293 0.000986821 -0.850166 0.526514
23.3583 48.749 39.2936 0.000989842 -0.850162 0.52652
22.3579 48.7482 39.2941 0.000982501 -0.850168 0.52651
21.2459 48.7473 39.2947 0.000992232 -0.850167 0.526512
20.1807 48.7464 39.2952 0.000990062 -0.850168 0.52651
19.0183 48.7454 39.2958 0.000986116 -0.850168 0.52651
17.9332 48.7445 39.2964 0.000990382 -0.850172 0.526504
16.8554 48.7436 39.297 0.000986517 -0.850169 0.526509
15.838 48.7427 39.2975 0.000981095 -0.85017 0.526508
14.608 48.7417 39.2981 0.000989105 -0.850166 0.526513
13.5915 48.7408 39.2986 0.000989761 -0.850162 0.52652
12.4623 48.7399 39.2992 0.000986897 -0.850165 0.526515
11.3852 48.739 39.2998 0.000992827 -0.850165 0.526515
10.2544 48.738 39.3004 0.000995834 -0.850162 0.52652
9.2251 48.7372 39.3009 0.000987491 -0.850163 0.526518
8.06971 48.7362 39.3015 0.000991703 -0.850168 0.526511
6.92777 48.7352 39.3021 0.000982396 -0.850165 0.526515
5.9276 48.7344 39.3026 0.000991323 -0.850165 0.526515
4.80087 48.7334 39.3032 0.000987996 -0.850169 0.526509
3.67135 48.7325 39.3038 0.000982224 -0.850168 0.52651
2.61012 48.7316 39.3044 0.000988087 -0.850169 0.526509
2.03093 48.7311 39.3047 0.000986635 -0.850167 0.526511
2.02373 46.8048 36.1943 0.000984064 -0.850161 0.526522
3.08399 46.8057 36.1938 0.000986854 -0.850172 0.526505
4.22767 46.8067 36.1932 0.000990705 -0.850166 0.526514
5.3122 46.8076 36.1926 0.000984493 -0.850163 0.526518
6.32116 46.8085 36.1921 0.000985792 -0.850168 0.526511
7.45404 46.8094 36.1915 0.000987693 -0.850166 0.526514
8.56452 46.8103 36.1909 0.000994113 -0.850166 0.526515
9.68468 46.8113 36.1903 0.000982692 -0.850166 0.526514
10.829 46.8123 36.1897 0.000986765 -0.850167 0.526512
11.8619 46.8131 36.1892 0.000989318 -0.85017 0.526508
12.8939 46.814 36.1887 0.000988176 -0.850167 0.526512
14.0327 46.815 36.1881 0.000987873 -0.850164 0.526516
15.1305 46.8159 36.1875 0.000994971 -0.850163 0.526518
16.3887 46.8169 36.1869 0.000983092 -0.850164 0.526517
17.5178 46.8179 36.1863 0.000993679 -0.85017 0.526508
18.599 46.8188 36.1857 0.000983896 -0.850169 0.526509
19.661 46.8197 36.1852 0.000983951 -0.850168 0.526511
20.6965 46.8205 36.1846 0.000982911 -0.85017 0.526507
21.7663 46.8214 36.1841 0.000988294 -0.850167 0.526513
22.8315 46.8223 36.1835 0.000987817 -0.850167 0.526512
23.9268 46.8233 36.1829 0.000996918 -0.850172 0.526504
25.1328 46.8243 36.1823 0.000980227 -0.850163 0.526519
26.2265 46.8252 36.1817 0.000980724 -0.850171 0.526506
27.3552 46.8261 36.1812 0.00098864 -0.850164 0.526517
28.3751 46.827 36.1806 0.000984556 -0.850164 0.526516
29.3906 46.8278 36.1801 0.00098256 -0.850165 0.526515
30.469 46.8287 36.1795 0.000990541 -0.850166 0.526513
31.4693 46.8296 36.179 0.000985686 -0.850164 0.526518
32.6305 46.8306 36.1784 0.000988172 -0.850167 0.526513
33.6383 46.8314 36.1779 0.000984835 -0.850163 0.526519
34.8113 46.8324 36.1773 0.000991425 -0.850165 0.526515
35.885 46.8333 36.1767 0.000988598 -0.850164 0.526517
36.9784 46.8342 36.1762 0.000987218 -0.85017 0.526508
38.0913 46.8351 36.1756 0.000987901 -0.850164 0.526517
39.214 46.8361 36.175 0.000980379 -0.850167 0.526512
40.3252 46.837 36.1744 0.000992372 -0.850168 0.52651
41.4123 46.8379 36.1738 0.000985133 -0.85017 0.526508
42.5761 46.8389 36.1732 0.000984293 -0.850171 0.526505
43.7203 46.8399 36.1726 0.000981582 -0.850172 0.526505
44.782 46.8408 36.1721 0.000993297 -0.850173 0.526503
45.8201 46.8416 36.1716 0.00098798 -0.850171 0.526506
46.942 46.8426 36.171 0.000983346 -0.85017 0.526508
47.9106 46.8434 36.1705 0.000979625 -0.850168 0.526511
47.9099 46.3618 35.3929 0.00098819 -0.850167 0.526512
46.7894 46.3609 35.3935 0.000980556 -0.850171 0.526506
45.7786 46.36 35.394 0.000989959 -0.850164 0.526518
44.6871 46.3591 35.3946 0.000988042 -0.850168 0.52651
43.6728 46.3583 35.3951 0.000988219 -0.850167 0.526512
42.6422 46.3574 35.3956 0.000991099 -0.850166 0.526514
41.4316 46.3564 35.3962 0.000982693 -0.850169 0.526509
40.4258 46.3555 35.3968 0.000982487 -0.850167 0.526512
39.3587 46.3546 35.3973 0.000991646 -0.850171 0.526506
38.1741 46.3536 35.3979 0.000985779 -0.850169 0.526508
37.1029 46.3527 35.3985 0.000988672 -0.850171 0.526505
36.0486 46.3519 35.3991 0.000987366 -0.850167 0.526511
35.0243 46.351 35.3996 0.000982901 -0.850174 0.526501
33.942 46.3501 35.4001 0.000984582 -0.850168 0.526511
32.8688 46.3492 35.4007 0.000985768 -0.850168 0.52651
31.7095 46.3482 35.4013 0.000967738 -0.850164 0.526518
30.5805 46.3473 35.4019 0.00100158 -0.850161 0.526522
29.4596 46.3463 35.4025 0.000979254 -0.850166 0.526513
28.4207 46.3455 35.403 0.000984192 -0.850166 0.526514
27.4026 46.3446 35.4035 0.000986813 -0.850166 0.526514
26.3931 46.3438 35.4041 0.000982869 -0.850166 0.526515
25.3276 46.3429 35.4046 0.000988353 -0.850164 0.526517
24.2704 46.342 35.4052 0.000979299 -0.850167 0.526513
23.0356 46.3409 35.4058 0.00098156 -0.850165 0.526515
21.9215 46.34 35.4064 0.000988926 -0.850168 0.52651
20.8227 46.3391 35.407 0.000982755 -0.850166 0.526513
19.7341 46.3382 35.4075 0.000981154 -0.850168 0.52651
18.6688 46.3373 35.4081 0.000987513 -0.850168 0.52651
17.623 46.3364 35.4086 0.000993807 -0.850162 0.52652
16.5702 46.3355 35.4092 0.000995555 -0.85017 0.526507
15.508 46.3346 35.4097 0.000990921 -0.850164 0.526517
14.377 46.3337 35.4103 0.000981665 -0.850165 0.526516
13.3593 46.3328 35.4108 0.000986917 -0.850167 0.526513
12.3069 46.3319 35.4114 0.000975645 -0.850172 0.526505
11.253 46.331 35.4119 0.000990918 -0.850166 0.526513
10.2449 46.3302 35.4125 0.00098327 -0.850165 0.526515
9.19234 46.3293 35.413 0.000990667 -0.850172 0.526505
8.15022 46.3284 35.4136 0.000991301 -0.85017 0.526507
7.11414 46.3276 35.4141 0.000979522 -0.85017 0.526508
6.0348 46.3267 35.4147 0.000993153 -0.850174 0.5265
4.90945 46.3257 35.4152 0.000988418 -0.850166 0.526514
3.84174 46.3248 35.4158 0.000987741 -0.850163 0.526518
2.7667 46.3239 35.4164 0.000984298 -0.850169 0.52651
2.09063 46.3233 35.4167 0.000986215 -0.850166 0.526513
2.10015 45.8418 34.6391 0.000996851 -0.850163 0.526518
3.13014 45.8427 34.6386 0.000991006 -0.850164 0.526517
4.3497 45.8437 34.638 0.000983201 -0.85017 0.526508
5.39656 45.8446 34.6374 0.00100151 -0.850166 0.526514
6.47007 45.8455 34.6368 0.000990719 -0.850168 0.52651
7.5519 45.8464 34.6363 0.00099017 -0.850168 0.526511
8.56149 45.8472 34.6358 0.000978268 -0.850169 0.526509
9.61242 45.8481 34.6352 0.000991225 -0.850165 0.526516
10.8207 45.8491 34.6346 0.000995293 -0.85017 0.526507
11.8528 45.85 34.634 0.000990163 -0.850167 0.526512
12.8561 45.8508 34.6335 0.00099099 -0.850169 0.526509
14.0881 45.8519 34.6329 0.00099281 -0.850165 0.526515
15.2478 45.8528 34.6323 0.000990042 -0.850166 0.526513
16.3961 45.8538 34.6317 0.000989699 -0.850169 0.526509
17.486 45.8547 34.6311 0.000995542 -0.85017 0.526508
18.5812 45.8557 34.6305 0.00100166 -0.850168 0.526511
19.593 45.8565 34.63 0.000981105 -0.850169 0.526509
20.7068 45.8574 34.6294 0.000979682 -0.850167 0.526512
21.7563 45.8583 34.6289 0.000980027 -0.850172 0.526503
22.8317 45.8592 34.6283 0.000982773 -0.850169 0.526509
23.9607 45.8602 34.6277 0.000982693 -0.850168 0.526511
24.9948 45.861 34.6272 0.000982282 -0.850167 0.526513
26.1105 45.862 34.6266 0.000992862 -0.850171 0.526506
27.258 45.8629 34.626 0.000984996 -0.85017 0.526507
28.3387 45.8638 34.6255 0.000991503 -0.850167 0.526513
29.4284 45.8647 34.6249 0.000992394 -0.850164 0.526517
30.4998 45.8656 34.6244 0.000982793 -0.850164 0.526517
31.5104 45.8665 34.6238 0.000983488 -0.850168 0.52651
32.642 45.8674 34.6232 0.000980023 -0.850167 0.526512
33.6617 45.8683 34.6227 0.000989284 -0.850167 0.526512
34.8029 45.8693 34.6221 0.00098212 -0.850174 0.526502
35.9077 45.8702 34.6215 0.000990553 -0.850169 0.526509
37.0239 45.8711 34.621 0.000975371 -0.850167 0.526513
38.1308 45.8721 34.6204 0.00100178 -0.850171 0.526506
39.2113 45.873 34.6198 0.000985032 -0.850171 0.526506
40.2442 45.8738 34.6193 0.000989953 -0.850171 0.526505
41.3803 45.8748 34.6187 0.000995312 -0.850166 0.526514
42.4924 45.8757 34.6181 0.000991158 -0.850169 0.526509
43.5006 45.8766 34.6176 0.000989191 -0.850168 0.526511
44.6423 45.8775 34.617 0.000987386 -0.850173 0.526503
45.6475 45.8784 34.6165 0.000995231 -0.85017 0.526508
46.761 45.8793 34.6159 0.000989225 -0.850171 0.526506
47.814 45.8802 34.6153 0.000978675 -0.850171 0.526506
47.8916 45.8803 34.6153 0.000993881 -0.850167 0.526513
47.8652 45.3987 33.8377 0.000987916 -0.850165 0.526515
46.7152 45.3977 33.8383 0.000990156 -0.850171 0.526506
45.5817 45.3968 33.8389 0.000990046 -0.850173 0.526502
44.5467 45.3959 33.8395 0.00099605 -0.850167 0.526513
43.4746 45.395 33.84 0.000992006 -0.850168 0.526511
42.3788 45.3941 33.8406 0.00099061 -0.850171 0.526505
41.2037 45.3931 33.8412 0.000988932 -0.850167 0.526512
40.0928 45.3921 33.8418 0.000989738 -0.850168 0.52651
39.0584 45.3913 33.8423 0.000986874 -0.850173 0.526502
37.9995 45.3904 33.8429 0.000997768 -0.85017 0.526507
36.8505 45.3894 33.8435 0.000987512 -0.85017 0.526508
35.7347 45.3885 33.844 0.000983834 -0.85017 0.526507
34.5754 45.3875 33.8446 0.000986983 -0.85017 0.526508
33.4267 45.3865 33.8452 0.000987743 -0.850166 0.526514
32.4177 45.3857 33.8458 0.000987342 -0.850169 0.526509
31.3034 45.3848 33.8463 0.000992843 -0.850164 0.526516
30.2025 45.3838 33.8469 0.000988212 -0.850165 0.526515
29.1356 45.3829 33.8475 0.000985365 -0.850165 0.526516
27.9691 45.382 33.8481 0.000989322 -0.850168 0.526511
26.9439 45.3811 33.8486 0.000982816 -0.850168 0.526511
25.9178 45.3802 33.8491 0.000989605 -0.850167 0.526512
24.8854 45.3794 33.8497 0.000994379 -0.850169 0.526508
23.8778 45.3785 33.8502 0.000991955 -0.850165 0.526515
22.807 45.3776 33.8508 0.000979415 -0.850171 0.526506
21.797 45.3768 33.8513 0.000982653 -0.850175 0.526499
20.7759 45.3759 33.8518 0.000986018 -0.850175 0.5265
19.6799 45.375 33.8524 0.000983598 -0.850171 0.526506
18.569 45.3741 33.853 0.000981499 -0.850163 0.526518
17.4964 45.3732 33.8535 0.000997299 -0.850168 0.526511
16.3111 45.3722 33.8541 0.00099208 -0.850166 0.526514
15.1508 45.3712 33.8547 0.000992924 -0.850165 0.526515
14.0547 45.3703 33.8553 0.000997846 -0.850167 0.526512
12.8944 45.3693 33.8559 0.000986886 -0.850167 0.526512
11.869 45.3684 33.8564 0.000987593 -0.850167 0.526512
10.7138 45.3675 33.857 0.000994098 -0.850166 0.526514
9.53494 45.3665 33.8577 0.00099695 -0.850168 0.52651
8.46338 45.3656 33.8582 0.000991987 -0.850166 0.526514
7.40751 45.3647 33.8588 0.000997585 -0.850164 0.526517
6.32422 45.3638 33.8593 0.000987692 -0.850165 0.526515
5.28144 45.3629 33.8599 0.000990628 -0.850168 0.526511
4.21438 45.362 33.8604 0.000990401 -0.850161 0.526523
3.13432 45.3611 33.861 0.000987506 -0.850167 0.526512
2.04533 45.3602 33.8616 0.000984111 -0.850169 0.52651
2.11848 44.8787 33.0839 0.000992082 -0.850163 0.526518
3.22173 44.8796 33.0834 0.0009928 -0.85017 0.526507
4.42281 44.8806 33.0827 0.000991616 -0.850169 0.526508
5.4425 44.8815 33.0822 0.000985781 -0.850159 0.526524
6.50446 44.8824 33.0817 0.000986512 -0.850167 0.526513
7.53916 44.8832 33.0811 0.00099343 -0.850164 0.526517
8.7008 44.8842 33.0805 0.000983375 -0.850167 0.526513
9.75312 44.8851 33.08 0.000990721 -0.850165 0.526515
10.8691 44.886 33.0794 0.000986559 -0.85017 0.526508
11.9545 44.887 33.0788 0.000994257 -0.850171 0.526505
13.0424 44.8879 33.0783 0.000991884 -0.850167 0.526513
14.0863 44.8887 33.0777 0.000988986 -0.850166 0.526513
15.2562 44.8897 33.0771 0.000986678 -0.850169 0.526509
16.276 44.8906 33.0766 0.00098796 -0.850166 0.526513
17.3286 44.8915 33.076 0.000994382 -0.850166 0.526513
18.3438 44.8923 33.0755 0.000988726 -0.85017 0.526508
19.5266 44.8933 33.0749 0.000986773 -0.850169 0.52651
20.537 44.8942 33.0743 0.000986045 -0.850167 0.526512
21.6511 44.8951 33.0738 0.000977986 -0.850166 0.526513
22.697 44.896 33.0732 0.000985107 -0.850167 0.526512
23.7366 44.8968 33.0727 0.00097938 -0.850166 0.526514
24.7647 44.8977 33.0722 0.000982315 -0.850167 0.526512
25.8479 44.8986 33.0716 0.000985514 -0.850164 0.526516
26.9192 44.8995 33.071 0.000990856 -0.850171 0.526506
27.9361 44.9004 33.0705 0.000981947 -0.850166 0.526513
29.1035 44.9013 33.0699 0.0009823 -0.850169 0.526509
30.1093 44.9022 33.0694 0.000980541 -0.850168 0.526511
31.1502 44.9031 33.0688 0.000982135 -0.850169 0.526509
32.2871 44.904 33.0682 0.000986191 -0.850169 0.52651
33.3259 44.9049 33.0677 0.000986007 -0.85017 0.526507
34.3895 44.9058 33.0672 0.0009908 -0.850171 0.526505
35.4056 44.9066 33.0666 0.000998594 -0.850169 0.526508
36.4618 44.9075 33.0661 0.000981491 -0.850166 0.526514
37.5498 44.9084 33.0655 0.000991122 -0.850169 0.526509
38.5656 44.9093 33.065 0.000994135 -0.850174 0.5265
39.613 44.9102 33.0644 0.000989389 -0.85017 0.526508
40.7598 44.9111 33.0638 0.000990485 -0.850165 0.526515
41.7662 44.912 33.0633 0.000985461 -0.850172 0.526504
42.7818 44.9128 33.0628 0.000985443 -0.850174 0.526501
43.9427 44.9138 33.0622 0.000991335 -0.850169 0.526508
44.9756 44.9147 33.0616 0.000992718 -0.850169 0.52651
45.9873 44.9155 33.0611 0.000986328 -0.850164 0.526517
47.1494 44.9165 33.0605 0.000985081 -0.850167 0.526512
47.939 44.9172 33.0601 0.000992216 -0.850171 0.526506
47.9132 44.4356 32.2825 0.000993494 -0.850166 0.526514
46.9072 44.4348 32.283 0.000991679 -0.850172 0.526505
45.8202 44.4338 32.2836 0.000994863 -0.850169 0.526508
44.7577 44.4329 32.2842 0.0009881 -0.850164 0.526516
43.6822 44.432 32.2847 0.00098798 -0.850172 0.526504
42.5664 44.4311 32.2853 0.00099067 -0.85017 0.526507
41.5566 44.4303 32.2858 0.000992895 -0.850168 0.526511
40.5441 44.4294 32.2864 0.000993788 -0.850172 0.526504
39.4396 44.4285 32.2869 0.000991846 -0.850169 0.526509
38.4172 44.4276 32.2875 0.000984054 -0.850168 0.526511
37.4155 44.4268 32.288 0.000995941 -0.850168 0.52651
36.3103 44.4258 32.2886 0.000995322 -0.850165 0.526516
35.1998 44.4249 32.2891 0.000990878 -0.850166 0.526515
34.0921 44.424 32.2897 0.000987213 -0.850171 0.526506
33.0437 44.4231 32.2903 0.000996216 -0.850171 0.526506
32.0208 44.4222 32.2908 0.000993852 -0.850163 0.526519
30.8938 44.4213 32.2914 0.00098669 -0.850174 0.526501
29.7885 44.4204 32.292 0.000980063 -0.850174 0.526502
28.7057 44.4194 32.2925 0.000988275 -0.850167 0.526513
27.5925 44.4185 32.2931 0.000994213 -0.850166 0.526514
26.5067 44.4176 32.2937 0.000988476 -0.850159 0.526526
25.4968 44.4168 32.2942 0.000984776 -0.850173 0.526502
24.4662 44.4159 32.2947 0.000985248 -0.85017 0.526507
23.4562 44.4151 32.2952 0.000978833 -0.850173 0.526502
22.3889 44.4142 32.2958 0.000981333 -0.850177 0.526497
21.3411 44.4133 32.2963 0.000987624 -0.850165 0.526516
20.2217 44.4123 32.2969 0.000987046 -0.850168 0.526511
19.19 44.4115 32.2975 0.000993326 -0.850168 0.526511
18.1545 44.4106 32.298 0.000991557 -0.850162 0.52652
17.1188 44.4097 32.2985 0.000991576 -0.850173 0.526502
16.0799 44.4089 32.2991 0.000992046 -0.850163 0.526518
14.9772 44.4079 32.2997 0.000988644 -0.850174 0.526502
13.9398 44.4071 32.3002 0.000989803 -0.850165 0.526515
12.8128 44.4061 32.3008 0.000995329 -0.850164 0.526518
11.7852 44.4052 32.3013 0.000991072 -0.850167 0.526512
10.7162 44.4043 32.3019 0.000979079 -0.850164 0.526517
9.61203 44.4034 32.3025 0.000982496 -0.850175 0.5265
8.55323 44.4025 32.303 0.000984321 -0.850169 0.526509
7.45497 44.4016 32.3036 0.000984129 -0.850167 0.526512
6.42168 44.4007 32.3041 0.000985179 -0.850168 0.526511
5.33313 44.3998 32.3047 0.000980859 -0.850163 0.526518
4.32621 44.399 32.3052 0.000985276 -0.850163 0.526519
3.30164 44.3981 32.3057 0.000989543 -0.850171 0.526505
2.10546 44.3971 32.3064 0.000989487 -0.85017 0.526508
2.08662 44.3971 32.3064 0.000995865 -0.850172 0.526505
2.11634 43.9156 31.5288 0.000991447 -0.850165 0.526515
3.13086 43.9164 31.5282 0.000994195 -0.850165 0.526515
4.33032 43.9174 31.5276 0.000993139 -0.850166 0.526514
5.37354 43.9183 31.5271 0.000987126 -0.850171 0.526506
6.5216 43.9193 31.5265 0.000994313 -0.85017 0.526507
7.66974 43.9202 31.5259 0.000981529 -0.850166 0.526513
8.72553 43.9211 31.5253 0.000998222 -0.850167 0.526512
9.88194 43.9221 31.5247 0.000978276 -0.850169 0.526508
10.8957 43.9229 31.5242 0.000984525 -0.850164 0.526517
12.0493 43.9239 31.5236 0.00098305 -0.850166 0.526515
13.0748 43.9248 31.5231 0.00099223 -0.850171 0.526506
14.2452 43.9258 31.5225 0.000989307 -0.850165 0.526515
15.369 43.9267 31.5219 0.000985373 -0.850166 0.526513
16.4325 43.9276 31.5213 0.000989929 -0.850167 0.526512
17.5328 43.9285 31.5207 0.00098764 -0.850167 0.526512
18.6287 43.9294 31.5202 0.000993822 -0.850167 0.526512
19.7616 43.9304 31.5196 0.000990303 -0.850164 0.526516
21.0289 43.9315 31.5189 0.000988673 -0.850171 0.526506
22.1654 43.9324 31.5183 0.000984033 -0.850171 0.526506
23.1897 43.9333 31.5178 0.000977676 -0.850169 0.526509
24.3552 43.9342 31.5172 0.000989069 -0.850167 0.526512
25.4073 43.9351 31.5166 0.000982981 -0.850168 0.52651
26.5218 43.9361 31.5161 0.000981318 -0.850167 0.526512
27.6853 43.937 31.5155 0.000984865 -0.850164 0.526517
28.797 43.938 31.5149 0.000996847 -0.85017 0.526507
29.9349 43.9389 31.5143 0.000988763 -0.850166 0.526514
30.9973 43.9398 31.5137 0.000988899 -0.850169 0.52651
32.0085 43.9407 31.5132 0.000993602 -0.850168 0.526511
33.1212 43.9416 31.5126 0.000984879 -0.850173 0.526502
34.2496 43.9425 31.5121 0.000991093 -0.85017 0.526507
35.4238 43.9435 31.5114 0.000993136 -0.850166 0.526514
36.4466 43.9444 31.5109 0.000991227 -0.85017 0.526507
37.4578 43.9452 31.5104 0.000982673 -0.850172 0.526504
38.5208 43.9461 31.5098 0.000989601 -0.85017 0.526507
39.5633 43.947 31.5093 0.000999166 -0.850173 0.526503
40.5754 43.9479 31.5088 0.000991173 -0.850166 0.526513
41.6632 43.9488 31.5082 0.000993445 -0.850171 0.526505
42.787 43.9497 31.5076 0.000989134 -0.850169 0.52651
43.8069 43.9506 31.5071 0.000991824 -0.850168 0.52651
44.9851 43.9516 31.5065 0.000981357 -0.850165 0.526515
45.9997 43.9524 31.5059 0.00099317 -0.850166 0.526514
47.0751 43.9533 31.5054 0.000995972 -0.850167 0.526512
47.9493 43.9541 31.5049 0.000987977 -0.850172 0.526504
47.9125 43.4725 30.7273 0.000990739 -0.850171 0.526505
46.8245 43.4716 30.7279 0.00098822 -0.850165 0.526515
45.8066 43.4707 30.7284 0.00099218 -0.850166 0.526514
44.7959 43.4699 30.729 0.000991773 -0.850168 0.526511
43.7308 43.469 30.7295 0.000984434 -0.850169 0.526508
42.6082 43.468 30.7301 0.000990433 -0.85017 0.526507
41.4552 43.467 30.7307 0.000985199 -0.850168 0.52651
40.4203 43.4662 30.7312 0.000981318 -0.850169 0.526508
39.3674 43.4653 30.7318 0.000985504 -0.850174 0.526501
38.2873 43.4644 30.7324 0.00098871 -0.850168 0.526511
37.2191 43.4635 30.7329 0.000990752 -0.850165 0.526515
36.0949 43.4625 30.7335 0.000994289 -0.850169 0.526509
35.0288 43.4616 30.7341 0.000988856 -0.85017 0.526507
33.8466 43.4607 30.7347 0.00099284 -0.850173 0.526502
32.8234 43.4598 30.7352 0.000984505 -0.850169 0.526508
31.8126 43.4589 30.7357 0.000987722 -0.850171 0.526505
30.7006 43.458 30.7363 0.000987135 -0.850167 0.526511
29.6561 43.4571 30.7369 0.000998871 -0.850173 0.526503
28.6202 43.4563 30.7374 0.000990258 -0.850168 0.526511
27.5861 43.4554 30.7379 0.000990734 -0.850165 0.526515
26.5045 43.4545 30.7385 0.000978512 -0.850167 0.526512
25.4941 43.4536 30.739 0.000990528 -0.850168 0.52651
24.3001 43.4526 30.7396 0.0009907 -0.850166 0.526513
23.2815 43.4518 30.7402 0.000986381 -0.850165 0.526516
22.2631 43.4509 30.7407 0.000991293 -0.850167 0.526513
21.1029 43.45 30.7413 0.000994075 -0.850168 0.52651
20.0481 43.4491 30.7418 0.000993246 -0.850171 0.526506
18.9188 43.4481 30.7424 0.000993632 -0.850164 0.526517
17.8597 43.4472 30.743 0.000986355 -0.850165 0.526516
16.8076 43.4463 30.7435 0.000988583 -0.850171 0.526506
15.6885 43.4454 30.7441 0.000991137 -0.850169 0.526509
14.5849 43.4445 30.7447 0.000989712 -0.850167 0.526512
13.4776 43.4435 30.7453 0.000994732 -0.850165 0.526516
12.3196 43.4426 30.7459 0.000988066 -0.850172 0.526504
11.2007 43.4416 30.7465 0.000990041 -0.850163 0.526518
10.1714 43.4408 30.747 0.000986749 -0.850164 0.526517
9.10867 43.4399 30.7475 0.000978166 -0.850162 0.526521
8.09353 43.439 30.7481 0.000986044 -0.850168 0.526511
7.07262 43.4382 30.7486 0.000984517 -0.850165 0.526515
6.03469 43.4373 30.7491 0.000985507 -0.850166 0.526514
4.96256 43.4364 30.7497 0.000988059 -0.850168 0.526511
3.89259 43.4355 30.7503 0.000986849 -0.850169 0.526509
2.86941 43.4346 30.7508 0.000986454 -0.850169 0.526509
2.02752 43.4339 30.7512 0.000992339 -0.850169 0.526509
2.13107 42.9524 29.9736 0.000996292 -0.85017 0.526507
3.2264 42.9534 29.973 0.000980298 -0.850166 0.526514
4.42097 42.9544 29.9724 0.000996478 -0.850168 0.52651
5.44149 42.9552 29.9719 0.000993164 -0.850167 0.526513
6.46668 42.9561 29.9713 0.00099358 -0.850165 0.526515
7.50752 42.957 29.9708 0.000992759 -0.850167 0.526512
8.60237 42.9579 29.9702 0.000986859 -0.85017 0.526508
9.65347 42.9588 29.9697 0.00100195 -0.85017 0.526508
10.8308 42.9598 29.9691 0.000983772 -0.850167 0.526512
11.9802 42.9607 29.9685 0.00099377 -0.850166 0.526514
13.0608 42.9616 29.9679 0.000990367 -0.850168 0.52651
14.1743 42.9626 29.9673 0.000988324 -0.850168 0.526511
15.4064 42.9636 29.9667 0.000991151 -0.850171 0.526506
16.5555 42.9646 29.9661 0.000992197 -0.850161 0.526523
17.6749 42.9655 29.9655 0.000988932 -0.850165 0.526516
18.7902 42.9665 29.9649 0.000989152 -0.850167 0.526512
19.8464 42.9673 29.9644 0.000984888 -0.850164 0.526517
20.9523 42.9683 29.9638 0.000992732 -0.850171 0.526506
22.0865 42.9692 29.9632 0.000981828 -0.850163 0.526519
23.1202 42.9701 29.9627 0.000985115 -0.850171 0.526505
24.2263 42.971 29.9621 0.00098317 -0.850167 0.526513
25.2653 42.9719 29.9615 0.000981914 -0.85017 0.526507
26.3075 42.9728 29.961 0.000982166 -0.85017 0.526508
27.3112 42.9736 29.9605 0.000990618 -0.850167 0.526512
28.5018 42.9746 29.9599 0.000988654 -0.85017 0.526508
29.5214 42.9755 29.9593 0.000995395 -0.850168 0.526511
30.5643 42.9763 29.9588 0.000985247 -0.85017 0.526507
31.645 42.9772 29.9582 0.000982705 -0.850164 0.526517
32.6602 42.9781 29.9577 0.000986438 -0.850172 0.526504
33.7007 42.979 29.9572 0.000985155 -0.850167 0.526512
34.752 42.9799 29.9566 0.00100002 -0.850171 0.526505
35.7899 42.9807 29.9561 0.000985239 -0.850168 0.52651
36.9284 42.9817 29.9555 0.000993701 -0.850168 0.526511
38.0604 42.9826 29.9549 0.000992332 -0.850172 0.526504
39.0907 42.9835 29.9544 0.000995234 -0.850168 0.52651
40.2588 42.9845 29.9537 0.0010035 -0.850168 0.52651
41.4245 42.9855 29.9531 0.000991139 -0.850169 0.526508
42.5929 42.9864 29.9525 0.000984327 -0.85017 0.526508
43.7037 42.9874 29.9519 0.000992161 -0.850173 0.526503
44.8296 42.9883 29.9514 0.000995998 -0.850169 0.526509
45.884 42.9892 29.9508 0.000990677 -0.850165 0.526515
47.0975 42.9902 29.9502 0.000989374 -0.85017 0.526507
47.9968 42.991 29.9497 0.000989505 -0.850167 0.526512
47.9076 42.5094 29.1722 0.00097994 -0.850168 0.52651
46.8122 42.5084 29.1727 0.000991146 -0.85017 0.526508
45.8068 42.5076 29.1733 0.000990507 -0.850169 0.52651
44.6812 42.5066 29.1739 0.000990547 -0.850171 0.526506
43.6112 42.5057 29.1744 0.000981067 -0.850169 0.526509
42.6063 42.5049 29.1749 0.000987756 -0.850165 0.526515
41.529 42.504 29.1755 0.000995383 -0.850169 0.526509
40.477 42.5031 29.176 0.000992774 -0.850171 0.526505
39.2679 42.5021 29.1767 0.000990892 -0.85017 0.526508
38.0742 42.5011 29.1773 0.000989621 -0.85017 0.526508
37.05 42.5002 29.1778 0.00099207 -0.850168 0.52651
35.9925 42.4993 29.1784 0.000992806 -0.850169 0.526509
34.8809 42.4984 29.179 0.000987455 -0.850171 0.526506
33.7556 42.4975 29.1795 0.000987284 -0.850168 0.526511
32.6946 42.4966 29.1801 0.000990926 -0.850165 0.526516
31.5182 42.4956 29.1807 0.000992646 -0.850169 0.526509
30.5126 42.4947 29.1812 0.000984427 -0.850171 0.526506
29.4894 42.4939 29.1818 0.000990788 -0.850164 0.526517
28.3287 42.4929 29.1824 0.000987182 -0.850166 0.526514
27.1598 42.4919 29.183 0.000978887 -0.850167 0.526512
26.0144 42.491 29.1836 0.000978654 -0.850167 0.526512
24.8295 42.49 29.1842 0.000979541 -0.850167 0.526512
23.7135 42.489 29.1848 0.000980878 -0.850164 0.526517
22.6248 42.4881 29.1853 0.00098565 -0.850171 0.526506
21.4409 42.4871 29.1859 0.000988797 -0.850167 0.526512
20.3369 42.4862 29.1865 0.000989205 -0.850161 0.526523
19.3113 42.4853 29.1871 0.000989003 -0.850167 0.526512
18.2358 42.4844 29.1876 0.000989518 -0.850166 0.526514
17.1445 42.4835 29.1882 0.000990089 -0.850167 0.526512
16.0962 42.4826 29.1887 0.000986246 -0.850165 0.526516
15.045 42.4817 29.1893 0.000993704 -0.850165 0.526516
14.0212 42.4809 29.1898 0.000980734 -0.850167 0.526512
12.99 42.48 29.1903 0.000987959 -0.850164 0.526518
11.8617 42.4791 29.1909 0.00098367 -0.850164 0.526518
10.7678 42.4781 29.1915 0.000993278 -0.850166 0.526514
9.76667 42.4773 29.192 0.000989402 -0.850168 0.526511
8.72761 42.4764 29.1926 0.000990292 -0.850163 0.526519
7.6527 42.4755 29.1931 0.00098795 -0.850167 0.526512
6.65153 42.4747 29.1936 0.000989749 -0.850169 0.526509
5.56757 42.4738 29.1942 0.000987037 -0.850165 0.526516
4.47629 42.4729 29.1948 0.000988723 -0.850171 0.526507
3.32588 42.4719 29.1954 0.000995387 -0.850169 0.526508
2.15436 42.4709 29.196 0.00099153 -0.85017 0.526508
2.06958 41.9893 28.4184 0.000985947 -0.85017 0.526507
3.18367 41.9902 28.4179 0.00098554 -0.85017 0.526507
4.23535 41.9911 28.4173 0.000986924 -0.850166 0.526513
5.25258 41.9919 28.4168 0.000984957 -0.850169 0.526509
6.25884 41.9928 28.4163 0.000995713 -0.850163 0.526518
7.40807 41.9938 28.4157 0.000978378 -0.850168 0.526511
8.46408 41.9946 28.4151 0.000992182 -0.85017 0.526508
9.49307 41.9955 28.4146 0.000994176 -0.850167 0.526512
10.5365 41.9964 28.414 0.000987235 -0.850167 0.526511
11.6218 41.9973 28.4135 0.000986427 -0.850163 0.526519
12.6653 41.9982 28.4129 0.000994407 -0.850163 0.526518
13.7011 41.999 28.4124 0.000985048 -0.850172 0.526505
14.7412 41.9999 28.4118 0.000988216 -0.850167 0.526513
15.7633 42.0008 28.4113 0.0010028 -0.850166 0.526513
16.8012 42.0017 28.4108 0.000983824 -0.850168 0.52651
17.8329 42.0025 28.4102 0.000986026 -0.850169 0.526508
18.8702 42.0034 28.4097 0.00098884 -0.850165 0.526515
19.9274 42.0043 28.4091 0.00098779 -0.850171 0.526506
21.0254 42.0052 28.4086 0.000984756 -0.850168 0.526511
22.0463 42.0061 28.408 0.000989535 -0.850166 0.526513
23.1742 42.007 28.4075 0.000989499 -0.850171 0.526505
24.3558 42.008 28.4068 0.000981249 -0.850172 0.526504
25.404 42.0089 28.4063 0.000985399 -0.850167 0.526512
26.4269 42.0097 28.4058 0.000986198 -0.850167 0.526512
27.5304 42.0107 28.4052 0.000987885 -0.85017 0.526508
28.7033 42.0116 28.4046 0.000995127 -0.85017 0.526507
29.7566 42.0125 28.404 0.000989994 -0.850167 0.526513
30.8324 42.0134 28.4035 0.000998813 -0.850172 0.526505
31.9019 42.0143 28.4029 0.000991433 -0.85017 0.526508
33.0835 42.0153 28.4023 0.00099028 -0.850171 0.526506
34.2041 42.0163 28.4017 0.000991149 -0.850168 0.526511
35.2204 42.0171 28.4012 0.000993305 -0.850167 0.526512
36.2676 42.018 28.4006 0.000993433 -0.850164 0.526516
37.2844 42.0189 28.4001 0.000994905 -0.850167 0.526512
38.3041 42.0197 28.3996 0.000997416 -0.850169 0.526509
39.4271 42.0207 28.399 0.000984215 -0.85017 0.526508
40.5119 42.0216 28.3984 0.000987324 -0.850167 0.526513
41.5886 42.0225 28.3979 0.000992669 -0.850169 0.52651
42.7667 42.0235 28.3973 0.000996248 -0.850169 0.526509
43.7838 42.0243 28.3967 0.000988349 -0.850172 0.526505
44.8045 42.0252 28.3962 0.000992819 -0.850171 0.526506
45.9333 42.0261 28.3956 0.000995594 -0.850171 0.526506
46.9762 42.027 28.3951 0.00099529 -0.85017 0.526507
47.8682 42.0278 28.3946 0.000989017 -0.850171 0.526506
47.9733 41.5463 27.617 0.000999826 -0.850169 0.526508
46.9512 41.5454 27.6175 0.000987514 -0.850168 0.526511
45.8865 41.5445 27.618 0.000986261 -0.850174 0.526502
44.8491 41.5437 27.6186 0.000989555 -0.850172 0.526505
43.8385 41.5428 27.6191 0.000981635 -0.85017 0.526507
42.6972 41.5419 27.6197 0.000991694 -0.850165 0.526515
41.5734 41.5409 27.6203 0.000995029 -0.850164 0.526517
40.4681 41.54 27.6209 0.000990409 -0.850167 0.526513
39.3014 41.539 27.6215 0.000986737 -0.850166 0.526514
38.2867 41.5381 27.622 0.000984532 -0.850171 0.526506
37.2265 41.5373 27.6226 0.000982519 -0.85017 0.526508
36.2071 41.5364 27.6231 0.000987756 -0.850172 0.526504
35.0054 41.5354 27.6237 0.000989853 -0.85017 0.526507
33.998 41.5345 27.6242 0.000987638 -0.850168 0.52651
32.9783 41.5337 27.6248 0.000988782 -0.850167 0.526512
31.8788 41.5328 27.6253 0.00098912 -0.850172 0.526504
30.7848 41.5318 27.6259 0.000987753 -0.850163 0.526519
29.6707 41.5309 27.6265 0.000989212 -0.850168 0.526511
28.5975 41.53 27.6271 0.000988914 -0.850168 0.526511
27.5764 41.5291 27.6276 0.000984903 -0.850169 0.526508
26.5373 41.5283 27.6281 0.000990952 -0.850171 0.526506
25.5319 41.5274 27.6286 0.000976755 -0.850169 0.526509
24.5068 41.5266 27.6292 0.000983005 -0.85017 0.526507
23.4367 41.5257 27.6297 0.000993077 -0.85017 0.526507
22.3496 41.5248 27.6303 0.000979983 -0.850164 0.526517
21.2679 41.5239 27.6309 0.000987776 -0.850163 0.526519
20.2089 41.523 27.6314 0.000990573 -0.850167 0.526512
19.144 41.5221 27.632 0.000985441 -0.850166 0.526514
18.0662 41.5212 27.6325 0.000991673 -0.850166 0.526514
17.0231 41.5203 27.6331 0.000989144 -0.850166 0.526513
15.9753 41.5194 27.6336 0.000990945 -0.850168 0.526511
14.8441 41.5184 27.6342 0.000980278 -0.850164 0.526517
13.6843 41.5175 27.6348 0.000994662 -0.850166 0.526514
12.4395 41.5164 27.6355 0.000986253 -0.850166 0.526513
11.3843 41.5155 27.636 0.000990497 -0.850168 0.526511
10.2161 41.5146 27.6366 0.000989853 -0.850167 0.526511
9.17562 41.5137 27.6372 0.000981214 -0.850165 0.526515
8.16371 41.5128 27.6377 0.000988681 -0.850165 0.526515
7.01598 41.5119 27.6383 0.000993059 -0.85017 0.526508
5.85758 41.5109 27.6389 0.000988716 -0.850171 0.526505
4.83328 41.51 27.6394 0.00098822 -0.850168 0.52651
3.70799 41.5091 27.64 0.000987563 -0.850171 0.526506
2.66715 41.5082 27.6406 0.00098203 -0.850172 0.526504
2.0729 41.5077 27.6409 0.000984819 -0.850161 0.526521
2.03581 41.0261 26.8633 0.000994782 -0.850167 0.526513
3.07037 41.027 26.8628 0.000993314 -0.850166 0.526514
4.16532 41.0279 26.8622 0.000986839 -0.850165 0.526516
5.31679 41.0289 26.8616 0.000982797 -0.850166 0.526514
6.35006 41.0297 26.861 0.000987799 -0.850168 0.52651
7.45982 41.0307 26.8605 0.000989032 -0.850165 0.526515
8.46291 41.0315 26.8599 0.000992552 -0.850168 0.52651
9.5855 41.0325 26.8594 0.000993297 -0.850164 0.526517
10.6409 41.0334 26.8588 0.000993871 -0.850165 0.526515
11.8306 41.0343 26.8582 0.000991866 -0.850167 0.526512
12.9077 41.0353 26.8576 0.000992856 -0.850167 0.526513
13.917 41.0361 26.8571 0.000989776 -0.850167 0.526513
15.1162 41.0371 26.8565 0.000992086 -0.850168 0.52651
16.1671 41.038 26.8559 0.000985839 -0.850167 0.526511
17.193 41.0389 26.8554 0.000989068 -0.850168 0.526511
18.2007 41.0397 26.8549 0.000986635 -0.850169 0.526509
19.2729 41.0406 26.8543 0.000991566 -0.850166 0.526514
20.367 41.0415 26.8537 0.000980064 -0.850166 0.526513
21.462 41.0425 26.8532 0.0009826 -0.85017 0.526507
22.49 41.0433 26.8526 0.000989294 -0.850172 0.526504
23.5241 41.0442 26.8521 0.000987196 -0.850168 0.52651
24.6073 41.0451 26.8515 0.00098254 -0.850169 0.526509
25.7606 41.0461 26.8509 0.000983411 -0.850167 0.526512
26.7751 41.0469 26.8504 0.000982088 -0.850163 0.526519
27.8851 41.0478 26.8498 0.000988036 -0.85017 0.526508
28.9726 41.0488 26.8493 0.000990978 -0.850166 0.526514
30.021 41.0496 26.8487 0.000991955 -0.850167 0.526512
31.0422 41.0505 26.8482 0.000988502 -0.850166 0.526514
32.0936 41.0514 26.8476 0.000997382 -0.850167 0.526511
33.1755 41.0523 26.8471 0.000991214 -0.850167 0.526512
34.3649 41.0533 26.8465 0.000988138 -0.850171 0.526505
35.5319 41.0543 26.8459 0.000992265 -0.850166 0.526514
36.6399 41.0552 26.8453 0.000990409 -0.85017 0.526507
37.7753 41.0562 26.8447 0.000986372 -0.850167 0.526511
38.937 41.0571 26.8441 0.000983622 -0.850168 0.526511
39.998 41.058 26.8435 0.000983375 -0.85017 0.526507
41.0326 41.0589 26.843 0.000989623 -0.850171 0.526506
42.1532 41.0598 26.8424 0.000987408 -0.850171 0.526506
43.2761 41.0608 26.8418 0.00099111 -0.850171 0.526506
44.2766 41.0616 26.8413 0.000985646 -0.850166 0.526513
45.3024 41.0625 26.8408 0.000990296 -0.850164 0.526517
46.4513 41.0635 26.8402 0.000986078 -0.850165 0.526516
47.6607 41.0645 26.8395 0.000993575 -0.850168 0.526511
47.9428 41.0647 26.8394 0.000992043 -0.850168 0.526511
47.9234 40.5831 26.0618 0.000985634 -0.850165 0.526516
46.775 40.5822 26.0624 0.000995254 -0.850168 0.526511
45.7411 40.5813 26.063 0.000988771 -0.850165 0.526516
44.5705 40.5803 26.0636 0.000993413 -0.850168 0.526511
43.4328 40.5794 26.0642 0.000988993 -0.850171 0.526506
42.3662 40.5785 26.0647 0.00098714 -0.850166 0.526514
41.3299 40.5776 26.0652 0.000996686 -0.850173 0.526503
40.2438 40.5767 26.0658 0.000990046 -0.850173 0.526503
39.1649 40.5758 26.0664 0.000995389 -0.850163 0.526519
38.0442 40.5748 26.067 0.000981212 -0.850165 0.526515
37.0114 40.574 26.0675 0.000988417 -0.850163 0.526519
35.8706 40.573 26.0681 0.000993576 -0.850166 0.526514
34.8675 40.5722 26.0686 0.000997637 -0.850166 0.526514
33.7058 40.5712 26.0692 0.00098872 -0.850169 0.526508
32.6886 40.5703 26.0697 0.00099265 -0.850169 0.526509
31.6602 40.5695 26.0703 0.000988492 -0.850172 0.526505
30.5842 40.5685 26.0708 0.000995351 -0.850172 0.526503
29.5115 40.5676 26.0714 0.000988423 -0.850168 0.52651
28.4643 40.5668 26.072 0.000989698 -0.850168 0.526511
27.243 40.5657 26.0726 0.000992838 -0.850172 0.526505
26.2298 40.5649 26.0731 0.00097819 -0.850168 0.52651
25.1826 40.564 26.0737 0.000982294 -0.850168 0.52651
24.0697 40.5631 26.0742 0.000986319 -0.850165 0.526516
22.9754 40.5622 26.0748 0.000986888 -0.850168 0.526511
21.949 40.5613 26.0753 0.00099166 -0.850168 0.526511
20.8814 40.5604 26.0759 0.000990311 -0.850174 0.526501
19.7781 40.5595 26.0765 0.000991764 -0.850166 0.526513
18.6336 40.5585 26.0771 0.000990174 -0.850166 0.526514
17.5974 40.5576 26.0776 0.000994407 -0.850169 0.526509
16.5832 40.5568 26.0781 0.000994555 -0.850167 0.526513
15.4378 40.5558 26.0787 0.000991518 -0.850167 0.526512
14.2356 40.5548 26.0794 0.000986207 -0.850168 0.526511
13.2208 40.554 26.0799 0.000994871 -0.850173 0.526502
12.1909 40.5531 26.0804 0.000990952 -0.850172 0.526505
11.0714 40.5521 26.081 0.000982826 -0.85017 0.526507
9.96505 40.5512 26.0816 0.000987931 -0.850167 0.526513
8.75468 40.5502 26.0822 0.000985747 -0.850169 0.526509
7.7509 40.5494 26.0827 0.000996355 -0.850172 0.526504
6.69823 40.5485 26.0833 0.000983251 -0.850167 0.526512
5.61096 40.5476 26.0838 0.000982516 -0.850162 0.526519
4.59899 40.5467 26.0844 0.00099313 -0.850166 0.526514
3.43841 40.5457 26.085 0.000991493 -0.850166 0.526513
2.3791 40.5448 26.0855 0.000983314 -0.850167 0.526513
2.09134 40.5446 26.0857 0.000993843 -0.850162 0.52652
2.0569 40.063 25.3081 0.000988544 -0.850168 0.52651
3.13394 40.0639 25.3075 0.000983112 -0.850164 0.526517
4.1772 40.0648 25.307 0.000994913 -0.850166 0.526513
5.20246 40.0657 25.3065 0.000991908 -0.850163 0.526518
6.27668 40.0666 25.3059 0.000999964 -0.85017 0.526508
7.32198 40.0674 25.3054 0.000984804 -0.850169 0.526509
8.35056 40.0683 25.3048 0.000990021 -0.850168 0.52651
9.44498 40.0692 25.3043 0.000988667 -0.850166 0.526514
10.4989 40.0701 25.3037 0.000985387 -0.850165 0.526515
11.5818 40.071 25.3031 0.000989232 -0.850167 0.526513
12.6034 40.0719 25.3026 0.000990987 -0.850171 0.526506
13.6141 40.0727 25.3021 0.000985983 -0.850169 0.526509
14.6306 40.0736 25.3016 0.000990141 -0.850167 0.526513
15.6409 40.0744 25.301 0.000988252 -0.85017 0.526507
16.7512 40.0754 25.3005 0.000980798 -0.850171 0.526506
17.7946 40.0762 25.2999 0.000996319 -0.850167 0.526512
18.9218 40.0772 25.2993 0.000983841 -0.850169 0.52651
19.947 40.0781 25.2988 0.000993389 -0.850169 0.526509
20.9546 40.0789 25.2983 0.000986143 -0.850169 0.526509
22.1 40.0799 25.2977 0.000991548 -0.850169 0.526509
23.1644 40.0808 25.2971 0.000987904 -0.850167 0.526513
24.2542 40.0817 25.2965 0.000991152 -0.850164 0.526517
25.3218 40.0826 25.296 0.000976784 -0.850166 0.526514
26.3649 40.0834 25.2955 0.000984672 -0.850165 0.526516
27.369 40.0843 25.2949 0.000978921 -0.850168 0.526511
28.4704 40.0852 25.2944 0.000989368 -0.850171 0.526506
29.6401 40.0862 25.2938 0.000988708 -0.850169 0.526509
30.6635 40.0871 25.2932 0.000993019 -0.85017 0.526508
31.7506 40.088 25.2927 0.000993432 -0.850172 0.526505
32.8745 40.0889 25.2921 0.000987835 -0.850164 0.526517
33.9321 40.0898 25.2915 0.000982365 -0.85017 0.526507
34.9374 40.0906 25.291 0.00099987 -0.850166 0.526513
35.968 40.0915 25.2905 0.000991872 -0.850166 0.526514
37.031 40.0924 25.2899 0.000989264 -0.850168 0.526511
38.1319 40.0933 25.2893 0.000987628 -0.850173 0.526503
39.1746 40.0942 25.2888 0.000993951 -0.850165 0.526515
40.2292 40.0951 25.2882 0.000991168 -0.850169 0.526509
41.239 40.096 25.2877 0.000987051 -0.850167 0.526511
42.2701 40.0968 25.2872 0.000995615 -0.85017 0.526507
43.2744 40.0977 25.2866 0.000987343 -0.850171 0.526506
44.3077 40.0985 25.2861 0.000982021 -0.850171 0.526506
45.4434 40.0995 25.2855 0.000978538 -0.850169 0.526509
46.5299 40.1004 25.285 0.000990668 -0.850168 0.52651
47.5915 40.1013 25.2844 0.000983745 -0.850169 0.526508
47.8673 40.1015 25.2843 0.000989971 -0.850166 0.526514
47.8874 39.62 24.5067 0.00098685 -0.850167 0.526512
46.8165 39.6191 24.5072 0.000991745 -0.85017 0.526508
45.7437 39.6182 24.5078 0.000986253 -0.850171 0.526506
44.6043 39.6172 24.5084 0.000980711 -0.850168 0.52651
43.5919 39.6164 24.5089 0.000987209 -0.850167 0.526512
42.5412 39.6155 24.5094 0.000989125 -0.850167 0.526512
41.4603 39.6146 24.51 0.000986329 -0.850169 0.526509
40.4533 39.6137 24.5105 0.000994779 -0.85017 0.526508
39.3764 39.6128 24.5111 0.000992001 -0.850169 0.526509
38.3664 39.612 24.5116 0.00099004 -0.850167 0.526512
37.2992 39.6111 24.5122 0.000981708 -0.850168 0.526511
36.2056 39.6102 24.5127 0.000991392 -0.850168 0.52651
35.1776 39.6093 24.5133 0.000993665 -0.850171 0.526505
34.0381 39.6083 24.5139 0.000982149 -0.850174 0.526501
32.9118 39.6074 24.5145 0.000985666 -0.850171 0.526505
31.8821 39.6065 24.515 0.000995368 -0.850169 0.526509
30.7739 39.6056 24.5156 0.000990326 -0.850169 0.526509
29.7572 39.6047 24.5161 0.000990018 -0.850169 0.526509
28.5772 39.6037 24.5167 0.000992605 -0.850172 0.526504
27.5661 39.6029 24.5172 0.000985123 -0.850169 0.526508
26.5107 39.602 24.5178 0.000977232 -0.850169 0.526509
25.3751 39.6011 24.5184 0.000980278 -0.850167 0.526511
24.3039 39.6002 24.5189 0.000986199 -0.850171 0.526505
23.2679 39.5993 24.5195 0.000988426 -0.850167 0.526512
22.2467 39.5984 24.52 0.000980287 -0.850168 0.52651
21.1094 39.5975 24.5206 0.000985668 -0.850165 0.526516
20.0988 39.5966 24.5211 0.000993264 -0.850165 0.526515
19.0888 39.5958 24.5217 0.000986509 -0.850171 0.526505
18.0131 39.5949 24.5222 0.000987726 -0.850165 0.526515
16.8848 39.5939 24.5228 0.000987667 -0.850166 0.526513
15.7913 39.593 24.5234 0.000992994 -0.850163 0.526518
14.7733 39.5921 24.5239 0.000992028 -0.850167 0.526512
13.6915 39.5912 24.5245 0.000988535 -0.850169 0.526509
12.6651 39.5904 24.525 0.000994464 -0.85017 0.526508
11.5223 39.5894 24.5256 0.000991362 -0.850169 0.52651
10.4389 39.5885 24.5262 0.000992125 -0.850164 0.526517
9.41556 39.5876 24.5267 0.000986655 -0.850168 0.526511
8.35657 39.5867 24.5272 0.00099031 -0.850168 0.52651
7.24279 39.5858 24.5278 0.000995357 -0.850168 0.52651
6.16332 39.5849 24.5284 0.000992069 -0.850169 0.526509
4.95214 39.5839 24.529 0.000994204 -0.850165 0.526516
3.90815 39.583 24.5296 0.000985806 -0.850174 0.526501
2.81534 39.5821 24.5301 0.000990378 -0.850167 0.526512
2.08319 39.5815 24.5305 0.000989065 -0.850169 0.526509
2.14415 39.1 23.7529 0.000985279 -0.850169 0.526509
3.2065 39.1008 23.7523 0.000985356 -0.850164 0.526516
4.27701 39.1018 23.7518 0.000988952 -0.850165 0.526516
5.44727 39.1027 23.7512 0.000989177 -0.850167 0.526512
6.44784 39.1036 23.7507 0.000987653 -0.850169 0.52651
7.47489 39.1044 23.7501 0.000986549 -0.850168 0.52651
8.58897 39.1054 23.7495 0.000982482 -0.850167 0.526513
9.59971 39.1062 23.749 0.000984487 -0.850168 0.526511
10.6298 39.1071 23.7485 0.000993346 -0.850167 0.526513
11.643 39.1079 23.7479 0.000991891 -0.850165 0.526515
12.6675 39.1088 23.7474 0.000986337 -0.85017 0.526508
13.7301 39.1097 23.7469 0.000990924 -0.850167 0.526511
14.9277 39.1107 23.7462 0.000992919 -0.850168 0.52651
16.0032 39.1116 23.7457 0.000995579 -0.850165 0.526515
17.0554 39.1125 23.7451 0.000984499 -0.850169 0.526509
18.1404 39.1134 23.7446 0.000991167 -0.850165 0.526515
19.2165 39.1143 23.744 0.00099267 -0.850166 0.526513
20.2734 39.1152 23.7434 0.000979473 -0.850171 0.526506
21.3586 39.1161 23.7429 0.000986945 -0.850167 0.526513
22.4853 39.1171 23.7423 0.000991678 -0.850168 0.52651
23.5534 39.118 23.7417 0.000990431 -0.850165 0.526515
24.5764 39.1188 23.7412 0.000989703 -0.850165 0.526515
25.634 39.1197 23.7407 0.000985627 -0.85017 0.526507
26.6731 39.1206 23.7401 0.000978196 -0.850166 0.526513
27.7058 39.1214 23.7396 0.000986744 -0.850168 0.52651
28.7487 39.1223 23.739 0.000994021 -0.850172 0.526504
29.9071 39.1233 23.7384 0.000996878 -0.850166 0.526513
31.0047 39.1242 23.7379 0.000991439 -0.850171 0.526505
32.0331 39.1251 23.7373 0.000996698 -0.850167 0.526512
33.0599 39.1259 23.7368 0.000991177 -0.850166 0.526515
34.1255 39.1268 23.7362 0.000993073 -0.850175 0.526499
35.2479 39.1278 23.7357 0.000989116 -0.850168 0.52651
36.4097 39.1288 23.735 0.000991049 -0.85017 0.526507
37.5112 39.1297 23.7345 0.00099063 -0.850169 0.526509
38.5697 39.1306 23.7339 0.000999163 -0.85017 0.526508
39.6765 39.1315 23.7333 0.000992427 -0.850171 0.526506
40.7282 39.1324 23.7328 0.000985169 -0.850168 0.526511
41.9199 39.1334 23.7322 0.000988393 -0.850172 0.526505
43.0673 39.1344 23.7316 0.000992201 -0.850167 0.526512
44.0687 39.1352 23.7311 0.000991377 -0.850171 0.526506
45.1302 39.1361 23.7305 0.000987672 -0.850168 0.52651
46.219 39.137 23.7299 0.000987827 -0.850167 0.526512
47.2397 39.1379 23.7294 0.000990206 -0.850172 0.526504
47.955 39.1385 23.729 0.000989497 -0.85017 0.526508
47.9763 38.6569 22.9514 0.000983991 -0.850169 0.526508
46.8591 38.656 22.952 0.000987975 -0.850173 0.526503
45.7342 38.6551 22.9526 0.000989805 -0.850166 0.526514
44.6047 38.6541 22.9532 0.000989759 -0.850168 0.526511
43.5535 38.6532 22.9537 0.000989327 -0.850169 0.526509
42.4877 38.6523 22.9543 0.000997283 -0.850172 0.526505
41.3784 38.6514 22.9549 0.000993612 -0.850169 0.526509
40.2511 38.6504 22.9555 0.000986766 -0.850163 0.526518
39.2367 38.6496 22.956 0.000994213 -0.850163 0.526518
38.1534 38.6487 22.9566 0.000989689 -0.850173 0.526503
37.0959 38.6478 22.9571 0.000990889 -0.850165 0.526515
35.9186 38.6468 22.9577 0.000990317 -0.850167 0.526512
34.8153 38.6459 22.9583 0.000982064 -0.850164 0.526518
33.739 38.645 22.9589 0.000984682 -0.850168 0.526511
32.7089 38.6441 22.9594 0.000985417 -0.850169 0.52651
31.5699 38.6431 22.96 0.000990873 -0.850164 0.526516
30.5698 38.6423 22.9605 0.000987655 -0.850171 0.526506
29.557 38.6414 22.961 0.000999865 -0.850165 0.526516
28.3808 38.6405 22.9616 0.00098943 -0.850165 0.526516
27.3478 38.6396 22.9622 0.000985591 -0.85017 0.526508
26.1936 38.6386 22.9628 0.000983625 -0.850171 0.526505
25.114 38.6377 22.9633 0.000992506 -0.850171 0.526506
24.0677 38.6368 22.9639 0.00098844 -0.85017 0.526507
22.9631 38.6359 22.9645 0.00099501 -0.850162 0.52652
21.9147 38.635 22.965 0.000989564 -0.850167 0.526512
20.8305 38.6341 22.9656 0.000983249 -0.850168 0.526511
19.6444 38.6331 22.9662 0.000989817 -0.850166 0.526513
18.6391 38.6323 22.9667 0.000988119 -0.850167 0.526513
17.4806 38.6313 22.9673 0.000986779 -0.850166 0.526515
16.4209 38.6304 22.9679 0.000996602 -0.850168 0.526511
15.3589 38.6295 22.9684 0.000983707 -0.850171 0.526505
14.3017 38.6286 22.969 0.000988978 -0.850166 0.526513
13.2498 38.6277 22.9695 0.000990625 -0.850171 0.526506
12.0826 38.6268 22.9701 0.000988174 -0.850164 0.526517
11.0326 38.6259 22.9707 0.000980872 -0.85017 0.526508
9.95485 38.625 22.9712 0.000992341 -0.850167 0.526513
8.94034 38.6241 22.9718 0.000984282 -0.850165 0.526516
7.82509 38.6232 22.9723 0.000984238 -0.850167 0.526512
6.78211 38.6223 22.9729 0.000987308 -0.850168 0.52651
5.62254 38.6213 22.9735 0.000985691 -0.850167 0.526512
4.56866 38.6204 22.974 0.000990359 -0.850171 0.526505
3.48403 38.6195 22.9746 0.000982847 -0.850168 0.526511
2.42467 38.6186 22.9752 0.000983798 -0.850171 0.526505
2.02866 38.6183 22.9754 0.000992555 -0.850168 0.52651
2.07549 38.1368 22.1978 0.000994485 -0.850168 0.52651
3.16465 38.1377 22.1972 0.000981512 -0.850169 0.526509
4.19005 38.1386 22.1967 0.000989916 -0.850164 0.526518
5.27711 38.1395 22.1961 0.000982287 -0.850167 0.526512
6.37905 38.1404 22.1955 0.00099618 -0.850168 0.526511
7.42546 38.1413 22.195 0.000994262 -0.850169 0.526509
8.63409 38.1423 22.1943 0.000993582 -0.850166 0.526513
9.6825 38.1432 22.1938 0.000990075 -0.850164 0.526517
10.8575 38.1442 22.1932 0.000988114 -0.850168 0.52651
11.9522 38.1451 22.1926 0.000990123 -0.850166 0.526514
13.0477 38.146 22.192 0.000995892 -0.850167 0.526511
14.1224 38.1469 22.1915 0.000988149 -0.850169 0.526508
15.2942 38.1479 22.1909 0.000992734 -0.850169 0.526509
16.3391 38.1488 22.1903 0.000995457 -0.850163 0.526518
17.5102 38.1498 22.1897 0.000989401 -0.850165 0.526516
18.7035 38.1508 22.1891 0.00098767 -0.850164 0.526518
19.7964 38.1517 22.1885 0.000992789 -0.850164 0.526516
20.8922 38.1526 22.188 0.000992131 -0.85017 0.526507
22.0433 38.1536 22.1874 0.000989465 -0.850167 0.526513
23.0461 38.1544 22.1868 0.000988932 -0.850168 0.526511
24.1445 38.1553 22.1863 0.000996654 -0.850172 0.526504
25.2815 38.1563 22.1857 0.000983971 -0.850169 0.526509
26.3622 38.1572 22.1851 0.000981772 -0.85017 0.526508
27.441 38.1581 22.1845 0.000990789 -0.850167 0.526512
28.5169 38.159 22.184 0.000988448 -0.850168 0.526511
29.5209 38.1599 22.1835 0.0009936 -0.850168 0.526511
30.6935 38.1608 22.1829 0.000983922 -0.850169 0.526508
31.7716 38.1617 22.1823 0.000989177 -0.850171 0.526506
32.7939 38.1626 22.1818 0.000978307 -0.850167 0.526511
33.9568 38.1636 22.1812 0.000990384 -0.850168 0.526511
34.9676 38.1644 22.1806 0.000988203 -0.850173 0.526503
36.0303 38.1653 22.1801 0.000984199 -0.850169 0.526508
37.0506 38.1662 22.1795 0.000987 -0.85017 0.526508
38.1554 38.1671 22.179 0.00098884 -0.850172 0.526503
39.2437 38.168 22.1784 0.000989822 -0.85017 0.526508
40.2443 38.1689 22.1779 0.000983044 -0.850171 0.526506
41.2673 38.1697 22.1773 0.000993127 -0.850171 0.526505
42.2836 38.1706 22.1768 0.000990405 -0.850169 0.526509
43.3471 38.1715 22.1763 0.000987083 -0.850171 0.526506
44.3766 38.1724 22.1757 0.000988233 -0.850169 0.526509
45.4663 38.1733 22.1752 0.00098735 -0.850171 0.526505
46.5579 38.1742 22.1746 0.000994563 -0.850169 0.526509
47.6119 38.1751 22.174 0.000988663 -0.850167 0.526512
47.9112 38.1753 22.1739 0.00098985 -0.85017 0.526508
47.8819 37.6937 21.3963 0.000986281 -0.850168 0.526511
46.6715 37.6927 21.3969 0.000994896 -0.85017 0.526508
45.6094 37.6918 21.3975 0.000989931 -0.850165 0.526515
44.5425 37.6909 21.398 0.000994891 -0.850168 0.526511
43.484 37.69 21.3986 0.000994178 -0.85017 0.526508
42.3505 37.6891 21.3992 0.000988914 -0.850169 0.526508
41.3426 37.6882 21.3997 0.000981565 -0.850167 0.526512
40.2748 37.6873 21.4003 0.000988171 -0.850169 0.526509
39.0718 37.6863 21.4009 0.000986689 -0.850172 0.526505
38.0162 37.6854 21.4014 0.000985466 -0.850169 0.526509
36.9055 37.6845 21.402 0.000988703 -0.850169 0.526509
35.8178 37.6836 21.4026 0.00098857 -0.850167 0.526513
34.7093 37.6827 21.4032 0.000984582 -0.850167 0.526512
33.6701 37.6818 21.4037 0.000994461 -0.850167 0.526513
32.5741 37.6809 21.4043 0.000995794 -0.850166 0.526515
31.5479 37.68 21.4048 0.000987357 -0.850172 0.526504
30.5012 37.6791 21.4054 0.000985165 -0.85017 0.526507
29.4859 37.6783 21.4059 0.000992255 -0.850173 0.526502
28.4045 37.6774 21.4065 0.000981938 -0.850171 0.526506
27.3259 37.6764 21.407 0.000985512 -0.850167 0.526513
26.3197 37.6756 21.4075 0.00097896 -0.850167 0.526512
25.2849 37.6747 21.4081 0.000994893 -0.850169 0.526508
24.2428 37.6739 21.4086 0.000985751 -0.850167 0.526512
23.156 37.6729 21.4092 0.000995538 -0.850164 0.526517
22.0681 37.672 21.4098 0.000988495 -0.850166 0.526513
21.0043 37.6711 21.4103 0.000999761 -0.850169 0.526509
19.9216 37.6702 21.4109 0.000992385 -0.850164 0.526516
18.6424 37.6691 21.4115 0.000987169 -0.850168 0.526511
17.5783 37.6683 21.4121 0.00098655 -0.85017 0.526508
16.4299 37.6673 21.4127 0.000991335 -0.850169 0.526509
15.3721 37.6664 21.4132 0.00099114 -0.850167 0.526513
14.3649 37.6655 21.4138 0.000988288 -0.850167 0.526512
13.3107 37.6647 21.4143 0.000991526 -0.85017 0.526508
12.2366 37.6638 21.4149 0.000984812 -0.850166 0.526513
11.1792 37.6629 21.4154 0.000989857 -0.850165 0.526516
10.1045 37.662 21.416 0.000983535 -0.850169 0.526509
9.02006 37.6611 21.4166 0.000992199 -0.850165 0.526515
8.00067 37.6602 21.4171 0.000983812 -0.850169 0.526509
6.99113 37.6593 21.4176 0.000990299 -0.850162 0.52652
5.96444 37.6585 21.4181 0.000990471 -0.850169 0.526508
4.95819 37.6576 21.4187 0.000982071 -0.850161 0.526521
3.89604 37.6567 21.4192 0.000988508 -0.850168 0.52651
2.8631 37.6559 21.4198 0.000996057 -0.850168 0.52651
2.048 37.6552 21.4202 0.000992443 -0.850163 0.526518
2.10057 37.1737 20.6426 0.000982193 -0.850165 0.526515
3.14261 37.1745 20.642 0.000997312 -0.85017 0.526508
4.26654 37.1755 20.6414 0.000992497 -0.850166 0.526514
5.37762 37.1764 20.6409 0.000994202 -0.850171 0.526506
6.38909 37.1773 20.6403 0.000999058 -0.850166 0.526513
7.44423 37.1782 20.6398 0.000988318 -0.850166 0.526514
8.4986 37.1791 20.6392 0.000993623 -0.850169 0.526509
9.69199 37.1801 20.6386 0.000992638 -0.850166 0.526513
10.703 37.1809 20.6381 0.000987976 -0.850163 0.526519
11.8498 37.1819 20.6375 0.000987075 -0.850167 0.526513
12.8592 37.1827 20.637 0.000988853 -0.850163 0.526519
13.8873 37.1836 20.6364 0.000998646 -0.850169 0.526509
14.9064 37.1844 20.6359 0.000987107 -0.850169 0.526509
15.9316 37.1853 20.6354 0.000990141 -0.850165 0.526515
16.9674 37.1862 20.6348 0.000992108 -0.850166 0.526514
18.0771 37.1871 20.6342 0.000983186 -0.850168 0.526511
19.1394 37.188 20.6337 0.000987377 -0.85017 0.526507
20.1433 37.1888 20.6332 0.000987501 -0.850168 0.526511
21.1494 37.1897 20.6326 0.000998083 -0.850166 0.526514
22.1847 37.1906 20.6321 0.000989557 -0.850164 0.526517
23.2595 37.1915 20.6315 0.00099337 -0.850166 0.526514
24.314 37.1924 20.631 0.000990297 -0.850171 0.526506
25.3591 37.1932 20.6305 0.000989728 -0.850174 0.526501
26.4246 37.1941 20.6299 0.000987496 -0.850168 0.526511
27.6161 37.1951 20.6293 0.000982717 -0.850172 0.526504
28.7429 37.1961 20.6287 0.000988621 -0.850165 0.526515
29.7611 37.1969 20.6282 0.000990498 -0.850169 0.526509
30.9248 37.1979 20.6276 0.000988239 -0.850172 0.526504
31.9496 37.1988 20.627 0.000986918 -0.85017 0.526508
32.9538 37.1996 20.6265 0.000990914 -0.850164 0.526517
34.1221 37.2006 20.6259 0.000985285 -0.850166 0.526514
35.2482 37.2016 20.6253 0.000991016 -0.850169 0.526508
36.3605 37.2025 20.6247 0.000993576 -0.850175 0.526499
37.5275 37.2035 20.6241 0.000984491 -0.850173 0.526502
38.6676 37.2044 20.6235 0.000991232 -0.850168 0.52651
39.7949 37.2054 20.6229 0.000990578 -0.850171 0.526507
40.822 37.2062 20.6224 0.00099499 -0.850171 0.526506
41.8707 37.2071 20.6219 0.000990297 -0.85017 0.526507
42.9415 37.208 20.6213 0.000990756 -0.850168 0.52651
44.0689 37.209 20.6207 0.000988144 -0.850168 0.526511
45.197 37.2099 20.6201 0.000985945 -0.850165 0.526516
46.3603 37.2109 20.6195 0.000987998 -0.850169 0.52651
47.3632 37.2117 20.619 0.000990774 -0.85017 0.526507
47.7322 37.2121 20.6188 0.00099038 -0.850164 0.526517
47.8888 37.2122 20.6187 0.000990374 -0.850164 0.526517
