0.960738 9.46223 13.304 0.763356 -0.326222 0.557554
0.999628 10.4498 13.8254 0.765662 -0.325738 0.554668
1.00578 11.352 14.3412 0.77349 -0.325159 0.544045
1.10489 12.2851 14.7936 0.777347 -0.364773 0.512503
1.28758 13.2362 15.2413 0.78728 -0.406024 0.463688
1.56087 14.2036 15.711 0.787579 -0.447427 0.423707
1.88384 15.1422 16.1417 0.772155 -0.506325 0.383941
2.30059 15.9986 16.5483 0.74522 -0.59466 0.301706
2.82164 16.8253 16.9307 0.764666 -0.60386 0.224831
3.37289 17.6091 17.2754 0.728247 -0.677327 0.104329
4.03595 18.3227 17.5747 0.691575 -0.720246 0.0544926
4.77885 19.0446 17.9155 0.676354 -0.735656 0.0368071
5.57132 19.6596 18.1944 0.539429 -0.826866 -0.1538
6.46947 20.1483 18.3915 0.490287 -0.841784 -0.225679
7.38707 20.6085 18.4066 0.346449 -0.882789 -0.317265
8.41163 20.9096 18.3127 0.171887 -0.94164 -0.289428
9.52053 21.0661 18.2222 0.0632926 -0.912558 -0.400874
10.6347 20.9851 18.2426 -0.0798803 -0.922885 -0.376699
11.6497 20.8366 18.3117 -0.198117 -0.911275 -0.358067
12.6414 20.4951 18.3656 -0.350268 -0.893605 -0.28068
13.5511 20.061 18.3912 -0.437499 -0.880077 -0.184551
14.457 19.6018 18.1842 -0.518895 -0.84656 -0.112716
15.2789 19.0663 17.9201 -0.592752 -0.805041 -0.00174263
16.0199 18.4206 17.642 -0.677809 -0.733147 0.0554076
16.7058 17.63 17.272 -0.72584 -0.670336 0.154294
17.2639 16.8609 16.9038 -0.767548 -0.613605 0.185002
17.7604 15.9514 16.511 -0.797281 -0.51147 0.320533
18.1808 15.0382 16.1138 -0.788887 -0.507196 0.347
18.4989 14.1481 15.6495 -0.798386 -0.423521 0.426825
18.6988 13.2456 15.2302 -0.806166 -0.37585 0.456972
18.8772 12.2537 14.7653 -0.810488 -0.339512 0.477327
18.9884 11.2456 14.2674 -0.785911 -0.313633 0.532816
19.0028 10.3532 13.7661 -0.768211 -0.321361 0.553695
19.0148 9.43533 13.2499 -0.757275 -0.327627 0.564974
18.9552 8.46735 12.6155 -0.750423 -0.329673 0.572867
18.9689 7.52271 12.081 -0.749569 -0.339637 0.568148
18.9698 6.61396 11.5443 -0.729089 -0.35053 0.587842
18.9317 5.69879 10.8715 -0.721897 -0.399567 0.564971
18.8683 4.84398 10.0796 -0.706703 -0.45987 0.537672
18.8459 4.11903 9.38011 -0.674968 -0.520561 0.522884
18.803 3.40121 8.60072 -0.636883 -0.562856 0.526852
18.7758 2.69457 7.83342 -0.602145 -0.576097 0.552751
18.7472 1.95432 6.99815 -0.578675 -0.606524 0.545178
18.6788 1.31289 6.21885 -0.569001 -0.601711 0.560492
17.9526 1.21426 5.42154 -0.545014 -0.600867 0.584738
17.1608 1.20593 4.70516 -0.513076 -0.595822 0.617859
16.3058 1.21864 4.11166 -0.402304 -0.597598 0.693562
15.2691 1.2323 3.57041 -0.327347 -0.604884 0.725777
14.3218 1.19003 3.1476 -0.260387 -0.638027 0.724652
13.1856 1.18457 2.75953 -0.203219 -0.622257 0.75579
12.1304 1.18299 2.5381 -0.124786 -0.635281 0.762132
11.1251 1.15326 2.38888 -0.0691194 -0.655255 0.752204
10.1042 1.15454 2.34607 -0.0115665 -0.645062 0.764043
9.00419 1.12889 2.32883 0.0182838 -0.652346 0.757674
7.96339 1.14744 2.42553 0.118161 -0.633826 0.764397
6.96758 1.15277 2.62313 0.168276 -0.652338 0.738983
5.97565 1.15544 2.88181 0.21593 -0.657607 0.721753
4.97007 1.19418 3.31474 0.344417 -0.646183 0.680808
4.129 1.22271 3.87565 0.457348 -0.646978 0.609706
3.31783 1.17172 4.47124 0.500045 -0.643474 0.579566
2.55384 1.17748 5.15255 0.528323 -0.62758 0.57184
1.69599 1.20386 6.0069 0.550047 -0.617646 0.562105
1.26581 1.59706 6.86057 0.550479 -0.618721 0.560497
1.25131 2.27442 7.63134 0.582488 -0.578491 0.570996
1.18786 2.99269 8.39368 0.603286 -0.544101 0.583095
1.18513 3.78723 9.16492 0.633794 -0.543552 0.550324
1.15609 4.60053 9.93051 0.649681 -0.457117 0.607419
1.10724 5.40518 10.5767 0.690466 -0.42281 0.586932
1.06693 6.27718 11.2414 0.701698 -0.394251 0.593452
1.02125 7.25055 11.9204 0.7406 -0.342496 0.578105
1.02234 8.11167 12.4332 0.756883 -0.332738 0.562493
0.97496 8.97216 12.9992 0.761613 -0.326635 0.559692
0.961303 9.36765 13.248 0.763517 -0.325684 0.557648
0.357112 8.94892 13.8173 0.757226 -0.332237 0.562341
0.371552 9.86165 14.3355 0.759522 -0.329592 0.560798
0.383907 10.8392 14.9119 0.78013 -0.337275 0.526918
0.49457 11.8111 15.4022 0.791126 -0.351883 0.500266
0.70473 12.9106 15.9305 0.801582 -0.409554 0.435582
0.993151 13.8722 16.4091 0.783413 -0.456883 0.421273
1.31088 14.7622 16.8371 0.775558 -0.49388 0.392925
1.73717 15.6415 17.2977 0.756551 -0.576576 0.30795
2.30469 16.4992 17.7083 0.741684 -0.634062 0.218792
2.87879 17.2574 18.0546 0.722653 -0.665204 0.187801
3.66014 18.045 18.4093 0.668237 -0.741354 0.0616362
4.39936 18.7128 18.751 0.64896 -0.75979 -0.0239245
5.17851 19.2762 19.0319 0.544006 -0.826388 -0.142918
6.13591 19.7638 19.259 0.429025 -0.886843 -0.171601
7.05982 20.2096 19.3599 0.443377 -0.870227 -0.214737
8.03308 20.5611 19.2608 0.193221 -0.935655 -0.289305
9.21016 20.7577 19.1536 0.102873 -0.959123 -0.260326
10.2181 20.7759 19.1311 -0.0707014 -0.969089 -0.231766
11.2318 20.6451 19.1857 -0.101713 -0.957316 -0.270206
12.2575 20.4368 19.2566 -0.259984 -0.946958 -0.186918
13.2974 20.0139 19.3641 -0.430303 -0.891518 -0.141549
14.3134 19.5419 19.1581 -0.458585 -0.877359 -0.140716
15.2352 19.0591 18.9206 -0.55618 -0.830499 -0.0305737
16.029 18.4876 18.6624 -0.658885 -0.752007 -0.0188613
16.7373 17.8073 18.3043 -0.716744 -0.694118 0.066923
17.3376 17.0617 17.9515 -0.760019 -0.635175 0.137568
17.8885 16.2944 17.5854 -0.761402 -0.613427 0.207525
18.3546 15.4905 17.1993 -0.774511 -0.546673 0.316755
18.7601 14.649 16.8022 -0.775756 -0.515007 0.364158
19.043 13.7598 16.3417 -0.814282 -0.420506 0.400124
19.2646 12.8774 15.907 -0.800618 -0.388291 0.456167
19.4543 11.8655 15.4273 -0.797448 -0.363008 0.481977
19.5974 10.8445 14.9158 -0.787561 -0.362031 0.498678
19.6189 9.96074 14.3869 -0.76524 -0.331564 0.551791
19.6263 8.9396 13.78 -0.758066 -0.335838 0.55905
19.5971 8.09169 13.2355 -0.748002 -0.340873 0.569473
19.6096 7.17454 12.7001 -0.739966 -0.352282 0.573016
19.613 6.24168 12.1204 -0.732233 -0.364255 0.575459
19.6121 5.338 11.4728 -0.705252 -0.448525 0.54904
19.5783 4.58685 10.7702 -0.689597 -0.502462 0.521525
19.5582 3.86698 10.0343 -0.652231 -0.540195 0.530975
19.5523 3.12578 9.20168 -0.633336 -0.580104 0.512216
19.5359 2.46239 8.42059 -0.608654 -0.5947 0.525082
19.5227 1.76613 7.6048 -0.577987 -0.612346 0.53938
19.5179 1.06303 6.80815 -0.572132 -0.612307 0.54566
19.3251 0.473237 5.96383 -0.561617 -0.604172 0.565298
18.5352 0.465814 5.19584 -0.548677 -0.599426 0.582788
17.7036 0.441661 4.41949 -0.512204 -0.614392 0.600142
16.8662 0.446433 3.79786 -0.445806 -0.598628 0.665411
15.9581 0.455893 3.24577 -0.371758 -0.628507 0.682209
15.023 0.448714 2.80306 -0.315144 -0.603776 0.732176
13.9748 0.44135 2.36449 -0.248708 -0.621146 0.743183
12.8189 0.446072 2.06056 -0.168487 -0.627425 0.7602
11.78 0.429843 1.84386 -0.117025 -0.636217 0.762583
10.734 0.434474 1.74833 -0.0452934 -0.647469 0.760744
9.63234 0.42363 1.71293 0.000543885 -0.65345 0.75697
8.55159 0.426645 1.74172 0.0529184 -0.64679 0.76047
7.54841 0.433695 1.87923 0.121326 -0.649316 0.750735
6.40811 0.427862 2.099 0.17459 -0.659092 0.731516
5.41356 0.446738 2.45447 0.303793 -0.629075 0.715416
4.46942 0.444426 2.89287 0.381468 -0.61891 0.68661
3.64362 0.459031 3.45731 0.472723 -0.628208 0.617971
2.84841 0.426266 4.06464 0.50447 -0.626828 0.593638
2.1224 0.447207 4.76189 0.538256 -0.622477 0.568157
1.40329 0.454884 5.46858 0.548815 -0.620022 0.56069
0.637732 0.471403 6.23018 0.543079 -0.621906 0.56418
0.476793 1.05487 7.03605 0.548864 -0.625171 0.55489
0.48413 1.76702 7.83932 0.553758 -0.627201 0.547696
0.449107 2.41534 8.5998 0.591904 -0.586712 0.55245
0.432349 3.22108 9.44773 0.623164 -0.558996 0.546982
0.42738 4.03456 10.263 0.637782 -0.53892 0.550272
0.421814 4.84416 10.9667 0.686179 -0.442284 0.577532
0.410879 5.63365 11.5868 0.707449 -0.414769 0.572193
0.387379 6.53623 12.2505 0.727735 -0.392087 0.562692
0.387648 7.40948 12.8457 0.744752 -0.364657 0.558901
0.371828 8.31763 13.4262 0.757011 -0.3308 0.563476
0.357509 8.89796 13.7866 0.757226 -0.332237 0.562341
1.30604 9.76616 13.0074 0.766544 -0.323981 0.554478
2.01913 10.2829 12.2306 0.814131 -0.268492 0.514881
2.66576 10.7905 11.4499 0.824191 -0.23752 0.514094
3.33763 11.3172 10.5889 0.832663 -0.206902 0.513676
3.85954 11.7994 9.79983 0.87893 -0.102594 0.465785
4.3551 12.2799 8.88157 0.89384 -0.0449331 0.44613
4.82908 12.6856 8.0704 0.863947 0.000737325 0.503582
5.34559 12.9967 7.23797 0.816395 0.0900974 0.570422
6.01784 13.3542 6.45641 0.632941 0.127193 0.76368
6.8948 13.5918 5.81478 0.472468 0.253027 0.844246
7.80024 13.7331 5.26874 0.454717 0.223037 0.862257
8.82713 13.867 4.88706 0.158061 0.286129 0.945064
9.94728 13.8875 4.86546 -0.00960188 0.237989 0.97122
11.0534 13.8976 4.9089 -0.0974959 0.233085 0.967557
12.0322 13.7042 5.13339 -0.348361 0.232006 0.908195
12.9095 13.5915 5.658 -0.530424 0.203811 0.822868
13.7166 13.4232 6.26143 -0.59461 0.205577 0.777288
14.3898 13.1906 6.98949 -0.757277 0.152437 0.635054
14.9599 12.8839 7.82189 -0.803915 0.0790066 0.589474
15.4824 12.4184 8.68159 -0.867529 0.0124812 0.49723
15.9112 12.0283 9.53345 -0.884708 -0.0370639 0.46467
16.4693 11.5 10.4416 -0.82308 -0.178126 0.539268
17.0692 11.0368 11.2052 -0.830243 -0.193254 0.522828
17.6352 10.5757 11.8912 -0.811295 -0.244094 0.531242
18.2899 10.0865 12.6172 -0.790196 -0.285859 0.542102
18.6686 9.82495 13.0062 -0.76826 -0.314352 0.557637
18.6301 8.94039 12.4541 -0.759959 -0.313029 0.569628
17.9959 9.36808 11.8091 -0.777636 -0.296111 0.554617
17.2353 9.8958 10.9967 -0.799976 -0.234331 0.552383
16.5872 10.3564 10.2233 -0.809541 -0.206531 0.549535
15.9714 10.7899 9.44966 -0.8256 -0.178619 0.535238
15.3871 11.2569 8.57111 -0.833805 0.00109557 0.552058
14.8546 11.6494 7.80439 -0.796953 0.0510175 0.601883
14.2035 11.9435 7.00161 -0.707513 0.0683014 0.703392
13.3835 12.1917 6.32832 -0.546884 0.152883 0.823131
12.5276 12.3664 5.74604 -0.518058 0.213185 0.828352
11.6215 12.4408 5.29397 -0.306457 0.268059 0.913361
10.5641 12.5404 5.20642 -0.0171865 0.240366 0.97053
9.40895 12.5639 5.19289 0.0038982 0.261322 0.965244
8.36029 12.4832 5.35215 0.262697 0.253355 0.931022
7.42332 12.3479 5.75967 0.449532 0.176705 0.875612
6.52888 12.1697 6.31997 0.545033 0.167549 0.821502
5.76498 11.8993 6.95968 0.654393 0.163277 0.738316
5.04679 11.5626 7.79404 0.776512 0.0778727 0.625272
4.46649 11.174 8.6362 0.834575 -0.0152584 0.550683
3.8676 10.7586 9.51238 0.830507 -0.144458 0.53795
3.24697 10.248 10.3169 0.827356 -0.187195 0.529566
2.67531 9.81495 11.0345 0.809143 -0.222978 0.543662
2.02757 9.36371 11.7653 0.777578 -0.304704 0.550025
1.3079 8.87781 12.4924 0.761001 -0.322143 0.563118
1.30336 8.87476 12.4968 0.761629 -0.322282 0.562188
1.38438 8.02284 11.8987 0.754366 -0.327166 0.569118
2.0581 8.46613 11.2358 0.763082 -0.305151 0.569726
2.77137 8.93406 10.5118 0.790349 -0.250819 0.558962
3.42302 9.40742 9.77692 0.801041 -0.172005 0.573365
4.13151 9.84692 8.96168 0.780608 -0.10394 0.616318
4.79818 10.2503 8.14658 0.777791 -0.0227701 0.628111
5.45583 10.5486 7.44108 0.700781 -0.0244363 0.712958
6.31287 10.9057 6.7369 0.563536 0.126076 0.816414
7.14508 11.0904 6.16353 0.510917 0.183024 0.83992
8.01801 11.2483 5.68553 0.353499 0.173592 0.919187
9.09692 11.3315 5.49792 0.0430619 0.205925 0.97762
10.2859 11.3551 5.46734 0.00661014 0.202923 0.979172
11.3533 11.3366 5.52121 -0.112205 0.103109 0.988321
12.2847 11.2121 5.85658 -0.433259 0.140953 0.890179
13.2567 11.0468 6.37354 -0.497147 0.0582792 0.865707
14.1 10.7805 7.00301 -0.675177 0.0857781 0.732652
14.9042 10.3845 7.91895 -0.77065 -0.0469846 0.635525
15.6196 9.99164 8.74134 -0.778625 -0.114447 0.616964
16.3154 9.55282 9.53296 -0.80038 -0.206757 0.562711
16.9499 9.09723 10.2612 -0.791539 -0.230683 0.565908
17.708 8.61338 11.0328 -0.751647 -0.301056 0.58685
18.3824 8.18293 11.6925 -0.761395 -0.316568 0.56574
18.6425 8.01948 11.9449 -0.751366 -0.335544 0.568206
18.6357 7.11224 11.4081 -0.746747 -0.334163 0.575069
17.9395 7.55881 10.7578 -0.74516 -0.325793 0.581889
17.2065 8.00259 10.0982 -0.741275 -0.286352 0.607053
16.4561 8.47714 9.35597 -0.781588 -0.196949 0.591888
15.7745 8.88389 8.65362 -0.732171 -0.190968 0.653802
15.0915 9.25371 7.9766 -0.744434 -0.125665 0.655764
14.4253 9.56902 7.29501 -0.731781 -0.068699 0.678069
13.6552 9.837 6.66036 -0.557235 0.0137025 0.830242
12.7281 10.052 6.15044 -0.464537 0.0268371 0.885147
11.813 10.1804 5.72966 -0.278153 0.0930098 0.956023
10.7613 10.2801 5.60428 0.00319084 0.0436716 0.999041
9.68802 10.2859 5.63107 0.0278047 0.106186 0.993957
8.66136 10.2094 5.69168 0.148637 0.0652436 0.986737
7.67296 10.0754 5.99453 0.383597 -0.0317386 0.922955
6.76146 9.91836 6.49329 0.520034 -0.0133978 0.854041
5.92226 9.65042 7.04442 0.600804 -0.00167801 0.799395
5.12058 9.33109 7.73641 0.70972 -0.0261122 0.703999
4.38728 8.96334 8.48834 0.753327 -0.174371 0.634109
3.60324 8.54237 9.25227 0.743822 -0.227414 0.6285
2.94518 8.13878 9.88852 0.75571 -0.291479 0.586466
2.23014 7.66511 10.601 0.766488 -0.285821 0.575154
1.56936 7.23269 11.2319 0.745452 -0.308027 0.591119
1.38492 7.12091 11.3895 0.720913 -0.343658 0.601817
1.47798 6.29962 10.7635 0.716143 -0.379074 0.586039
2.24399 6.7759 10.1101 0.739333 -0.317489 0.593791
2.92914 7.19343 9.48484 0.731207 -0.253549 0.633285
3.66957 7.61615 8.84059 0.716928 -0.238327 0.655145
4.37809 7.99744 8.20418 0.692633 -0.216943 0.687892
5.12766 8.33773 7.60119 0.644515 -0.13435 0.752696
5.94973 8.63567 6.97074 0.607078 -0.0822236 0.790377
6.83059 8.89936 6.42222 0.470673 -0.0188626 0.882106
7.78921 9.09561 5.95679 0.34134 0.0237683 0.939639
8.89518 9.22629 5.67772 0.0881823 -0.0284939 0.995697
9.90264 9.26911 5.64052 0.0117348 0.0128858 0.999848
10.98 9.24134 5.67161 -0.0949681 0.0553213 0.993942
11.9767 9.14779 5.8368 -0.264514 0.00358496 0.964375
13.0551 8.94416 6.33345 -0.456173 0.00252917 0.889887
13.9179 8.70765 6.82031 -0.538857 -0.0214637 0.842124
14.762 8.41893 7.49031 -0.684235 -0.114303 0.720248
15.5708 8.02258 8.18646 -0.697504 -0.195319 0.689448
16.3157 7.61937 8.86976 -0.722 -0.269038 0.637444
17.0704 7.1892 9.52691 -0.708044 -0.330757 0.623918
17.812 6.74978 10.1434 -0.721196 -0.327487 0.610433
18.5641 6.26126 10.7943 -0.728828 -0.374347 0.573301
18.4525 5.50334 10.0987 -0.707378 -0.450528 0.544648
17.6313 6.00111 9.45869 -0.700792 -0.433672 0.566408
16.8668 6.44435 8.85655 -0.698106 -0.384393 0.604062
16.0519 6.87329 8.24084 -0.646743 -0.357594 0.673684
15.2886 7.25568 7.66413 -0.67431 -0.23901 0.698699
14.4976 7.57496 7.05712 -0.616569 -0.24447 0.748383
13.5791 7.83503 6.54875 -0.472279 -0.206709 0.856869
12.6889 8.05515 6.12716 -0.422018 -0.113475 0.899458
11.5973 8.21698 5.75862 -0.184592 -0.101272 0.977584
10.5813 8.28774 5.65758 -0.0353856 -0.0271105 0.999006
9.49182 8.29339 5.62275 0.00725314 -0.0419245 0.999094
8.45675 8.22893 5.73789 0.232421 -0.0565349 0.970971
7.43601 8.06238 6.09441 0.327349 -0.132278 0.935599
6.48972 7.85943 6.46915 0.479334 -0.161501 0.862645
5.61502 7.58158 7.01801 0.607475 -0.202643 0.768056
4.77768 7.25166 7.59565 0.617338 -0.24503 0.747565
4.01222 6.89127 8.1928 0.681546 -0.262825 0.682948
3.26839 6.48436 8.79567 0.690701 -0.366247 0.623535
2.41875 6.00888 9.44798 0.690013 -0.386633 0.61188
1.63578 5.55264 10.0631 0.696722 -0.403767 0.592917
1.48795 5.4654 10.1763 0.689557 -0.41201 0.595616
1.52422 4.67143 9.55596 0.664945 -0.460377 0.588134
2.28497 5.11551 9.01216 0.683566 -0.421433 0.59593
3.1312 5.59035 8.40458 0.658455 -0.402114 0.636193
3.9422 6.00347 7.8321 0.64578 -0.367268 0.669389
4.84305 6.40337 7.22432 0.597588 -0.34708 0.722789
5.77336 6.75351 6.65284 0.550586 -0.276351 0.787709
6.68626 7.01661 6.1629 0.386632 -0.227727 0.893675
7.75648 7.213 5.82226 0.305248 -0.210163 0.928792
8.82837 7.35573 5.56459 0.129176 -0.161301 0.978415
9.86126 7.39999 5.54148 -0.0297159 -0.126715 0.991494
10.8999 7.35751 5.57705 -0.0879299 -0.185738 0.978657
11.9971 7.27205 5.70169 -0.202685 -0.264952 0.942719
12.9927 7.0917 6.06392 -0.401545 -0.267934 0.87577
13.9145 6.87413 6.44237 -0.460061 -0.273853 0.844599
14.7516 6.59826 6.9208 -0.634507 -0.331904 0.698026
15.6491 6.23288 7.51435 -0.630042 -0.408945 0.66016
16.4541 5.85997 8.04038 -0.631132 -0.411679 0.657414
17.3281 5.40923 8.64316 -0.668253 -0.446437 0.59509
18.1236 4.94635 9.21103 -0.687715 -0.467916 0.55507
18.4278 4.75492 9.43073 -0.69131 -0.47281 0.546389
18.3261 4.08426 8.70284 -0.657487 -0.523634 0.541773
17.4348 4.59999 8.11724 -0.621901 -0.499237 0.603326
16.6034 5.0009 7.62373 -0.594744 -0.479402 0.645332
15.7339 5.41217 7.07084 -0.625523 -0.425653 0.653865
14.7951 5.7863 6.51401 -0.536793 -0.415184 0.73449
13.8427 6.05522 6.09168 -0.390714 -0.333 0.858168
12.8104 6.27811 5.7342 -0.386905 -0.277486 0.879378
11.814 6.43624 5.44824 -0.205209 -0.290773 0.934527
10.8039 6.51324 5.34866 -0.0294312 -0.293727 0.955436
9.77369 6.52254 5.3292 0.00782422 -0.261387 0.965202
8.77641 6.47886 5.37331 0.171516 -0.272451 0.946759
7.71889 6.34297 5.61785 0.300657 -0.251409 0.92
6.76913 6.17958 5.8895 0.359075 -0.312425 0.879463
5.79944 5.92329 6.30781 0.520012 -0.364109 0.772666
4.88274 5.60649 6.78712 0.571695 -0.408264 0.711678
3.92937 5.17685 7.37793 0.627841 -0.387167 0.675216
3.14574 4.79154 7.89151 0.623562 -0.423135 0.657364
2.22163 4.30182 8.48394 0.666796 -0.450302 0.593811
1.57868 3.95358 8.88416 0.623505 -0.536352 0.56883
1.64397 3.28554 8.1921 0.603949 -0.540959 0.585328
2.61484 3.795 7.63544 0.609139 -0.51928 0.599414
3.53813 4.22842 7.11572 0.585611 -0.49594 0.641174
4.37673 4.61849 6.62768 0.588584 -0.427498 0.686159
5.25723 4.96835 6.15108 0.514158 -0.436494 0.738319
6.15093 5.24516 5.74987 0.445508 -0.42449 0.788245
7.1175 5.45093 5.45328 0.271855 -0.406935 0.872066
8.12249 5.5865 5.24238 0.235652 -0.368259 0.899363
9.15029 5.68357 5.08147 0.0534144 -0.329206 0.942746
10.362 5.69868 5.07334 -0.0223504 -0.313117 0.949452
11.4104 5.66122 5.11671 -0.0926851 -0.294783 0.951059
12.4237 5.53797 5.3129 -0.336666 -0.32127 0.885122
13.3835 5.34944 5.60302 -0.333996 -0.403775 0.851712
14.3429 5.12208 5.93119 -0.437063 -0.382606 0.813995
15.2997 4.81643 6.36235 -0.531214 -0.423146 0.734002
16.1423 4.47219 6.81608 -0.58309 -0.486167 0.650883
17.0519 4.06429 7.30358 -0.572794 -0.531827 0.623752
17.9631 3.60316 7.81647 -0.641325 -0.51749 0.566486
18.379 3.3624 8.06893 -0.639953 -0.529719 0.556649
18.3931 2.69185 7.41734 -0.59666 -0.583046 0.551411
17.593 3.11305 6.98946 -0.579607 -0.552269 0.599212
16.7179 3.51975 6.55284 -0.540663 -0.535242 0.648999
15.8253 3.88561 6.12459 -0.514826 -0.527177 0.676046
14.9428 4.19172 5.74713 -0.458168 -0.516167 0.723639
14.0104 4.45802 5.39418 -0.366991 -0.49658 0.786592
13.04 4.65808 5.11861 -0.306977 -0.468232 0.828567
11.9703 4.83422 4.86223 -0.195002 -0.427013 0.882969
10.768 4.90075 4.78445 -0.0377405 -0.439847 0.89728
9.73716 4.91528 4.75509 -0.0237863 -0.387499 0.921563
8.65127 4.88255 4.7953 0.175964 -0.421739 0.889479
7.65039 4.7733 4.95755 0.185901 -0.463029 0.866629
6.61899 4.60827 5.17772 0.301597 -0.446304 0.842527
5.64496 4.33132 5.56284 0.44068 -0.450333 0.776531
4.66687 4.00034 5.98385 0.524761 -0.482442 0.701338
3.75574 3.62906 6.42939 0.550793 -0.544481 0.632588
2.87226 3.2252 6.88739 0.587984 -0.525148 0.615219
2.05985 2.81197 7.32786 0.589838 -0.556869 0.584798
1.62726 2.58723 7.55973 0.601135 -0.560532 0.569598
1.73473 1.99683 6.83618 0.555446 -0.613597 0.56123
2.67956 2.45225 6.38281 0.550993 -0.586263 0.593888
3.63511 2.88736 5.92767 0.533853 -0.529957 0.658897
4.56896 3.27566 5.50077 0.512752 -0.538148 0.668941
5.50637 3.58926 5.13005 0.400761 -0.568391 0.718556
6.65103 3.87878 4.76872 0.35012 -0.5082 0.78686
7.76356 4.04568 4.55781 0.163053 -0.483849 0.859828
8.76223 4.13757 4.43839 0.123445 -0.443159 0.887903
9.81343 4.17431 4.3927 -0.0320479 -0.450094 0.892406
10.8331 4.15458 4.42034 -0.026398 -0.44449 0.895395
11.8403 4.09962 4.47618 -0.136632 -0.464323 0.875064
12.8671 3.95659 4.66492 -0.279878 -0.460081 0.842611
13.9615 3.7543 4.92117 -0.284243 -0.512806 0.810084
14.9513 3.50864 5.22732 -0.419833 -0.538698 0.730441
15.9451 3.15819 5.63383 -0.504651 -0.561257 0.655986
16.8969 2.76171 6.06305 -0.523998 -0.580043 0.62368
17.7732 2.37498 6.45956 -0.541636 -0.602537 0.586156
18.306 2.11322 6.71182 -0.571397 -0.603775 0.555843
18.0153 1.63989 5.92211 -0.54483 -0.610208 0.575158
17.1156 2.0538 5.52983 -0.51986 -0.618631 0.589102
16.2176 2.40514 5.17794 -0.452368 -0.654719 0.605563
15.2972 2.71714 4.8486 -0.39473 -0.566951 0.723018
14.303 2.97238 4.56066 -0.321619 -0.480326 0.815995
13.1958 3.18196 4.32361 -0.246822 -0.51751 0.819306
12.1303 3.33483 4.13738 -0.155779 -0.425385 0.891505
11.1338 3.41294 4.04819 -0.0755848 -0.491419 0.867637
10.1203 3.45184 4.00479 -0.0273664 -0.513081 0.857904
9.09067 3.43607 4.02452 0.091958 -0.528673 0.84383
7.97464 3.36701 4.10511 0.118263 -0.56103 0.819304
6.90336 3.23752 4.25546 0.219814 -0.558372 0.799939
5.94277 3.0482 4.46721 0.334153 -0.573765 0.747754
4.96004 2.75607 4.79337 0.496437 -0.554038 0.668275
4.00016 2.37546 5.19551 0.517225 -0.582155 0.627355
3.07809 2.00018 5.57269 0.508695 -0.621067 0.596242
2.22429 1.61477 5.94099 0.547123 -0.616165 0.566567
3.50214 1.5763 4.76544 0.479277 -0.647122 0.592896
4.40049 1.91861 4.44049 0.464788 -0.650354 0.600843
5.32812 2.25153 4.10428 0.418705 -0.61862 0.664828
6.32281 2.47176 3.88169 0.256752 -0.586761 0.767978
7.34325 2.63464 3.71102 0.214322 -0.567582 0.794932
8.35689 2.73417 3.60398 0.0707321 -0.57392 0.815851
9.40015 2.77229 3.56886 0.010899 -0.555646 0.831348
10.4109 2.75806 3.58741 -0.0749204 -0.560691 0.824629
11.4102 2.70049 3.6552 -0.112568 -0.575462 0.810045
12.523 2.60033 3.75953 -0.175882 -0.597781 0.782128
13.5137 2.44634 3.92871 -0.247128 -0.613338 0.750163
14.5629 2.23526 4.14172 -0.308007 -0.60731 0.73233
15.5657 2.00008 4.37772 -0.347381 -0.623783 0.700158
16.5889 1.65987 4.69954 -0.45899 -0.622385 0.634007
16.7707 1.5912 4.76381 -0.47161 -0.620906 0.626146
14.5177 1.61764 3.59689 -0.272494 -0.634411 0.723374
13.4761 1.82666 3.39654 -0.251362 -0.630775 0.734125
12.3564 1.98289 3.24172 -0.138953 -0.645706 0.750837
11.2407 2.06941 3.1635 -0.0878818 -0.60993 0.787568
10.2122 2.10817 3.1188 -0.0227926 -0.585467 0.810376
9.10935 2.10667 3.1157 0.014765 -0.577849 0.81601
8.07904 2.06053 3.15422 0.0959867 -0.570486 0.815679
7.06851 1.94128 3.27242 0.192276 -0.619667 0.760949
6.0105 1.77196 3.42385 0.247468 -0.623694 0.741461
5.16837 1.58901 3.59432 0.34309 -0.652461 0.675709
1.33381 10.6856 13.4928 0.770838 -0.31609 0.553078
1.96285 11.1383 12.8124 0.813377 -0.30161 0.497443
2.53841 11.6231 12.1091 0.838504 -0.265032 0.476097
3.10968 12.1381 11.3347 0.861129 -0.218226 0.459167
3.65652 12.7146 10.4501 0.911773 -0.0975316 0.398946
4.03381 13.1966 9.64985 0.927692 -0.0477323 0.370282
4.46123 13.7152 8.69341 0.914358 0.0307753 0.403736
4.85412 14.1148 7.79834 0.86399 0.128469 0.486843
5.36584 14.4874 6.96405 0.768527 0.110878 0.630136
6.05525 14.8651 6.14709 0.715803 0.163731 0.678836
6.78521 15.0705 5.40271 0.651533 0.20049 0.731648
7.79546 15.3486 4.81274 0.358994 0.18617 0.914584
8.93483 15.3902 4.495 0.157758 0.174084 0.972012
10.0803 15.4386 4.45604 -0.0407482 0.25027 0.967318
11.1206 15.4408 4.52374 -0.117141 0.190261 0.97472
12.1239 15.4134 4.70231 -0.244191 0.323396 0.914213
13.017 15.241 5.30333 -0.539565 0.240756 0.806787
13.814 14.9171 5.96803 -0.592813 0.219845 0.774752
14.5454 14.6593 6.76412 -0.803521 0.158147 0.573885
15.0499 14.3128 7.64406 -0.839839 0.155557 0.52007
15.4549 13.871 8.50324 -0.891893 0.0837825 0.444418
15.8297 13.4124 9.33044 -0.907512 0.0158237 0.419728
16.2381 12.9233 10.2259 -0.922378 -0.0116296 0.386113
16.696 12.3852 11.0955 -0.885879 -0.162508 0.434521
17.2193 11.8855 11.8361 -0.84293 -0.232573 0.485159
17.8723 11.35 12.6423 -0.82531 -0.261627 0.500414
18.4722 10.8767 13.3188 -0.776868 -0.297344 0.555034
18.6691 10.7403 13.5218 -0.776302 -0.312406 0.547501
18.659 11.6432 14.0189 -0.779286 -0.31935 0.539193
18.0434 12.0924 13.3457 -0.821792 -0.280908 0.49573
17.4955 12.6138 12.6891 -0.846498 -0.251701 0.469136
16.9587 13.1827 11.9301 -0.882053 -0.175622 0.437195
16.55 13.6937 11.1753 -0.941829 -0.081323 0.326106
16.2356 14.2819 10.2993 -0.951984 -0.0499711 0.302041
15.8678 14.9326 9.29573 -0.935662 0.094484 0.340014
15.6123 15.4996 8.38048 -0.91522 0.118382 0.385173
15.2817 15.9648 7.5132 -0.86091 0.151503 0.485676
14.8322 16.3261 6.67086 -0.803982 0.202845 0.558987
14.2719 16.5775 5.87275 -0.750764 0.161694 0.640475
13.5781 16.8902 5.22064 -0.576921 0.173734 0.798109
12.6928 17.1123 4.61573 -0.449469 0.173971 0.876192
11.697 17.2841 4.20264 -0.215935 0.169587 0.961568
10.5363 17.4024 3.99184 -0.106569 0.210016 0.971873
9.5069 17.3972 3.97509 0.0102086 0.210973 0.977439
8.5169 17.3874 4.13082 0.234424 0.138209 0.96226
7.59588 17.0958 4.50387 0.386163 0.18898 0.902865
6.64834 16.8897 5.00917 0.500283 0.139404 0.854566
5.89672 16.6252 5.65007 0.720959 0.292392 0.628271
5.31248 16.3134 6.57136 0.802352 0.285068 0.524373
4.84401 15.8864 7.42166 0.846216 0.125852 0.517765
4.46737 15.3389 8.38208 0.927764 0.0421716 0.370777
4.20309 14.8784 9.23545 0.958691 0.00256277 0.284437
3.93839 14.3469 10.0916 0.947518 -0.042128 0.316916
3.61909 13.7901 10.8805 0.932528 -0.106221 0.345122
3.19414 13.2445 11.6563 0.88509 -0.19999 0.420262
2.68978 12.7339 12.4132 0.867603 -0.231872 0.439887
2.15957 12.2162 13.1214 0.813498 -0.28662 0.506033
1.44783 11.6556 13.8892 0.781103 -0.322335 0.534769
1.3447 11.5824 13.9936 0.776895 -0.326719 0.538228
1.42571 12.4872 14.4488 0.778907 -0.357337 0.515377
2.0861 12.9967 13.7724 0.796668 -0.359961 0.48554
2.59647 13.5357 13.0682 0.879443 -0.263297 0.396555
3.11667 14.1571 12.3196 0.88376 -0.251886 0.394362
3.51791 14.7537 11.6016 0.952156 -0.177643 0.248679
3.78023 15.3696 10.8102 0.973258 -0.044715 0.225319
3.98381 15.9951 10.0168 0.973214 -0.0130111 0.229532
4.16649 16.6446 9.17382 0.968964 0.101619 0.225347
4.32285 17.253 8.29231 0.943423 0.0896702 0.319236
4.56782 17.8099 7.49256 0.917815 0.0807849 0.388703
4.94223 18.2827 6.59102 0.884221 0.0766476 0.460738
5.3813 18.7482 5.79577 0.770242 0.123434 0.625693
6.01724 19.1618 5.07724 0.638492 0.0709892 0.766347
6.79047 19.3908 4.45485 0.577747 0.01641 0.816051
7.68713 19.8906 4.04907 0.298431 0.0670075 0.952076
8.61604 20.3549 3.75735 0.240103 0.0811138 0.967353
9.66652 20.1459 3.6193 0.0675559 0.0554446 0.996174
10.6661 19.9485 3.66432 -0.128501 0.0697269 0.989255
11.713 20.0111 3.83629 -0.234426 0.102899 0.966673
12.8221 19.927 4.23073 -0.36293 0.0732106 0.928936
13.5717 19.3381 4.76092 -0.604426 0.134334 0.785254
14.339 19.0592 5.45502 -0.650295 0.118668 0.750356
14.9179 18.5356 6.11802 -0.789087 0.127527 0.600898
15.3732 18.0575 6.97254 -0.8662 0.120969 0.484834
15.6748 17.6244 7.83981 -0.941272 0.104759 0.320988
15.8789 17.0316 8.71206 -0.978308 0.0879809 0.187542
16.0099 16.3954 9.5304 -0.980031 0.0502709 0.192387
16.1803 15.818 10.3872 -0.973514 -0.0386352 0.225341
16.426 15.1984 11.1897 -0.964803 -0.0748638 0.252093
16.7597 14.5578 12.0638 -0.930252 -0.173116 0.323516
17.1832 13.9462 12.7612 -0.884993 -0.235481 0.401666
17.6678 13.3788 13.4458 -0.876008 -0.251901 0.411286
18.2237 12.8627 14.115 -0.807466 -0.351366 0.473857
18.4887 12.638 14.3987 -0.806402 -0.349173 0.477278
18.33 13.5633 14.8355 -0.810161 -0.370444 0.454324
17.6948 14.1803 14.1032 -0.869505 -0.315874 0.379716
17.1982 14.8116 13.4218 -0.885745 -0.294371 0.358889
16.7672 15.5073 12.7298 -0.958797 -0.170039 0.227584
16.4646 16.2354 11.9266 -0.966828 -0.159505 0.199506
16.2586 16.9191 11.174 -0.988243 -0.069896 0.135983
16.1565 17.6432 10.4159 -0.992944 -0.014935 0.117639
16.0754 18.4253 9.58768 -0.993095 0.0325999 0.112689
16.0222 19.2459 8.77524 -0.989826 0.0288399 0.139329
15.8889 20.0312 7.94648 -0.983085 -0.0250294 0.18143
15.6446 20.6935 7.20991 -0.925801 0.00211435 0.378005
15.31 21.3718 6.50024 -0.855489 -0.00822804 0.517755
14.8485 21.9783 5.80599 -0.790647 -0.0121391 0.612151
14.2057 22.5909 5.11934 -0.652545 -0.0129723 0.757639
13.4091 22.8901 4.5628 -0.538 -0.101419 0.836822
12.6287 23.3152 4.13196 -0.514444 -0.0700376 0.854659
11.8286 23.8427 3.76631 -0.439975 -0.066317 0.895558
10.8535 23.9694 3.6138 -0.0275724 -0.0449478 0.998609
9.83546 23.9631 3.65213 0.0520002 -0.0452682 0.997621
8.75469 23.5912 3.70887 0.141044 -0.0792738 0.986824
7.78661 23.511 3.93738 0.354975 -0.0568468 0.933146
6.78607 23.0866 4.37917 0.501685 -0.0526362 0.863448
6.0267 22.6967 4.92522 0.657746 -0.00427351 0.753228
5.45994 22.0208 5.46451 0.766609 -0.0513367 0.640059
4.85038 21.3524 6.27946 0.904024 0.00102852 0.427481
4.51355 20.7644 7.10336 0.931929 0.0443731 0.359917
4.29726 20.0473 7.82532 0.945612 0.0752653 0.31647
4.10623 19.3567 8.57517 0.968527 0.0457401 0.244668
4.00615 18.6055 9.33605 0.991221 0.0407966 0.125763
3.94228 17.8776 10.0788 0.998299 0.0114929 0.0571661
3.89651 17.1323 10.7521 0.997409 -0.0329749 0.0639435
3.77818 16.4486 11.5322 0.988425 -0.13422 0.070719
3.57148 15.7364 12.2867 0.960164 -0.213243 0.180591
3.16871 15.0675 13.0005 0.876641 -0.357067 0.322495
2.63622 14.4636 13.6821 0.853762 -0.371347 0.364954
2.05172 13.7985 14.4165 0.844831 -0.357329 0.398217
1.61498 13.4236 14.8609 0.781754 -0.39344 0.483804
1.88998 14.3552 15.2551 0.796461 -0.429504 0.425648
2.48771 14.9461 14.634 0.846124 -0.415426 0.333909
3.01852 15.62 14.0181 0.884554 -0.371205 0.282436
3.44752 16.3291 13.3495 0.93631 -0.250823 0.245789
3.75446 17.12 12.7255 0.983372 -0.151954 0.0994463
3.90032 17.9414 12.0596 0.996071 -0.0824794 0.0322324
3.97019 18.8765 11.4049 0.998459 -0.0521096 -0.0190843
3.9656 19.6559 10.6982 0.998272 -0.0285652 -0.0513594
3.96709 20.6537 10.1775 0.985918 -0.101028 -0.133265
4.02191 21.6045 9.69787 0.99001 -0.102895 -0.096399
4.12076 22.4977 9.15561 0.992301 -0.122154 -0.0204189
4.26226 23.3563 8.65611 0.986475 -0.157158 0.046566
4.50531 24.3639 8.10818 0.968451 -0.20092 0.147425
4.77252 25.3698 7.65556 0.976888 -0.201745 0.070634
5.10368 26.2869 7.17488 0.915122 -0.246706 0.318887
5.52745 27.0838 6.71738 0.869028 -0.331235 0.367524
5.95936 27.9653 6.44425 0.784653 -0.338128 0.519605
6.59239 28.5761 5.8676 0.75411 -0.380591 0.535227
7.05089 29.4422 5.99394 0.682847 -0.453036 0.57313
7.91076 29.9965 5.67682 0.423836 -0.570884 0.703175
8.8349 30.2748 5.40301 0.273235 -0.638553 0.719439
9.86109 30.2977 5.19933 0.10042 -0.608869 0.786889
10.8555 29.9972 5.09168 -0.151173 -0.515661 0.84335
11.8389 29.7186 5.2258 -0.344908 -0.50722 0.789789
12.8146 29.24 5.51456 -0.504635 -0.391191 0.769619
13.5332 28.5082 5.83027 -0.699746 -0.343434 0.626425
14.131 27.8395 6.34997 -0.871524 -0.322654 0.369242
14.5931 26.9989 6.71843 -0.915452 -0.225148 0.333551
14.9451 26.0831 7.15083 -0.925354 -0.320088 0.203136
15.2714 25.2104 7.69112 -0.956939 -0.247767 0.151257
15.5321 24.2835 8.22235 -0.979428 -0.199188 0.0323374
15.7021 23.233 8.78816 -0.989904 -0.14159 0.00657675
15.8436 22.3315 9.30429 -0.988422 -0.14983 0.0239575
15.9838 21.458 9.84911 -0.99257 -0.1205 -0.016872
16.063 20.5043 10.3901 -0.995865 -0.0907766 -0.00367326
16.0845 19.5768 10.911 -0.995539 -0.0582675 -0.074211
16.1276 18.6946 11.4843 -0.996076 -0.0825259 -0.0319602
16.192 17.8521 12.1751 -0.995814 -0.087396 -0.0267833
16.4335 17.009 12.8808 -0.949916 -0.287084 0.123463
16.811 16.2073 13.5928 -0.932241 -0.306212 0.192773
17.2349 15.5229 14.2128 -0.898898 -0.346509 0.268167
17.7292 14.883 14.8588 -0.842154 -0.421897 0.335826
18.1629 14.4367 15.3106 -0.814919 -0.423735 0.395418
17.7733 15.4055 15.7017 -0.80292 -0.491163 0.337754
17.1853 16.0935 15.0655 -0.854987 -0.461415 0.236839
16.7086 16.8039 14.4735 -0.885438 -0.439904 0.149948
16.2561 17.6063 13.8313 -0.914914 -0.403349 0.0155243
16.0137 18.5007 13.2347 -0.943231 -0.25844 -0.208624
15.8851 19.4887 12.8011 -0.970658 -0.182672 -0.156378
15.7534 20.4133 12.3743 -0.93623 -0.27298 -0.221258
15.537 21.4313 12.0703 -0.919109 -0.268142 -0.288684
15.3503 22.4426 11.8315 -0.913949 -0.226121 -0.336997
15.1594 23.5658 11.5178 -0.896497 -0.257477 -0.360555
14.8291 24.6119 11.4606 -0.862488 -0.301659 -0.406345
14.4783 25.7345 11.2226 -0.812094 -0.403176 -0.421844
13.9402 26.5318 11.386 -0.708663 -0.412979 -0.572053
13.463 27.4345 11.1473 -0.656421 -0.490009 -0.573588
12.8567 28.227 11.0646 -0.439964 -0.597771 -0.67015
11.8437 28.6094 11.3156 -0.346899 -0.560634 -0.751898
10.9688 29.084 11.2116 -0.12546 -0.668806 -0.732775
10.1166 28.6723 11.632 0.0555323 -0.619487 -0.783041
9.05605 28.6567 11.4866 0.195295 -0.587845 -0.785047
8.00644 28.4125 11.2861 0.359193 -0.601501 -0.713567
7.17599 27.799 11.2488 0.549121 -0.543706 -0.634704
6.57185 26.9019 11.4375 0.606423 -0.494104 -0.622987
5.88782 26.1707 11.2552 0.716699 -0.41695 -0.559013
5.41614 25.2124 11.3741 0.753898 -0.437013 -0.490568
4.95282 24.1859 11.4093 0.893293 -0.25075 -0.373031
4.67312 23.0138 11.5621 0.923587 -0.221631 -0.312838
4.49882 22.0334 11.8061 0.923864 -0.226034 -0.308845
4.37181 21.014 12.1244 0.942719 -0.206068 -0.262329
4.26242 20.0522 12.4391 0.942495 -0.219781 -0.251792
4.13304 19.0281 12.9345 0.943692 -0.260647 -0.203737
3.91104 17.9677 13.5179 0.937313 -0.348087 -0.0167305
3.51522 17.1537 14.1318 0.928913 -0.321139 0.184366
3.09896 16.3748 14.6994 0.907093 -0.347991 0.236822
2.56667 15.6534 15.3242 0.831147 -0.436963 0.343887
2.23599 15.3145 15.6378 0.78502 -0.470028 0.403505
2.65619 16.2413 16.0786 0.794192 -0.541267 0.276205
3.21575 16.9438 15.5383 0.863823 -0.485526 0.134444
3.74776 17.7716 14.9653 0.876674 -0.476461 0.0665443
4.2224 18.6694 14.4357 0.893865 -0.446632 -0.0390594
4.53788 19.5522 14.0524 0.928374 -0.340458 -0.149031
4.81481 20.5542 13.7778 0.908904 -0.275185 -0.313315
5.09048 21.5403 13.5427 0.786361 -0.345412 -0.512178
5.53983 22.4656 13.4987 0.77363 -0.425856 -0.469195
5.97532 23.5077 13.3481 0.740576 -0.39961 -0.54024
6.7357 24.3012 13.5024 0.530626 -0.529767 -0.661652
7.55363 25.0266 13.5619 0.406612 -0.505352 -0.761108
8.48162 25.4353 13.6719 0.178564 -0.604304 -0.776487
9.44116 25.792 13.5576 0.0927247 -0.528791 -0.843672
10.5014 25.8148 13.6142 -0.00741058 -0.525013 -0.851062
11.5222 25.4524 13.6665 -0.253396 -0.536554 -0.804923
12.5192 25.0608 13.5273 -0.355802 -0.498995 -0.790196
13.2716 24.2847 13.5148 -0.545963 -0.488832 -0.680417
13.9194 23.5092 13.4631 -0.629104 -0.431556 -0.646519
14.4339 22.4597 13.5744 -0.746667 -0.386902 -0.541106
14.861 21.4995 13.7044 -0.798524 -0.410729 -0.44007
15.2756 20.4169 13.8995 -0.861254 -0.388783 -0.327246
15.5225 19.4309 14.2524 -0.911233 -0.320137 -0.259167
15.8861 18.4626 14.6483 -0.909617 -0.415025 -0.0187367
16.3408 17.6904 15.0906 -0.8714 -0.471693 0.134791
16.8408 16.9778 15.6272 -0.849255 -0.493074 0.188794
17.3785 16.339 16.1532 -0.814415 -0.514547 0.268271
16.8244 17.3097 16.5621 -0.784164 -0.600752 0.155512
16.228 18.0161 16.0672 -0.822889 -0.568112 0.0101104
15.6512 18.8164 15.6564 -0.783403 -0.616441 -0.0792477
15.0125 19.7853 15.2363 -0.797548 -0.508272 -0.324926
14.5186 20.7161 15.0893 -0.785455 -0.480421 -0.390199
14.0056 21.6582 14.9111 -0.680522 -0.530894 -0.505017
13.2355 22.512 14.848 -0.505217 -0.55393 -0.661754
12.3377 23.2902 14.8102 -0.393251 -0.526726 -0.7536
11.3715 23.7417 14.8459 -0.157944 -0.544686 -0.823633
10.3844 23.9726 14.826 -0.080452 -0.562247 -0.823047
9.21188 23.8799 14.913 0.0370923 -0.599593 -0.799445
8.18367 23.5429 14.9334 0.315733 -0.546025 -0.775996
7.25707 22.9854 14.8707 0.406689 -0.645298 -0.64668
6.42194 22.3753 14.8299 0.562036 -0.573067 -0.596414
5.90874 21.5188 14.8395 0.756349 -0.410231 -0.509555
5.45532 20.6332 14.9548 0.742911 -0.502195 -0.442587
4.93827 19.7679 15.2135 0.804985 -0.535741 -0.254913
4.43087 18.9312 15.5235 0.805196 -0.583976 -0.10311
3.90984 18.1289 15.8957 0.840798 -0.541327 0.00491856
3.349 17.3512 16.4086 0.809649 -0.56921 0.143068
3.17041 17.1499 16.5486 0.796505 -0.572732 0.193798
3.9302 18.1787 16.9694 0.740767 -0.669236 0.0581964
4.56895 18.9083 16.613 0.748766 -0.650958 -0.124912
5.2745 19.8008 16.2515 0.725768 -0.665636 -0.173754
5.95076 20.543 16.0139 0.653314 -0.707184 -0.270319
6.6595 21.4545 15.8837 0.599971 -0.545092 -0.585584
7.45578 22.105 15.8802 0.382347 -0.673399 -0.632728
8.50922 22.5727 15.9279 0.203808 -0.717125 -0.666479
9.52841 22.6876 15.8694 -0.0634673 -0.755054 -0.652583
10.6471 22.6092 15.8066 -0.0749295 -0.696833 -0.713309
11.6526 22.3958 15.8359 -0.164186 -0.646293 -0.745217
12.6522 21.9046 15.8575 -0.435941 -0.646816 -0.625767
13.5712 21.2197 15.9502 -0.471016 -0.721313 -0.507791
14.2156 20.3938 16.1948 -0.740644 -0.537117 -0.403673
14.8044 19.5915 16.3896 -0.717634 -0.681834 -0.141786
15.5072 18.8776 16.679 -0.707237 -0.70688 -0.0116807
16.1047 18.2574 17.0396 -0.730083 -0.681623 0.0486789
15.103 19.2005 17.4926 -0.612884 -0.79004 -0.0145068
14.2621 19.9154 17.218 -0.623181 -0.743598 -0.242298
13.4359 20.6326 16.9721 -0.501368 -0.77471 -0.385297
12.6082 21.2055 16.8536 -0.394805 -0.783408 -0.480002
11.6886 21.5878 16.8022 -0.187279 -0.826026 -0.531608
10.5127 21.8337 16.7428 -0.155259 -0.80803 -0.568315
9.48105 21.9489 16.8067 -0.069453 -0.806641 -0.586947
8.40697 21.7465 16.8212 0.318877 -0.753514 -0.574921
7.38542 21.2445 16.8455 0.387114 -0.769388 -0.508119
6.56569 20.6784 16.9583 0.548534 -0.779002 -0.303755
5.7543 20.014 17.1567 0.648063 -0.73943 -0.182367
5.00706 19.2761 17.4049 0.692298 -0.717373 -0.0780924
4.91878 19.1918 17.4432 0.691695 -0.720884 -0.0434042
6.5781 20.3486 17.9337 0.507127 -0.82287 -0.256335
7.62941 20.9062 17.7606 0.249377 -0.913673 -0.320956
8.61088 21.1962 17.689 0.289051 -0.856228 -0.428162
9.629 21.3526 17.6567 0.0115207 -0.886438 -0.462704
10.7421 21.2467 17.6377 -0.132408 -0.872403 -0.470512
11.7979 21.0507 17.7128 -0.157584 -0.900842 -0.404539
12.745 20.6212 17.8251 -0.447874 -0.82463 -0.345535
13.2937 20.3078 17.914 -0.399431 -0.879115 -0.260023
13.3354 20.288 17.9188 -0.436522 -0.868203 -0.235951
