0.846298 12.9777 13.2006 0.849091 -0.288061 0.442629
0.874065 12.1253 12.6284 0.834282 -0.273889 0.478496
0.869932 11.2527 12.1188 0.836254 -0.281096 0.470812
0.885027 10.3693 11.6174 0.822434 -0.253957 0.509026
0.924292 9.47699 11.1322 0.811879 -0.242779 0.530397
0.961619 8.58871 10.6308 0.78503 -0.284726 0.550128
1.00309 7.58426 10.0275 0.751665 -0.338144 0.56625
1.04242 6.71804 9.42962 0.724229 -0.402207 0.560108
1.06015 5.82254 8.77193 0.711023 -0.400163 0.578177
1.10875 4.94753 8.1121 0.682425 -0.409904 0.604901
1.15133 4.05563 7.33891 0.642492 -0.499703 0.580948
1.17883 3.26277 6.58004 0.61408 -0.539219 0.576248
1.2162 2.56554 5.85335 0.589597 -0.582374 0.559657
1.22012 1.85714 5.10016 0.558764 -0.617346 0.553775
1.30804 1.24014 4.31461 0.552333 -0.622477 0.554471
2.12207 1.16223 3.45429 0.518684 -0.614176 0.594588
2.90004 1.14529 2.79674 0.475452 -0.627273 0.616826
3.80381 1.15384 2.1338 0.451728 -0.623892 0.637731
4.72965 1.12441 1.60606 0.307748 -0.646637 0.697303
5.6737 1.12251 1.24321 0.230756 -0.652174 0.721946
6.70436 1.17678 1.00993 0.172491 -0.645408 0.744107
7.74175 1.31447 0.934758 0.0941906 -0.662888 0.742347
8.79329 1.42449 0.953466 0.0210996 -0.651027 0.758761
9.83322 1.45579 0.969095 -0.00203732 -0.658417 0.752651
10.9277 1.35763 0.936204 -0.0673481 -0.645396 0.760752
11.9215 1.24229 0.9503 -0.0896366 -0.644825 0.759056
12.9997 1.16044 1.05633 -0.17394 -0.630825 0.756033
14.014 1.14497 1.32268 -0.231565 -0.641644 0.731211
15.0641 1.15885 1.7156 -0.281455 -0.632405 0.721608
16.0658 1.16807 2.19078 -0.388895 -0.618531 0.682774
16.9652 1.2161 2.77517 -0.433082 -0.595056 0.677015
17.8276 1.21785 3.36797 -0.484732 -0.599837 0.636577
18.5959 1.2005 4.02569 -0.539102 -0.605968 0.584942
18.7562 1.88393 4.8711 -0.546785 -0.594522 0.589542
18.825 2.68934 5.71025 -0.611171 -0.542582 0.576051
18.8313 3.47297 6.48238 -0.628876 -0.54993 0.549628
18.8473 4.19926 7.20791 -0.662265 -0.521847 0.537663
18.8823 4.92431 7.93205 -0.681292 -0.49334 0.540793
18.9178 5.72157 8.6563 -0.690301 -0.455413 0.562213
18.974 6.51602 9.32784 -0.726838 -0.377018 0.574077
19.0407 7.48382 9.98862 -0.7426 -0.337209 0.578649
19.0644 8.44403 10.5756 -0.767153 -0.324006 0.553621
19.0619 9.33524 11.0686 -0.789399 -0.281402 0.545557
19.0978 10.22 11.5577 -0.79244 -0.27809 0.542826
19.1325 11.1745 12.1131 -0.818381 -0.272479 0.505902
19.1428 12.1731 12.6766 -0.848959 -0.236539 0.472566
19.1821 13.161 13.3216 -0.865443 -0.26668 0.424136
19.1817 14.0091 13.8905 -0.858589 -0.306794 0.410734
19.1717 14.8079 14.5508 -0.847577 -0.375645 0.374814
19.1461 15.4903 15.3 -0.822133 -0.44699 0.352045
19.0988 16.1167 16.098 -0.790041 -0.528141 0.311291
18.857 16.8889 16.9502 -0.785706 -0.568864 0.241885
18.3449 17.7042 17.3677 -0.820298 -0.556311 0.132472
17.7938 18.4734 17.6904 -0.726043 -0.686291 0.0431964
17.0936 19.1738 17.9838 -0.693874 -0.718587 -0.0213716
16.3198 19.8009 18.3098 -0.618356 -0.777127 -0.116892
15.5191 20.4033 18.3306 -0.58489 -0.796065 -0.155516
14.6608 21.0968 18.1405 -0.542483 -0.777033 -0.31924
13.8716 21.7137 17.9189 -0.480362 -0.795057 -0.370321
12.9594 22.2265 17.7774 -0.318566 -0.82285 -0.470165
11.797 22.6173 17.6659 -0.182467 -0.813617 -0.551903
10.5469 22.8944 17.6184 -0.0941727 -0.785409 -0.61053
9.51878 23.005 17.5789 -0.0224118 -0.780749 -0.624442
8.41352 22.9084 17.6747 0.076502 -0.813245 -0.576871
7.39949 22.5311 17.7274 0.440185 -0.726036 -0.527022
6.45063 21.9043 17.8159 0.446626 -0.782995 -0.431531
5.61497 21.3383 18.0233 0.441743 -0.805098 -0.395829
4.83469 20.6968 18.2575 0.628138 -0.735363 -0.254329
4.09344 20.01 18.3788 0.656891 -0.738753 -0.150793
3.31565 19.3463 18.0932 0.668465 -0.73577 -0.108618
2.53679 18.6173 17.7357 0.705552 -0.707231 0.0449403
1.86377 17.8211 17.4094 0.745685 -0.636037 0.198521
1.24793 16.9901 17.0431 0.741665 -0.632295 0.223837
0.896905 16.2585 16.3205 0.795608 -0.527061 0.298689
0.859077 15.5499 15.518 0.829572 -0.417848 0.370423
0.85311 14.863 14.7462 0.85037 -0.390091 0.353079
0.872439 14.0517 13.9479 0.841714 -0.341863 0.417903
0.850374 13.1758 13.3272 0.852242 -0.294056 0.432682
0.84995 13.1281 13.2956 0.852243 -0.294056 0.432682
0.327171 12.6219 13.8637 0.795757 -0.361236 0.485724
0.34707 11.623 13.2004 0.789788 -0.301671 0.534069
0.346546 10.7509 12.6893 0.806276 -0.298626 0.510628
0.353892 9.78999 12.1405 0.781928 -0.305723 0.543252
0.36326 8.82654 11.6005 0.772747 -0.308109 0.554911
0.365608 7.9085 11.0691 0.739208 -0.355259 0.572148
0.383083 7.00752 10.47 0.701233 -0.397301 0.591967
0.401191 6.1972 9.87337 0.705958 -0.42418 0.567182
0.405667 5.3128 9.21569 0.707373 -0.409646 0.576032
0.43516 4.46641 8.49793 0.638097 -0.515972 0.571037
0.441061 3.68621 7.7495 0.598393 -0.554569 0.578211
0.446109 2.86694 6.94887 0.582731 -0.573334 0.575905
0.461634 2.1169 6.15015 0.564619 -0.611163 0.554694
0.469791 1.38764 5.32884 0.544294 -0.628186 0.555991
0.471057 0.689835 4.53494 0.554155 -0.62309 0.55197
0.977733 0.450496 3.76553 0.550408 -0.617573 0.561832
1.77622 0.446282 2.99646 0.53499 -0.616289 0.577905
2.66929 0.438298 2.24392 0.476918 -0.63643 0.606223
3.48731 0.434201 1.63637 0.434968 -0.631117 0.642238
4.4983 0.41888 1.06643 0.313103 -0.63533 0.70592
5.55658 0.424152 0.655031 0.232434 -0.638677 0.733195
6.52991 0.458872 0.428354 0.175616 -0.634958 0.752307
7.54774 0.603046 0.357035 0.106312 -0.658633 0.744849
8.68776 0.71619 0.35459 0.0317828 -0.64345 0.76482
9.68643 0.771217 0.376207 0.0119418 -0.658128 0.752812
10.7995 0.679916 0.353127 -0.0691498 -0.646452 0.759814
11.9127 0.542684 0.357219 -0.0931669 -0.637583 0.764728
12.9331 0.452343 0.450124 -0.186243 -0.621022 0.761344
13.9331 0.438323 0.695618 -0.21512 -0.637402 0.739891
14.9203 0.445677 1.02485 -0.292802 -0.62613 0.722412
15.8296 0.449536 1.44529 -0.35456 -0.598907 0.718035
16.7489 0.441599 1.94733 -0.433615 -0.602461 0.670089
17.6449 0.485014 2.58835 -0.471665 -0.582694 0.661816
18.5585 0.442113 3.2327 -0.499515 -0.602179 0.622704
19.3479 0.464316 3.94684 -0.532396 -0.610983 0.58588
19.5052 1.12814 4.78948 -0.53758 -0.612498 0.579529
19.5426 1.82889 5.56666 -0.567648 -0.608361 0.554683
19.5517 2.56663 6.36479 -0.594136 -0.584523 0.552571
19.5523 3.38485 7.19856 -0.603011 -0.56658 0.561574
19.562 4.16125 8.01283 -0.638777 -0.563315 0.524061
19.5896 4.87293 8.76517 -0.678929 -0.514024 0.524247
19.6062 5.72328 9.52132 -0.702413 -0.443575 0.556634
19.6235 6.5921 10.2015 -0.727253 -0.398732 0.558673
19.6524 7.42037 10.7699 -0.758366 -0.336322 0.558362
19.6498 8.3896 11.3522 -0.759087 -0.323457 0.564944
19.6529 9.292 11.8665 -0.776718 -0.294608 0.5567
19.6718 10.222 12.3999 -0.788439 -0.30454 0.534354
19.6746 11.1299 12.936 -0.791227 -0.300998 0.532316
19.6652 12.0674 13.4866 -0.80258 -0.30384 0.513168
19.6859 12.9009 14.0793 -0.824117 -0.322171 0.46585
19.6718 13.7837 14.6527 -0.828927 -0.329 0.452371
19.6758 14.56 15.3557 -0.816665 -0.426971 0.388271
19.668 15.257 16.1485 -0.805665 -0.465425 0.366447
19.6326 15.8467 16.9753 -0.779262 -0.562093 0.277134
19.318 16.5681 17.7053 -0.77704 -0.600255 0.18948
18.7805 17.3319 18.1143 -0.747979 -0.646422 0.150554
18.1695 18.1191 18.4892 -0.728417 -0.681397 0.063607
17.3925 18.8617 18.8039 -0.661749 -0.746356 -0.071002
16.5775 19.5058 19.1519 -0.600745 -0.793485 -0.0974024
15.6731 20.1434 19.3242 -0.588688 -0.803394 -0.0894698
14.8274 20.7341 19.0971 -0.523275 -0.841367 -0.134555
13.9066 21.3257 18.8349 -0.491693 -0.83082 -0.259269
13.0343 21.7805 18.6331 -0.337457 -0.872067 -0.354407
12.0597 22.1284 18.4965 -0.301378 -0.90073 -0.31282
11.0099 22.3468 18.4067 -0.112187 -0.915882 -0.384095
9.83992 22.5016 18.3463 -0.0958377 -0.913886 -0.394497
8.68069 22.4485 18.4268 0.123208 -0.87411 -0.466302
7.63759 22.1525 18.4959 0.226792 -0.897817 -0.362219
6.58913 21.6107 18.6979 0.439062 -0.856373 -0.270864
5.65275 21.0309 18.9768 0.47418 -0.853358 -0.214457
4.83834 20.4671 19.2398 0.570491 -0.806684 -0.151309
4.04208 19.8474 19.3191 0.622279 -0.776715 -0.097173
3.22135 19.2097 19.0233 0.633953 -0.77236 -0.0386882
2.46518 18.557 18.6744 0.683117 -0.729929 -0.00888235
1.70325 17.8223 18.333 0.693444 -0.718172 0.0579951
1.03296 17.0082 17.9612 0.76214 -0.623348 0.174872
0.500618 16.2201 17.5293 0.770441 -0.608682 0.189545
0.336979 15.6152 16.6731 0.774539 -0.553679 0.305825
0.328962 14.8815 15.8537 0.792488 -0.450036 0.411618
0.341284 14.2033 15.1127 0.773189 -0.452981 0.443543
0.348811 13.4239 14.4331 0.801501 -0.369668 0.470021
0.33019 12.8008 13.9876 0.805758 -0.346278 0.480463
1.12263 13.7752 13.1934 0.865683 -0.282922 0.412975
1.60892 14.3486 12.4892 0.893026 -0.254802 0.370918
2.03387 14.9931 11.775 0.940859 -0.164233 0.29633
2.29404 15.7223 10.9748 0.978302 -0.0472438 0.201724
2.47377 16.3726 10.2186 0.976036 -0.0337895 0.214971
2.65744 17.0503 9.39656 0.974862 0.021432 0.221777
2.82664 17.8685 8.55573 0.975191 0.039135 0.217878
3.00473 18.5742 7.72188 0.970811 0.0369817 0.236976
3.25771 19.2208 6.89997 0.927207 0.00855799 0.374451
3.58669 19.7863 6.11289 0.878478 0.114766 0.463795
4.06907 20.3247 5.19075 0.8319 0.0467012 0.552957
4.66181 20.815 4.48704 0.702571 0.0778362 0.707344
5.35282 21.199 3.8706 0.598282 0.0291524 0.800755
6.24735 21.6485 3.24115 0.519764 0.00527478 0.854294
7.27068 21.8091 2.80275 0.30318 0.018453 0.952755
8.22472 22.107 2.53279 0.246432 0.00175966 0.969158
9.30198 22.2351 2.34504 0.100943 -0.00803978 0.99486
10.3331 22.2255 2.34646 -0.0426771 0.0220817 0.998845
11.3863 22.1316 2.41886 -0.133747 0.00979592 0.990967
12.4513 22.045 2.66251 -0.297858 -0.0153941 0.954486
13.468 21.8759 3.07031 -0.405377 -0.00210316 0.914147
14.3522 21.4966 3.5123 -0.604403 0.00722716 0.796646
15.1173 21.1077 4.14169 -0.673808 0.0156154 0.738742
15.7272 20.6362 4.8158 -0.772601 0.00469171 0.634874
16.2221 20.0879 5.53781 -0.837975 0.0421674 0.544077
16.6678 19.4788 6.39457 -0.896727 0.0977966 0.431644
16.9433 18.8637 7.19608 -0.934487 0.0804078 0.346797
17.1433 18.2423 7.96064 -0.957895 0.0620334 0.280336
17.3198 17.5524 8.84599 -0.977056 0.0584004 0.204818
17.4437 16.7723 9.71917 -0.989443 0.00613034 0.144796
17.6169 16.1081 10.4681 -0.967989 -0.0995284 0.230416
17.8715 15.4759 11.2584 -0.967415 -0.0915346 0.236073
18.2043 14.7414 12.0658 -0.923844 -0.210936 0.319402
18.6736 14.1072 12.8185 -0.891414 -0.280758 0.355746
18.9451 13.7988 13.2247 -0.888095 -0.25476 0.382602
18.9193 14.584 13.7813 -0.868238 -0.321421 0.377956
18.4084 15.2925 13.0739 -0.919088 -0.242484 0.31061
18.0688 15.9561 12.3894 -0.967133 -0.155956 0.200828
17.8018 16.6709 11.6397 -0.963306 -0.16326 0.213046
17.586 17.3767 10.9489 -0.992281 -0.079059 0.0955362
17.5004 18.089 10.2023 -0.995776 -0.0206032 0.0894724
17.4041 18.8778 9.51898 -0.994344 -0.0338382 0.100673
17.3405 19.7344 8.79472 -0.996967 0.0133381 0.0766737
17.2377 20.5319 8.08135 -0.971562 -0.00310499 0.236763
16.9863 21.3679 7.27069 -0.959874 -0.0440706 0.276949
16.704 22.1551 6.46549 -0.94304 -0.0174376 0.332221
16.335 22.8707 5.74676 -0.857146 -0.0911379 0.506946
15.8197 23.4693 5.08272 -0.804952 -0.0755506 0.588511
15.2417 24.0256 4.46357 -0.717863 -0.0628903 0.693338
14.6102 24.7081 4.01447 -0.629285 -0.0788502 0.773164
13.81 25.1553 3.48594 -0.508587 -0.0817748 0.857118
13.0651 25.6886 3.1454 -0.425557 -0.172116 0.888413
12.0411 25.8844 2.80278 -0.298867 -0.172176 0.938634
11.0543 26.0721 2.63904 -0.123243 -0.11357 0.985856
9.96213 25.9204 2.52175 -0.0448799 -0.118032 0.991995
8.89288 25.8947 2.57223 0.126027 -0.119982 0.984744
7.90346 25.6968 2.74495 0.235308 -0.0963268 0.967136
6.94999 25.4122 3.07293 0.443491 -0.126136 0.887359
6.01612 24.8232 3.52371 0.523356 -0.115976 0.844185
5.20475 24.5605 4.0702 0.64701 -0.0713696 0.759134
4.52373 23.7602 4.71103 0.783732 -0.0786713 0.616097
3.99725 23.0852 5.33715 0.853209 -0.0703249 0.516807
3.5319 22.4433 6.12977 0.904143 -0.0402361 0.425331
3.21334 21.7959 6.87874 0.939469 -0.0271728 0.341554
3.00424 21.0485 7.64031 0.975063 -0.0233417 0.220695
2.84894 20.2474 8.3991 0.986974 -0.000581659 0.16088
2.71095 19.4467 9.21692 0.993483 -0.0254519 0.111102
2.61205 18.5912 9.94485 0.99725 -0.0310719 0.0672895
2.5066 17.7383 10.7238 0.994759 -0.0757439 0.0686855
2.34753 16.9754 11.4163 0.983545 -0.139905 0.114305
2.15475 16.207 12.1414 0.979494 -0.148377 0.13629
1.81332 15.4767 12.8378 0.922517 -0.249886 0.294141
1.31052 14.7694 13.5468 0.879146 -0.307429 0.364128
1.1918 14.6179 13.6998 0.874949 -0.313272 0.369221
1.12027 15.2401 14.5023 0.866959 -0.375407 0.327798
1.63332 15.9284 13.8785 0.885715 -0.362445 0.290073
2.09008 16.7036 13.1515 0.951906 -0.258314 0.164769
2.34905 17.5213 12.5059 0.977995 -0.199916 0.0596523
2.51812 18.3117 11.8594 0.988614 -0.150361 0.00578136
2.60324 19.1273 11.2788 0.996626 -0.0808389 -0.0142238
2.66006 19.9698 10.6375 0.997061 -0.0765539 0.00293342
2.7251 20.9578 10.0035 0.995878 -0.0729487 -0.0539058
2.80502 21.8067 9.45824 0.996179 -0.0872077 0.00475885
2.92737 22.73 8.88222 0.988441 -0.131603 0.0752626
3.06417 23.5621 8.3204 0.992169 -0.0998063 0.0750971
3.24327 24.4009 7.80411 0.980692 -0.166294 0.102908
3.46917 25.4314 7.22668 0.96802 -0.138353 0.209273
3.82938 26.3169 6.68706 0.931615 -0.252705 0.261217
4.24716 27.094 6.18571 0.880144 -0.213038 0.424218
4.72498 27.7823 5.61511 0.8599 -0.250128 0.444982
5.25265 28.4138 5.05214 0.78726 -0.2676 0.555529
5.95548 29.06 4.55414 0.700662 -0.311422 0.641942
6.75139 29.8168 4.33658 0.511758 -0.408074 0.756029
7.68797 30.372 4.06745 0.439992 -0.381023 0.81316
8.63309 30.7285 3.86585 0.270832 -0.403268 0.874085
9.52014 31.1848 3.9189 0.0674309 -0.436842 0.897007
10.5152 30.9541 3.78349 -0.0404527 -0.460181 0.886903
11.3609 30.5949 3.6947 -0.212275 -0.400509 0.891365
12.3731 30.6938 4.07392 -0.342171 -0.41589 0.842588
13.2319 30.4241 4.42569 -0.511877 -0.300817 0.804668
13.9734 29.6609 4.68214 -0.576558 -0.274204 0.769671
14.6047 28.8879 4.99113 -0.752155 -0.27613 0.598344
15.1905 28.2692 5.50183 -0.803764 -0.213042 0.555496
15.6742 27.4635 5.99881 -0.863598 -0.219845 0.453726
16.1485 26.5677 6.62402 -0.943702 -0.212976 0.253115
16.5035 25.7009 7.12258 -0.937544 -0.195476 0.28775
16.7437 24.7984 7.63228 -0.979577 -0.159978 0.121802
16.9516 23.8363 8.20036 -0.989999 -0.118486 0.0765675
17.1315 22.8206 8.85317 -0.991559 -0.118429 0.0527675
17.2614 21.8856 9.43174 -0.99396 -0.103335 0.0369447
17.3436 20.9641 10.0053 -0.997727 -0.0666054 0.0102296
17.4059 20.0409 10.5818 -0.998134 -0.0578193 0.0196127
17.477 19.2023 11.1812 -0.997211 -0.0741675 -0.00835104
17.5411 18.3063 11.8267 -0.996053 -0.088645 0.00456752
17.7282 17.5294 12.4666 -0.970849 -0.22843 0.0726026
18.035 16.796 13.1125 -0.941047 -0.279735 0.190206
18.3848 16.0885 13.7591 -0.925158 -0.298313 0.234716
18.819 15.404 14.3544 -0.878123 -0.362311 0.31246
18.9101 15.2898 14.4583 -0.856065 -0.388694 0.340691
18.8819 15.9079 15.19 -0.819228 -0.487589 0.301866
18.3739 16.6027 14.5835 -0.884248 -0.432324 0.176639
17.9721 17.3687 14.0162 -0.926825 -0.357732 0.114117
17.6301 18.1698 13.4568 -0.945295 -0.323451 0.0423871
17.3882 19.0215 12.9567 -0.963192 -0.234584 -0.13127
17.2922 19.9029 12.4269 -0.959097 -0.19816 -0.202154
17.1976 20.7545 11.8725 -0.960354 -0.212244 -0.180758
17.0657 21.6835 11.4707 -0.931381 -0.245285 -0.269008
16.926 22.6309 11.122 -0.94888 -0.203701 -0.241109
16.8069 23.5618 10.7739 -0.955027 -0.173693 -0.240321
16.7002 24.5487 10.506 -0.963801 -0.141241 -0.226137
16.4956 25.5193 10.3341 -0.933811 -0.236754 -0.268225
16.271 26.5316 10.0205 -0.899575 -0.278963 -0.336073
16.0228 27.5345 9.68107 -0.885935 -0.307869 -0.346894
15.6044 28.4539 9.63408 -0.856505 -0.445958 -0.259849
15.1863 29.3897 9.43907 -0.825742 -0.526782 -0.201622
14.6924 30.2883 9.16673 -0.755892 -0.565147 -0.330509
14.1411 31.0762 9.0135 -0.664632 -0.596377 -0.450109
13.3887 31.7094 9.16367 -0.610221 -0.680563 -0.405543
12.4605 32.3068 9.19675 -0.311416 -0.840005 -0.444311
11.5098 32.5591 9.40011 -0.292997 -0.812349 -0.504225
10.5812 32.903 9.27242 -0.145145 -0.873324 -0.465015
9.6088 33.0228 9.17304 0.184948 -0.875436 -0.446548
8.54034 32.815 9.14874 0.261294 -0.791642 -0.552294
7.64233 32.3117 9.3377 0.381206 -0.744778 -0.547712
6.81785 31.7256 9.45917 0.496136 -0.711914 -0.497019
6.13982 30.9025 9.59124 0.70149 -0.52511 -0.481841
5.51726 29.9713 9.64184 0.724693 -0.50285 -0.471129
4.94677 29.148 9.64943 0.738351 -0.505635 -0.446286
4.49192 28.2383 9.70241 0.871463 -0.420033 -0.253228
4.14398 27.2788 9.88552 0.887896 -0.329033 -0.321525
3.82741 26.2289 10.036 0.921409 -0.313704 -0.229337
3.59447 25.2672 10.3177 0.924869 -0.293711 -0.24156
3.35765 24.1876 10.5516 0.952403 -0.222537 -0.208339
3.19646 23.204 10.9364 0.956488 -0.232765 -0.175931
3.06865 22.1935 11.3887 0.962164 -0.189601 -0.195684
2.9658 21.2662 11.7567 0.974821 -0.168446 -0.146115
2.86693 20.289 12.2272 0.971145 -0.181001 -0.155294
2.73995 19.3595 12.692 0.973727 -0.217072 -0.0688191
2.55934 18.5114 13.2059 0.969911 -0.243356 -0.00708004
2.30877 17.7015 13.7652 0.939222 -0.305874 0.155893
1.81318 16.7974 14.464 0.899451 -0.367583 0.236369
1.25381 15.983 15.0996 0.844273 -0.4215 0.330969
1.23323 15.958 15.1201 0.844273 -0.4215 0.33097
1.17225 16.4244 15.9414 0.786145 -0.545052 0.291367
1.73968 17.1011 15.4354 0.865446 -0.488404 0.111649
2.24235 17.9897 14.8604 0.904543 -0.421417 0.0648821
2.67184 18.8642 14.312 0.927746 -0.372697 0.0195789
2.98089 19.7914 13.8762 0.928013 -0.341257 -0.149454
3.23639 20.7871 13.4613 0.923956 -0.29985 -0.237475
3.46064 21.7728 13.1507 0.892525 -0.310032 -0.327534
3.65842 22.7378 12.8698 0.869994 -0.284526 -0.402685
3.93019 23.8563 12.6542 0.864044 -0.28727 -0.413405
4.29251 24.8148 12.5438 0.780257 -0.350121 -0.518281
4.69385 25.7177 12.4051 0.704108 -0.417301 -0.574536
5.27918 26.7295 12.3456 0.668315 -0.450261 -0.592133
5.91724 27.5071 12.4377 0.573356 -0.489351 -0.657114
6.64123 28.1902 12.5304 0.459119 -0.531424 -0.711897
7.54039 28.6729 12.6415 0.343262 -0.543221 -0.766212
8.47409 29.286 12.5532 0.269523 -0.5621 -0.781921
9.4393 29.5904 12.518 0.0453235 -0.569402 -0.820809
10.4369 29.5773 12.5271 -0.0404898 -0.60132 -0.797982
11.5135 29.3874 12.4996 -0.218983 -0.613404 -0.758803
12.3279 28.8925 12.5724 -0.318294 -0.589006 -0.742806
13.194 28.4425 12.5182 -0.381944 -0.547492 -0.744561
13.9372 27.7219 12.5251 -0.572137 -0.468563 -0.673133
14.5526 26.8887 12.5192 -0.616127 -0.42659 -0.662124
15.1836 26.0169 12.4733 -0.652798 -0.400827 -0.642801
15.6716 25.1442 12.4306 -0.772217 -0.359879 -0.52361
15.989 24.002 12.6344 -0.868417 -0.267338 -0.417591
16.2827 23.0129 12.7706 -0.868837 -0.367577 -0.331677
16.5547 21.9727 12.988 -0.917675 -0.277536 -0.284334
16.8039 20.9861 13.2731 -0.92619 -0.301793 -0.226038
16.966 20.0368 13.6843 -0.941242 -0.266395 -0.207599
17.2922 19.0237 14.1894 -0.907324 -0.420427 0.00201417
17.7108 18.1672 14.7216 -0.91922 -0.391463 0.0423166
18.1637 17.3276 15.2659 -0.884259 -0.443316 0.146823
18.6895 16.5884 15.7891 -0.81712 -0.501866 0.283631
18.8289 16.4286 15.9084 -0.814081 -0.500294 0.294919
18.553 17.1488 16.5136 -0.818888 -0.531486 0.216669
17.9526 17.9585 16.0137 -0.838132 -0.540506 0.0734056
17.4154 18.7436 15.5408 -0.828099 -0.560551 0.00585987
16.9708 19.6127 15.1284 -0.897534 -0.435197 -0.0709649
16.579 20.4609 14.7357 -0.859855 -0.463474 -0.214105
16.155 21.506 14.4356 -0.82318 -0.401354 -0.401609
15.7335 22.5548 14.2139 -0.773811 -0.43056 -0.464581
15.312 23.4533 14.0962 -0.716761 -0.424376 -0.553317
14.8088 24.3554 14.0343 -0.645323 -0.460771 -0.609302
14.1816 25.1341 14.0547 -0.594044 -0.498498 -0.631357
13.5415 25.9165 14.0249 -0.52942 -0.48088 -0.698905
12.6203 26.5571 14.1161 -0.345518 -0.508671 -0.788588
11.6564 27.0499 14.129 -0.20857 -0.528978 -0.822606
10.6681 27.2837 14.128 -0.0760997 -0.582488 -0.809269
9.5204 27.2672 14.1475 0.0337524 -0.557247 -0.829661
8.49709 27.0968 14.1089 0.226657 -0.523671 -0.821216
7.59477 26.6448 14.1014 0.319624 -0.575812 -0.752516
6.72422 26.1205 14.0312 0.459791 -0.528094 -0.713939
5.92151 25.3303 14.0422 0.541782 -0.530984 -0.651558
5.25363 24.5161 14.0392 0.663657 -0.457687 -0.591678
4.66301 23.4617 14.1314 0.746385 -0.417218 -0.518496
4.29471 22.5453 14.3106 0.796156 -0.403785 -0.450659
3.92314 21.5631 14.5227 0.829499 -0.425534 -0.361734
3.5076 20.5758 14.795 0.861097 -0.435827 -0.261852
3.11784 19.6068 15.1429 0.89625 -0.432174 -0.0998092
2.65491 18.753 15.5359 0.859378 -0.511174 -0.0130661
2.13687 17.8826 16.0952 0.855258 -0.514873 0.058645
1.54908 17.1726 16.5712 0.778431 -0.589524 0.215656
2.14444 18.0718 17.0254 0.772924 -0.622571 0.122449
2.76403 18.8924 16.5245 0.837528 -0.545002 -0.0389836
3.37152 19.7622 16.2058 0.803674 -0.582477 -0.121769
3.97611 20.7097 15.8417 0.762755 -0.590539 -0.263569
4.51405 21.6496 15.5953 0.756263 -0.509998 -0.409839
5.03607 22.5534 15.4958 0.69324 -0.466906 -0.549014
5.66982 23.4221 15.4007 0.524907 -0.595262 -0.608388
6.42953 24.2028 15.2454 0.435774 -0.555537 -0.708152
7.27232 24.8448 15.2089 0.396136 -0.552472 -0.733383
8.24478 25.3422 15.2987 0.30227 -0.563799 -0.768611
9.26607 25.514 15.325 0.0580186 -0.59837 -0.799116
10.3352 25.5352 15.3613 -0.00280376 -0.594683 -0.803956
11.3791 25.3853 15.3706 -0.159319 -0.591627 -0.790313
12.34 25.0245 15.3285 -0.306215 -0.553695 -0.774373
13.1962 24.4948 15.2583 -0.448438 -0.556379 -0.699532
13.9925 23.8915 15.2103 -0.547153 -0.541587 -0.638206
14.6594 23.0616 15.3011 -0.643877 -0.546962 -0.535027
15.2916 22.155 15.3931 -0.738794 -0.517416 -0.431815
15.7674 21.277 15.5629 -0.80935 -0.488815 -0.325596
16.337 20.3873 15.8542 -0.782551 -0.590971 -0.195877
16.8849 19.4685 16.2368 -0.832757 -0.540055 -0.121889
17.4344 18.7212 16.6158 -0.758146 -0.650621 0.0436709
18.0252 18.0765 17.0091 -0.791549 -0.603931 0.0933671
17.1558 19.1047 17.4695 -0.721235 -0.6924 0.0200777
16.5311 19.8113 17.1314 -0.741355 -0.662401 -0.107788
15.8408 20.6786 16.7496 -0.72178 -0.643403 -0.255082
15.1746 21.5078 16.4896 -0.674019 -0.655458 -0.340695
14.3806 22.387 16.2907 -0.514904 -0.666848 -0.538691
13.6232 23.0568 16.2674 -0.463339 -0.578741 -0.6711
12.7648 23.6515 16.2399 -0.382362 -0.636833 -0.66951
11.8625 24.0893 16.2534 -0.246639 -0.619621 -0.745143
10.8653 24.3504 16.2178 -0.110458 -0.639503 -0.760812
9.73204 24.4142 16.2225 0.000660537 -0.638931 -0.769264
8.71635 24.3136 16.2408 0.101374 -0.623 -0.775625
7.77373 23.9752 16.2245 0.337293 -0.639408 -0.690935
6.844 23.3325 16.2448 0.45803 -0.609888 -0.646719
5.97752 22.6205 16.344 0.479794 -0.681535 -0.552546
5.28628 21.9092 16.5588 0.583058 -0.663711 -0.468542
4.60318 21.1147 16.751 0.743079 -0.625605 -0.237595
4.0226 20.3226 16.9941 0.741534 -0.631364 -0.226949
3.38985 19.5294 17.305 0.720048 -0.683606 -0.119219
3.07439 19.1682 17.4678 0.734606 -0.675066 -0.0681137
4.33602 20.3443 17.917 0.698809 -0.690289 -0.187527
5.03101 21.1191 17.6912 0.561991 -0.743058 -0.363361
5.95611 21.8597 17.401 0.453894 -0.763493 -0.459411
6.75455 22.4676 17.2164 0.47384 -0.723583 -0.501899
7.60222 23.0345 17.1809 0.40166 -0.736633 -0.544097
8.65388 23.4324 17.0638 0.120972 -0.731159 -0.671396
9.68194 23.5188 16.9969 -0.0169962 -0.708313 -0.705694
10.8265 23.4509 16.986 -0.069369 -0.655677 -0.751848
11.838 23.1874 17.0399 -0.208939 -0.630852 -0.747242
12.7582 22.7556 17.1091 -0.294395 -0.729125 -0.617826
13.708 22.1909 17.2038 -0.485508 -0.766638 -0.420176
14.5387 21.5555 17.3785 -0.530155 -0.748886 -0.397625
15.3172 20.8353 17.5864 -0.638481 -0.692802 -0.335213
15.8131 20.2952 17.8173 -0.580623 -0.792119 -0.188215
18.9044 12.9919 12.637 -0.88288 -0.221957 0.413833
18.366 13.5823 11.8144 -0.887672 -0.192472 0.418321
17.9391 14.1402 11.0323 -0.932043 -0.119856 0.34195
17.629 14.793 10.1787 -0.957986 -0.0500035 0.282423
17.3857 15.3747 9.40072 -0.964869 -0.0146933 0.262319
17.1534 16.0024 8.53486 -0.955095 0.0676854 0.288466
16.8812 16.6276 7.56125 -0.941223 0.0840833 0.327154
16.6121 17.2658 6.67948 -0.90989 0.0867623 0.405675
16.2181 17.7977 5.87507 -0.832158 0.108743 0.543773
15.6658 18.3249 5.01523 -0.750744 0.111622 0.651094
15.0108 18.7213 4.35352 -0.644192 0.0795685 0.760714
14.2286 19.0155 3.67274 -0.61041 0.126457 0.781926
13.291 19.2842 3.09829 -0.379445 0.115792 0.91794
12.3945 19.5918 2.77399 -0.283639 0.0654401 0.956696
11.4186 19.7734 2.52117 -0.18703 0.0579667 0.980643
10.3645 19.7781 2.41984 -0.0332608 0.0426927 0.998534
9.34275 19.7266 2.45195 0.0753111 0.0618723 0.995239
8.23746 19.6452 2.61401 0.212166 0.0808858 0.97388
7.16846 19.5348 2.91029 0.268159 0.0809338 0.959969
6.2792 19.2556 3.31747 0.478552 0.0744089 0.874901
5.43371 18.9372 3.95756 0.6737 0.0769153 0.734992
4.69009 18.5016 4.71421 0.712982 0.0608112 0.69854
4.0657 18.027 5.54611 0.834872 0.0379178 0.549137
3.57753 17.5395 6.3923 0.846601 0.0926925 0.524094
3.26331 16.9961 7.19299 0.928371 0.103604 0.356921
3.01663 16.4078 8.0604 0.95646 0.0760517 0.28178
2.81329 15.7981 8.88517 0.969848 0.0441027 0.239685
2.59043 15.1652 9.76373 0.962251 -0.0151683 0.27174
2.32032 14.5384 10.5979 0.950935 -0.107787 0.290007
1.9477 13.9199 11.3959 0.907595 -0.190437 0.374172
1.45966 13.3163 12.1925 0.88775 -0.230541 0.398435
1.13871 12.9595 12.6383 0.850911 -0.273138 0.448717
1.22535 12.2113 12.0269 0.853734 -0.258216 0.452176
1.7569 12.7344 11.2539 0.884804 -0.196033 0.422721
2.21025 13.337 10.4651 0.931217 -0.142073 0.335634
2.55749 13.8945 9.60122 0.939613 -0.0816363 0.33236
2.90959 14.4845 8.66077 0.935241 -0.0184556 0.35353
3.25028 15.0403 7.73096 0.921322 0.0665905 0.383057
3.58285 15.5883 6.81554 0.896699 0.109077 0.428991
4.03867 16.0936 5.95784 0.812955 0.118112 0.570223
4.67934 16.5422 5.02251 0.754523 0.16004 0.636461
5.33846 16.8756 4.34 0.616655 0.178622 0.766701
6.16802 17.2076 3.70367 0.482147 0.193205 0.854521
7.04503 17.4457 3.21922 0.308935 0.193796 0.93113
8.01021 17.6537 2.8953 0.268123 0.138687 0.95335
9.18716 17.6963 2.68923 0.0757874 0.147789 0.986111
10.3444 17.7154 2.64371 -0.0246064 0.146231 0.988944
11.419 17.5985 2.75638 -0.200725 0.146824 0.968583
12.5414 17.4613 3.06827 -0.315508 0.113265 0.942139
13.4402 17.2664 3.47636 -0.459084 0.188052 0.868261
14.3418 16.9907 4.09106 -0.548437 0.165073 0.819736
15.0823 16.7062 4.71571 -0.668251 0.204166 0.715372
15.6493 16.327 5.45365 -0.779713 0.166935 0.603473
16.1619 15.8687 6.25901 -0.817826 0.148848 0.555882
16.5655 15.4142 7.07604 -0.876226 0.116256 0.467667
16.8575 14.9246 7.91394 -0.932212 0.050849 0.358324
17.1924 14.3784 8.8072 -0.935831 0.00346306 0.352433
17.5025 13.8316 9.61166 -0.951203 -0.0029009 0.308552
17.8421 13.2029 10.4966 -0.93256 -0.127301 0.337825
18.2699 12.7108 11.2822 -0.883098 -0.162465 0.440162
18.7817 12.1692 12.0124 -0.85872 -0.221916 0.461902
18.8689 12.0865 12.1347 -0.854488 -0.227857 0.466832
18.8521 11.2066 11.6698 -0.831103 -0.249525 0.496997
18.3149 11.6768 10.9583 -0.853228 -0.195671 0.48344
17.7891 12.2319 10.1037 -0.903982 -0.108612 0.413545
17.389 12.7633 9.26716 -0.913259 -0.0176846 0.406996
17.0166 13.2583 8.44454 -0.910384 0.010881 0.413622
16.6734 13.7012 7.61589 -0.916334 0.0385321 0.398556
16.2485 14.1681 6.77172 -0.824244 0.103774 0.556644
15.7119 14.5971 5.95447 -0.791277 0.11738 0.600085
15.0673 14.9814 5.08286 -0.742576 0.108124 0.660977
14.2805 15.2662 4.38976 -0.573872 0.145112 0.805986
13.4074 15.5284 3.79041 -0.471201 0.173585 0.864776
12.413 15.7387 3.30742 -0.316813 0.164872 0.934049
11.4185 15.8906 3.03948 -0.162455 0.160581 0.973562
10.3518 15.8636 2.94014 -0.0866196 0.178678 0.980087
9.20246 15.9273 2.95518 0.122524 0.143359 0.982057
8.13606 15.7946 3.22454 0.273757 0.166599 0.94726
7.10763 15.6493 3.56365 0.297093 0.144557 0.943843
6.19209 15.4435 3.9839 0.497126 0.118965 0.859484
5.38282 15.1997 4.6024 0.65983 0.123977 0.741117
4.71044 14.8802 5.30168 0.712256 0.126917 0.69035
4.10398 14.5174 6.07528 0.799593 0.0602585 0.597511
3.68803 14.0779 6.92112 0.898835 0.047213 0.435736
3.30897 13.617 7.74702 0.903425 0.0176087 0.428384
2.93086 13.1472 8.56456 0.909081 -0.0233644 0.415963
2.5363 12.6269 9.41241 0.918473 -0.0557299 0.391538
2.11671 12.1206 10.2363 0.880687 -0.17354 0.440765
1.60642 11.6437 10.9712 0.857254 -0.246016 0.452318
1.12149 11.2062 11.6262 0.840512 -0.267199 0.471322
1.21425 10.3421 11.0514 0.835459 -0.21364 0.506326
1.75423 10.787 10.3272 0.842333 -0.196736 0.501767
2.28719 11.2708 9.59096 0.866688 -0.146635 0.476812
2.74037 11.7177 8.81807 0.887694 -0.0708905 0.454945
3.21643 12.2214 7.94006 0.882631 -0.00861719 0.469987
3.68202 12.6819 7.03586 0.888953 0.0300941 0.457009
4.15328 13.0929 6.2243 0.812517 0.105265 0.573355
4.85187 13.4588 5.39609 0.717975 0.106054 0.687942
5.6642 13.7948 4.61349 0.624352 0.152944 0.766024
6.59783 14.0712 4.01441 0.353166 0.193564 0.915318
7.50907 14.283 3.64906 0.312804 0.168985 0.934664
8.62773 14.3696 3.34814 0.145509 0.159896 0.976351
9.63013 14.4368 3.27138 0.0179686 0.262662 0.964721
10.6358 14.461 3.27821 -0.0549858 0.25524 0.965313
11.8121 14.3577 3.43783 -0.194109 0.186336 0.96312
12.861 14.2264 3.78819 -0.361924 0.214893 0.907101
13.7368 14.003 4.28426 -0.497236 0.164528 0.851873
14.5334 13.7344 4.86139 -0.577147 0.167222 0.799336
15.2051 13.4091 5.53957 -0.72924 0.127715 0.672234
15.8163 13.0554 6.3371 -0.805538 0.0807009 0.587023
16.3208 12.6462 7.11058 -0.859728 0.0664153 0.506415
16.7982 12.1588 8.01883 -0.897639 -0.00372442 0.440715
17.2183 11.7139 8.84376 -0.891256 -0.0665034 0.448598
17.6774 11.265 9.60981 -0.86209 -0.146607 0.485085
18.2412 10.7375 10.4326 -0.851114 -0.193142 0.488161
18.7308 10.3398 11.0612 -0.815263 -0.241673 0.526252
18.6657 9.44855 10.5393 -0.80482 -0.274086 0.526442
18.0557 9.93341 9.76726 -0.847646 -0.185986 0.496895
17.4805 10.4169 9.01251 -0.833984 -0.142852 0.532976
16.9624 10.8532 8.21461 -0.873379 -0.0587123 0.483489
16.4432 11.2603 7.37777 -0.83698 -0.00108515 0.547233
15.8571 11.7267 6.52144 -0.810333 0.0194764 0.585646
15.2084 12.0883 5.70398 -0.691051 0.075967 0.718803
14.3808 12.4191 4.97849 -0.596911 0.103004 0.795668
13.5359 12.6609 4.35981 -0.531949 0.103766 0.840395
12.5574 12.8829 3.88931 -0.318367 0.165347 0.933436
11.5769 13.0463 3.65615 -0.140839 0.209334 0.967648
10.5571 13.119 3.56512 -0.0550036 0.200785 0.97809
9.54937 13.1248 3.54429 0.011482 0.176054 0.984314
8.44848 13.0321 3.61807 0.157044 0.158261 0.974829
7.40793 12.9146 3.93259 0.322571 0.19591 0.926049
6.45857 12.7432 4.353 0.393167 0.176854 0.902298
5.62213 12.4358 4.90442 0.615997 0.138352 0.775504
4.89241 12.1521 5.54824 0.662085 0.101016 0.742589
4.14956 11.77 6.37789 0.757046 0.0802206 0.648418
3.65425 11.3862 7.16526 0.850275 -0.0111664 0.526221
3.1258 10.9271 8.03216 0.862684 -0.0878075 0.498062
2.62653 10.5001 8.78876 0.8542 -0.138085 0.501273
2.03842 10.0283 9.59372 0.833456 -0.157237 0.529742
1.40452 9.51513 10.4128 0.813469 -0.236601 0.531308
1.22435 9.37736 10.6316 0.828831 -0.229048 0.510466
1.33035 8.51696 10.0685 0.786086 -0.281037 0.550533
2.00679 9.01304 9.29271 0.812787 -0.215446 0.541258
2.62153 9.47339 8.51194 0.836555 -0.152142 0.526336
3.15952 9.87529 7.76565 0.832675 -0.102023 0.544283
3.79121 10.3359 6.87529 0.793044 -0.0552358 0.606655
4.42692 10.7114 6.13377 0.718423 0.0388733 0.69452
5.11633 11.0311 5.47429 0.660879 0.071639 0.747065
5.99203 11.3469 4.81092 0.553034 0.105639 0.826435
6.96684 11.5847 4.33642 0.361893 0.0944656 0.927421
7.939 11.7355 3.9826 0.274713 0.187268 0.943114
9.10507 11.8589 3.76543 0.0641886 0.165341 0.984145
10.1075 11.8995 3.73292 -0.00894019 0.147595 0.989008
11.1246 11.816 3.83098 -0.0986806 0.144588 0.984559
12.2248 11.6766 4.03854 -0.239948 0.152782 0.958688
13.1796 11.5115 4.36017 -0.333791 0.167349 0.927673
14.0355 11.3204 4.84654 -0.541126 0.0994157 0.835045
14.8368 11.0506 5.42782 -0.581245 0.0659065 0.811055
15.5227 10.7095 6.1474 -0.748018 0.01728 0.663454
16.201 10.3166 6.99615 -0.805843 -0.0305757 0.591339
16.8105 9.85499 7.82734 -0.830989 -0.110275 0.54525
17.3677 9.45296 8.55426 -0.814676 -0.167866 0.555089
18.0228 8.95879 9.34447 -0.79131 -0.196419 0.579005
18.6568 8.51029 10.0494 -0.776208 -0.30567 0.551423
18.7461 8.45157 10.1393 -0.768189 -0.310944 0.559643
18.6397 7.58861 9.53748 -0.743913 -0.302002 0.596144
17.9713 8.00549 8.90801 -0.787115 -0.228435 0.572946
17.3205 8.48257 8.17393 -0.802125 -0.212486 0.558073
16.6943 8.92494 7.40856 -0.799616 -0.162182 0.578196
16.0619 9.3155 6.71027 -0.729586 -0.0992008 0.676656
15.3903 9.68665 6.03147 -0.72521 -0.0518994 0.686569
14.5979 10.0172 5.33388 -0.562163 0.0512191 0.825439
13.7084 10.2772 4.75696 -0.474426 0.089014 0.875784
12.7233 10.4592 4.32381 -0.307659 0.07763 0.948325
11.7256 10.5974 4.05795 -0.213066 0.0717069 0.974403
10.5885 10.6884 3.87378 -0.0982132 0.0659 0.992981
9.42312 10.6963 3.86698 0.0867392 0.0994024 0.99126
8.42317 10.6368 4.01705 0.180504 0.0995146 0.978527
7.4454 10.5123 4.26342 0.316841 0.0290456 0.948034
6.4747 10.3188 4.66391 0.414607 0.0726025 0.9071
5.53016 10.0595 5.23937 0.552937 0.0688727 0.830372
4.7632 9.75782 5.84218 0.638696 0.012244 0.769361
4.00238 9.39268 6.57794 0.722143 -0.027539 0.691195
3.27412 8.89088 7.45667 0.791803 -0.0777857 0.605804
2.5649 8.44578 8.27186 0.778209 -0.189744 0.598655
1.93233 8.00911 8.95719 0.791879 -0.270913 0.547297
1.4072 7.63857 9.51037 0.773931 -0.288878 0.563543
1.37044 6.74008 9.02079 0.739691 -0.37713 0.557343
2.08792 7.19412 8.36625 0.754137 -0.313818 0.576884
2.81656 7.63388 7.68304 0.737057 -0.241376 0.631257
3.50694 8.07392 6.98785 0.739969 -0.177903 0.648689
4.27333 8.50072 6.23244 0.69406 -0.0650614 0.716971
5.03304 8.81327 5.56984 0.644737 -0.0796895 0.760239
5.94448 9.12615 4.99633 0.483599 -0.0729969 0.87224
6.84542 9.35724 4.54354 0.423425 0.0024387 0.905928
7.79901 9.51213 4.1891 0.229619 -0.0360266 0.972613
8.84063 9.60152 4.00593 0.13973 0.0175422 0.990034
9.89972 9.6306 3.9185 -0.0200355 0.0301923 0.999343
10.8956 9.60525 3.99674 -0.121953 0.0732701 0.989828
11.9117 9.53821 4.15019 -0.190656 0.0489158 0.980437
12.8683 9.40396 4.43153 -0.391156 0.0231462 0.920033
13.8382 9.191 4.91008 -0.469405 -0.0168508 0.882822
14.7149 8.93031 5.38497 -0.55959 -0.106544 0.821893
15.4706 8.62325 5.99382 -0.678189 -0.122297 0.72464
16.2585 8.22701 6.70476 -0.724452 -0.129862 0.676982
16.9567 7.80467 7.39084 -0.776903 -0.24381 0.580499
17.6285 7.35227 8.10395 -0.796761 -0.297801 0.525821
18.2834 6.90499 8.72103 -0.755556 -0.361316 0.546429
18.6436 6.68388 9.02326 -0.705859 -0.398547 0.585596
18.5243 5.93659 8.33676 -0.715005 -0.428827 0.552156
17.7492 6.43823 7.67724 -0.754642 -0.387656 0.529375
17.0201 6.89058 7.02302 -0.682955 -0.348424 0.642007
16.2252 7.30108 6.40562 -0.646314 -0.265925 0.715236
15.474 7.64637 5.80846 -0.651625 -0.219621 0.726052
14.5996 8.00351 5.18994 -0.546549 -0.157777 0.82243
13.6618 8.24826 4.75525 -0.413025 -0.0928732 0.905972
12.6882 8.44231 4.34186 -0.344392 -0.112956 0.932006
11.5331 8.60154 4.10161 -0.124094 -0.0395389 0.991482
10.3918 8.6605 3.95014 -0.119211 -0.0535428 0.991424
9.26753 8.64068 3.9518 0.11121 -0.0316618 0.993292
8.12415 8.55479 4.10709 0.160513 -0.0231551 0.986762
7.09349 8.40489 4.40784 0.371406 -0.0782822 0.925165
6.09607 8.18564 4.79078 0.400268 -0.182615 0.898019
5.22623 7.9278 5.27991 0.607859 -0.151383 0.779481
4.41206 7.58767 5.9344 0.669315 -0.151966 0.727272
3.67343 7.24404 6.52349 0.7018 -0.244323 0.669166
2.97659 6.84594 7.14717 0.720906 -0.313296 0.618175
2.14024 6.35986 7.84534 0.701305 -0.366674 0.611328
1.40415 5.92925 8.42693 0.712878 -0.393751 0.580315
1.56419 5.18566 7.75827 0.682157 -0.427407 0.593284
2.29175 5.60724 7.2128 0.684332 -0.389881 0.616184
3.06402 6.01714 6.65295 0.661966 -0.341914 0.667006
3.85966 6.41048 6.08781 0.632495 -0.295714 0.715893
4.71519 6.78588 5.46981 0.654047 -0.205936 0.727882
5.54729 7.11731 4.87188 0.521245 -0.135631 0.842561
6.47685 7.35715 4.46677 0.353347 -0.17168 0.919604
7.47299 7.53234 4.15692 0.255087 -0.161598 0.953319
8.54002 7.65111 3.95504 0.128715 -0.163869 0.978049
9.56069 7.71116 3.88506 0.0808425 -0.117074 0.989827
10.7705 7.69987 3.9204 -0.109182 -0.122098 0.986494
11.9552 7.6298 4.05132 -0.102498 -0.153919 0.982753
12.9321 7.47089 4.30307 -0.354167 -0.135148 0.925365
13.9552 7.26082 4.74082 -0.37543 -0.174693 0.910239
14.845 6.99548 5.12105 -0.549321 -0.29446 0.78201
15.7018 6.67539 5.65501 -0.622075 -0.363965 0.693218
16.4847 6.3209 6.19044 -0.640722 -0.38825 0.662372
17.3202 5.90044 6.77492 -0.681734 -0.408798 0.606731
18.1183 5.42338 7.38997 -0.695234 -0.463861 0.549074
18.5176 5.1753 7.69098 -0.698309 -0.472289 0.537874
18.4972 4.47342 7.03144 -0.680379 -0.495616 0.53986
17.7136 4.93864 6.48782 -0.649434 -0.497338 0.575231
16.9217 5.32144 5.99289 -0.583798 -0.455203 0.672287
16.0824 5.69677 5.49104 -0.573751 -0.358616 0.736346
15.1047 6.06088 4.93975 -0.520596 -0.311226 0.795058
14.2063 6.32589 4.55433 -0.373804 -0.33879 0.863419
13.2291 6.51979 4.25475 -0.355908 -0.299208 0.885327
12.1397 6.71339 3.92055 -0.199297 -0.207586 0.9577
11.1235 6.79221 3.82058 -0.0935195 -0.20288 0.974727
9.97885 6.81279 3.7476 -0.00199684 -0.21472 0.976674
8.95029 6.79194 3.76 0.0548214 -0.231807 0.971216
7.9617 6.71031 3.88677 0.238628 -0.17021 0.956078
6.95832 6.56045 4.15856 0.297509 -0.219221 0.92921
5.93568 6.35436 4.46916 0.387056 -0.256759 0.885586
5.02527 6.06147 4.93256 0.600935 -0.328236 0.728792
4.11969 5.69154 5.51479 0.60706 -0.41415 0.678202
3.2157 5.29701 6.05608 0.593933 -0.459157 0.66062
2.33699 4.85981 6.61597 0.665805 -0.444823 0.599029
1.60795 4.4279 7.13816 0.665552 -0.472056 0.578104
1.55657 3.67205 6.55183 0.646005 -0.508515 0.569289
2.34129 4.12251 6.03749 0.658332 -0.443105 0.608488
3.21244 4.53846 5.528 0.55868 -0.481865 0.675042
4.14008 4.93707 5.01502 0.579368 -0.444237 0.683364
4.99315 5.27489 4.54286 0.542114 -0.408038 0.734587
5.89114 5.53431 4.15748 0.381386 -0.401246 0.832794
6.88435 5.71565 3.91271 0.255195 -0.399955 0.880291
7.85949 5.8539 3.69403 0.232003 -0.289443 0.928654
9.01937 5.96065 3.54536 0.0788918 -0.250674 0.964852
10.0269 5.97994 3.53177 -0.00799841 -0.279632 0.960074
11.083 5.94679 3.58803 -0.0939816 -0.306097 0.94735
12.2199 5.85305 3.70085 -0.157274 -0.341855 0.926499
13.3123 5.68892 3.96643 -0.295026 -0.383862 0.874991
14.3857 5.46792 4.27873 -0.394889 -0.392182 0.830817
15.2641 5.19375 4.66926 -0.543384 -0.358106 0.759272
16.1911 4.85781 5.13004 -0.473405 -0.47446 0.742143
17.1072 4.51151 5.56071 -0.51736 -0.513153 0.684845
17.9209 4.12698 6.01855 -0.635636 -0.51107 0.578596
18.4011 3.85103 6.32921 -0.670184 -0.506182 0.542801
18.448 3.14821 5.73005 -0.613281 -0.534851 0.581224
17.5823 3.59106 5.25154 -0.575178 -0.492892 0.652861
16.7255 3.94941 4.83315 -0.508592 -0.522397 0.684424
15.7628 4.28942 4.41781 -0.460474 -0.534644 0.708604
14.8151 4.57682 4.05312 -0.423406 -0.450033 0.786256
13.7608 4.82478 3.72548 -0.314271 -0.415077 0.853783
12.7588 5.00182 3.46974 -0.224423 -0.422972 0.877912
11.6988 5.10262 3.34776 -0.0927516 -0.369189 0.924714
10.6558 5.1583 3.27719 -0.0501092 -0.354691 0.93364
9.5831 5.16837 3.25412 0.026356 -0.380929 0.924228
8.56111 5.12541 3.29493 0.0909839 -0.372792 0.923444
7.5088 5.02529 3.43762 0.206099 -0.40416 0.891167
6.50193 4.87773 3.63059 0.253295 -0.418348 0.872254
5.42635 4.65202 3.92854 0.407706 -0.45979 0.788904
4.46441 4.32894 4.35469 0.519093 -0.484959 0.703816
3.59448 3.9718 4.80046 0.556577 -0.483249 0.67579
2.73282 3.59475 5.2354 0.57797 -0.523277 0.626204
1.87643 3.14921 5.72653 0.618214 -0.541693 0.569543
1.60409 3.00131 5.88187 0.611452 -0.555618 0.563396
1.66771 2.37949 5.19218 0.59254 -0.574154 0.565016
2.61541 2.85911 4.69993 0.574111 -0.554391 0.602534
3.48022 3.2322 4.30016 0.527324 -0.540544 0.655547
4.34252 3.5849 3.89216 0.541447 -0.523043 0.658226
5.32505 3.90717 3.50044 0.416076 -0.553736 0.721289
6.3 4.09603 3.27938 0.252524 -0.493818 0.832091
7.27599 4.24878 3.11533 0.19799 -0.429387 0.881151
8.28656 4.33939 2.99666 0.133212 -0.441561 0.887287
9.36138 4.40066 2.92643 0.0299103 -0.449799 0.892629
10.3903 4.40104 2.93958 -0.0419016 -0.463125 0.885302
11.534 4.34793 3.00288 -0.0720548 -0.41466 0.907119
12.6453 4.25421 3.10329 -0.174534 -0.428326 0.886608
13.6614 4.08599 3.32416 -0.306853 -0.420912 0.853624
14.607 3.87421 3.58451 -0.344622 -0.426859 0.836078
15.5449 3.63143 3.86493 -0.389564 -0.509154 0.767465
16.5096 3.33396 4.20066 -0.478925 -0.506876 0.716734
17.3735 2.96559 4.60821 -0.555724 -0.497069 0.666404
18.2077 2.57316 5.02027 -0.577256 -0.51332 0.635041
18.4045 2.48047 5.11483 -0.551687 -0.557283 0.620546
18.3142 1.88304 4.45718 -0.551842 -0.588891 0.59049
17.3651 2.31862 4.02278 -0.522002 -0.57968 0.625687
16.4093 2.67968 3.64392 -0.42935 -0.566587 0.703305
15.4045 2.95702 3.3569 -0.335404 -0.555464 0.760897
14.4121 3.17886 3.12248 -0.297146 -0.53309 0.792161
13.4038 3.39369 2.87605 -0.250829 -0.473611 0.844262
12.3606 3.53964 2.70012 -0.140918 -0.466523 0.873212
11.3649 3.62524 2.60417 -0.115442 -0.522046 0.845069
10.1428 3.6878 2.52679 -0.00674726 -0.554954 0.831854
9.1065 3.666 2.54992 0.0874203 -0.49448 0.864782
8.0728 3.60322 2.62148 0.0928329 -0.546069 0.83258
6.9938 3.49543 2.72962 0.182953 -0.524519 0.83151
5.91248 3.31906 2.91194 0.252253 -0.524042 0.813479
4.8609 3.09067 3.16223 0.436924 -0.520058 0.733919
3.94701 2.75186 3.5324 0.515154 -0.558705 0.649973
3.07036 2.39556 3.90559 0.508124 -0.586265 0.630955
2.20039 2.01665 4.28219 0.545348 -0.602971 0.582255
1.65877 1.7522 4.53117 0.566796 -0.608104 0.555834
2.48239 1.52513 3.52412 0.502734 -0.62181 0.600509
3.38971 1.89932 3.17699 0.484515 -0.618222 0.618908
4.39662 2.28034 2.80197 0.422959 -0.584083 0.692786
5.40402 2.5362 2.54523 0.298258 -0.564416 0.769725
6.42189 2.71817 2.36744 0.213721 -0.556564 0.802845
7.55131 2.88401 2.20033 0.153338 -0.562957 0.812137
8.70428 2.96709 2.12131 0.0714757 -0.547361 0.833839
9.8526 2.99919 2.08746 0.0313014 -0.532385 0.845923
11.0196 2.96587 2.12948 -0.0998472 -0.553692 0.826714
12.1077 2.86133 2.25758 -0.157706 -0.579068 0.799881
13.1437 2.73668 2.38933 -0.215073 -0.585813 0.781388
14.1463 2.55875 2.57677 -0.266598 -0.615996 0.741266
15.2849 2.32577 2.80807 -0.313151 -0.607714 0.729808
16.2262 2.06981 3.0525 -0.400576 -0.568548 0.718535
17.1585 1.75818 3.35982 -0.460424 -0.571388 0.679357
17.3913 1.66884 3.44674 -0.489178 -0.567562 0.662252
15.7057 1.58268 2.36003 -0.344264 -0.616058 0.708488
14.6655 1.82588 2.14172 -0.263814 -0.627866 0.732247
13.5092 2.04694 1.93167 -0.240388 -0.631645 0.737047
12.5236 2.16986 1.8104 -0.13219 -0.627945 0.766949
11.5021 2.25275 1.72356 -0.10039 -0.605809 0.789251
10.3421 2.31797 1.6473 -0.0324065 -0.5524 0.832949
9.25704 2.31502 1.65118 -0.0011752 -0.567671 0.823255
8.17264 2.2825 1.67489 0.0794609 -0.602606 0.794073
7.06119 2.15757 1.79329 0.181121 -0.632443 0.753134
6.05416 2.01046 1.92514 0.202268 -0.653422 0.72947
5.07306 1.82196 2.09234 0.274942 -0.633068 0.723624
4.12144 1.56526 2.32614 0.418322 -0.645414 0.639099
4.07145 1.54771 2.34113 0.418322 -0.645414 0.639099
11.7046 1.61319 1.23577 -0.0906022 -0.637507 0.765099
12.5638 1.54698 1.29643 -0.112784 -0.644006 0.756661
12.6247 1.5418 1.30109 -0.125241 -0.637653 0.760075
