0.956119 76.6851 19.8088 0.000981092 -0.850163 0.526519
1.75887 76.4821 19.4796 0.000989304 -0.850156 0.52653
2.83829 76.5116 19.5252 0.000998037 -0.850169 0.526509
3.85448 76.5127 19.525 0.000994621 -0.850172 0.526504
5.0038 76.5185 19.5322 0.000982557 -0.850162 0.52652
6.21012 76.5234 19.5378 0.000994123 -0.850162 0.52652
7.36789 76.4908 19.4831 0.000975322 -0.850161 0.526523
8.42405 76.5294 19.5434 0.000993976 -0.85017 0.526507
9.52643 76.5219 19.5292 0.000988339 -0.850171 0.526506
10.7258 76.5283 19.5373 0.000985517 -0.85017 0.526507
11.7793 76.5092 19.5045 0.00099476 -0.850163 0.526519
13.0337 76.5217 19.5223 0.000983119 -0.850168 0.52651
14.0937 76.531 19.5354 0.000995243 -0.850173 0.526503
15.147 76.5126 19.5037 0.000986723 -0.850165 0.526516
16.1922 76.5079 19.4941 0.00100829 -0.850173 0.526502
17.2052 76.5406 19.545 0.000991165 -0.85016 0.526523
18.2111 76.507 19.4888 0.000996414 -0.850176 0.526497
19.2975 76.5224 19.5117 0.000981617 -0.850162 0.52652
20.4426 76.5817 19.6053 0.000981846 -0.850176 0.526498
21.4654 76.5335 19.5256 0.000990436 -0.850164 0.526518
22.6114 76.5431 19.5389 0.00097804 -0.850159 0.526525
23.6281 76.5514 19.5505 0.000988369 -0.850181 0.52649
24.7062 76.5457 19.5392 0.000997346 -0.850165 0.526515
25.8698 76.5495 19.5431 0.000992227 -0.850169 0.52651
26.9612 76.5559 19.5513 0.000988478 -0.850175 0.5265
28.0187 76.5246 19.4988 0.000990418 -0.850169 0.526509
29.1539 76.5345 19.5127 0.00100075 -0.850179 0.526493
30.242 76.5331 19.5083 0.000985679 -0.850181 0.52649
31.3507 76.5363 19.5115 0.000978374 -0.85018 0.526492
32.4291 76.5473 19.5272 0.000979826 -0.850166 0.526513
33.4762 76.5531 19.5346 0.000991004 -0.850187 0.52648
34.6453 76.5736 19.5656 0.000986079 -0.850168 0.526511
35.6819 76.5395 19.5085 0.000987791 -0.850181 0.52649
36.7532 76.5163 19.4691 0.00100639 -0.850185 0.526483
37.7646 76.5475 19.5175 0.00100756 -0.850182 0.526488
38.9238 76.5581 19.5325 0.000981966 -0.850187 0.52648
39.9301 76.5502 19.5179 0.000987878 -0.850168 0.526511
41.1306 76.5723 19.5513 0.000994694 -0.850181 0.526489
42.2437 76.5327 19.4853 0.000977379 -0.850186 0.526482
43.3558 76.5334 19.4843 0.000968478 -0.850176 0.526497
44.3722 76.5588 19.5234 0.000994067 -0.85018 0.526491
45.4727 76.5629 19.528 0.000996628 -0.850184 0.526484
46.5697 76.5489 19.5032 0.000990347 -0.850187 0.52648
47.6382 76.5482 19.5001 0.0010061 -0.850189 0.526477
48.7903 76.5327 19.4729 0.00100565 -0.850189 0.526477
48.5135 76.8098 19.9209 0.000998287 -0.850169 0.526508
47.4978 76.7969 19.9019 0.000992556 -0.850158 0.526526
46.4419 76.7825 19.8807 0.000987738 -0.850163 0.526518
45.4257 76.7913 19.8968 0.000979961 -0.850176 0.526497
44.2551 76.7838 19.8868 0.00101013 -0.850181 0.52649
43.1876 76.7579 19.8472 0.000986243 -0.850171 0.526506
42.1423 76.7954 19.9096 0.00100412 -0.850161 0.526521
41.0666 76.8019 19.9221 0.000978604 -0.850163 0.526518
40.0293 76.7863 19.8989 0.000972581 -0.850169 0.526509
38.9321 76.7909 19.9084 0.000997114 -0.850161 0.526521
37.8597 76.7886 19.9067 0.00099109 -0.85016 0.526523
36.7466 76.7746 19.8861 0.000992329 -0.850172 0.526504
35.7119 76.7644 19.8717 0.000961127 -0.850171 0.526505
34.6719 76.7976 19.9272 0.000968137 -0.850157 0.526528
33.4452 76.7905 19.918 0.00100124 -0.850166 0.526514
32.3952 76.8087 19.9494 0.000990021 -0.850162 0.526521
31.2763 76.7754 19.8978 0.00099906 -0.850149 0.526541
30.2024 76.7826 19.9114 0.000988006 -0.850165 0.526515
29.0997 76.7669 19.8881 0.000982608 -0.850158 0.526526
27.9162 76.7595 19.8784 0.00097725 -0.850173 0.526502
26.814 76.7747 19.9049 0.000989332 -0.850167 0.526512
25.7669 76.7793 19.9143 0.000984976 -0.850159 0.526525
24.72 76.7819 19.9205 0.000994979 -0.850158 0.526526
23.6686 76.7869 19.9305 0.000995889 -0.850151 0.526538
22.562 76.7772 19.917 0.000982965 -0.850155 0.526532
21.4919 76.7811 19.9253 0.000991431 -0.850164 0.526517
20.4153 76.7948 19.9494 0.000972643 -0.850153 0.526535
19.2786 76.7534 19.8848 0.000996713 -0.850161 0.526522
18.1885 76.7653 19.906 0.000994543 -0.850143 0.52655
17.0675 76.763 19.9044 0.000995449 -0.850149 0.526541
16.0276 76.7641 19.9081 0.000987673 -0.850164 0.526516
14.8675 76.7686 19.9176 0.000985411 -0.850163 0.526519
13.8121 76.7653 19.9143 0.000988496 -0.850159 0.526525
12.7111 76.7546 19.8991 0.000984085 -0.850151 0.526538
11.526 76.7591 19.9085 0.000970117 -0.850153 0.526535
10.4628 76.7612 19.9139 0.000986613 -0.850154 0.526533
9.27456 76.7791 19.9449 0.000984428 -0.850157 0.526528
8.2437 76.7714 19.9344 0.000983218 -0.850162 0.526521
7.13698 76.7524 19.9059 0.000994365 -0.850157 0.526528
6.11529 76.7518 19.9069 0.000997303 -0.85016 0.526523
5.03447 76.7734 19.9437 0.000983621 -0.850153 0.526534
3.97404 76.7609 19.9256 0.00097988 -0.850153 0.526536
2.93224 76.7632 19.9313 0.001 -0.850162 0.52652
1.86743 76.7747 19.9518 0.00101311 -0.850151 0.526538
1.08796 76.7623 19.9332 0.000978713 -0.850165 0.526516
1.01719 77.0799 20.4462 0.000986601 -0.850164 0.526517
2.12831 77.0769 20.4392 0.00100095 -0.850153 0.526535
3.28102 77.0686 20.4236 0.000994011 -0.850157 0.526529
4.38456 77.0783 20.4373 0.000982438 -0.850161 0.526521
5.43329 77.0729 20.4265 0.000991265 -0.850159 0.526525
6.56104 77.0644 20.4107 0.000988179 -0.850152 0.526537
7.60317 77.0767 20.4287 0.000974391 -0.850144 0.526549
8.64135 77.0934 20.4537 0.000978237 -0.85015 0.52654
9.6522 77.0849 20.438 0.000984008 -0.850147 0.526544
10.7258 77.0829 20.4328 0.00097228 -0.85017 0.526507
11.739 77.0665 20.4045 0.000980132 -0.850154 0.526534
12.7612 77.0763 20.4184 0.000970652 -0.850151 0.526539
13.8176 77.0809 20.4238 0.000981481 -0.850143 0.526551
14.8736 77.0718 20.4071 0.000977913 -0.850157 0.526528
15.9341 77.0896 20.4338 0.000989959 -0.850157 0.526529
16.9842 77.0892 20.4312 0.000995154 -0.850158 0.526527
18.0292 77.075 20.4064 0.000994232 -0.850163 0.526519
19.0621 77.0807 20.4136 0.000994746 -0.850153 0.526534
20.09 77.0876 20.4228 0.000977453 -0.850148 0.526543
21.1206 77.085 20.4167 0.000995107 -0.850145 0.526547
22.2339 77.099 20.4372 0.000984488 -0.850149 0.526541
23.2433 77.087 20.416 0.000990025 -0.850152 0.526537
24.2914 77.0895 20.4181 0.000985457 -0.850161 0.526521
25.3589 77.0846 20.4081 0.000982868 -0.85015 0.52654
26.4331 77.0865 20.4092 0.000982081 -0.850146 0.526546
27.573 77.0784 20.3939 0.000985104 -0.850155 0.526532
28.589 77.0727 20.3828 0.000994229 -0.850158 0.526526
29.6262 77.0983 20.4222 0.000997901 -0.850149 0.52654
30.7219 77.0989 20.421 0.000995089 -0.85015 0.52654
31.8238 77.1034 20.4262 0.000995774 -0.850152 0.526536
32.8497 77.1025 20.4228 0.000985031 -0.850157 0.526528
33.9053 77.0983 20.4142 0.000975169 -0.850166 0.526514
35.1652 77.0927 20.4028 0.000996893 -0.850157 0.526528
36.1849 77.0834 20.3858 0.000989672 -0.85016 0.526524
37.21 77.1036 20.4164 0.000988369 -0.850147 0.526545
38.2428 77.0984 20.4062 0.000986458 -0.850149 0.526541
39.298 77.1073 20.4186 0.000981465 -0.850158 0.526526
40.4051 77.1028 20.4092 0.00098658 -0.850141 0.526554
41.4243 77.1019 20.4059 0.000991178 -0.850156 0.52653
42.5723 77.091 20.3862 0.000998692 -0.85015 0.52654
43.647 77.1029 20.4033 0.000985663 -0.850147 0.526544
44.7068 77.1026 20.4009 0.000993385 -0.850157 0.526528
45.7743 77.0996 20.394 0.000977786 -0.850156 0.526529
46.8111 77.1116 20.4115 0.00100312 -0.850145 0.526548
47.8985 77.1083 20.404 0.000999914 -0.850133 0.526566
48.9912 77.1091 20.4032 0.00101336 -0.850155 0.526531
49.6206 76.8015 19.9054 0.00102907 -0.850172 0.526503
49.4867 76.2855 19.0724 0.00101169 -0.850183 0.526486
48.3965 76.2375 18.9969 0.000978319 -0.850195 0.526467
47.347 76.2414 19.0053 0.000969217 -0.850194 0.526468
46.2977 76.2455 19.0138 0.000990864 -0.850192 0.526472
45.2032 76.2605 19.04 0.000978547 -0.850183 0.526486
44.1386 76.2398 19.0087 0.00100217 -0.850195 0.526467
43.0666 76.2346 19.0022 0.000987567 -0.850201 0.526458
42.0498 76.2355 19.0056 0.000972961 -0.850199 0.526461
40.9926 76.2523 19.0347 0.000979309 -0.850196 0.526465
39.8805 76.2336 19.0067 0.000969283 -0.850195 0.526467
38.821 76.2454 19.0277 0.000996368 -0.850188 0.526478
37.6306 76.2402 19.0216 0.000976724 -0.850194 0.526468
36.4535 76.2268 19.0022 0.000973938 -0.850192 0.526472
35.2389 76.2472 19.0373 0.000982889 -0.850193 0.52647
34.1565 76.2295 19.0108 0.000979991 -0.850186 0.526482
33.1282 76.2234 19.0028 0.000995781 -0.850195 0.526467
31.9644 76.238 19.0287 0.000982141 -0.850195 0.526468
30.831 76.2452 19.0424 0.000979501 -0.850186 0.526482
29.7434 76.2281 19.0169 0.000997352 -0.85018 0.526491
28.7214 76.2312 19.0238 0.000981488 -0.850193 0.526471
27.694 76.2335 19.0295 0.000992713 -0.850192 0.526472
26.6863 76.2363 19.0359 0.000991239 -0.850191 0.526474
25.6632 76.2302 19.0279 0.000983477 -0.85019 0.526474
24.5146 76.2182 19.0106 0.00100448 -0.850196 0.526465
23.2996 76.22 19.016 0.00101066 -0.85019 0.526475
22.1306 76.2401 19.0506 0.000983905 -0.850175 0.5265
21.0982 76.2208 19.0212 0.0010093 -0.850184 0.526485
20.102 76.2375 19.0501 0.000992062 -0.850182 0.526489
18.9839 76.2122 19.0114 0.00100627 -0.850191 0.526474
17.9516 76.2094 19.0089 0.000988048 -0.850173 0.526502
16.9189 76.2219 19.031 0.000987792 -0.850185 0.526483
15.7704 76.209 19.0123 0.00100037 -0.850186 0.526482
14.6535 76.2052 19.0082 0.000973019 -0.850181 0.52649
13.6164 76.2135 19.0235 0.000992573 -0.850178 0.526495
12.552 76.2196 19.0354 0.000982624 -0.850174 0.526501
11.384 76.1966 19.0005 0.000998445 -0.850172 0.526503
10.1356 76.1936 18.998 0.000977942 -0.850171 0.526506
9.09289 76.2177 19.0388 0.00100168 -0.850169 0.526509
8.01242 76.2109 19.03 0.000990809 -0.850174 0.5265
6.956 76.1973 19.0099 0.000987751 -0.850169 0.526509
5.81 76.2027 19.0208 0.000998818 -0.850179 0.526493
4.71911 76.209 19.033 0.000984627 -0.850167 0.526513
3.63245 76.1919 19.0074 0.000982931 -0.850166 0.526514
2.57228 76.2015 19.0249 0.000989239 -0.850164 0.526518
1.51802 76.1923 19.012 0.000985401 -0.850169 0.526509
0.444328 76.2739 19.1458 0.000988253 -0.850171 0.526506
0.378628 76.8356 20.0529 0.000971678 -0.850164 0.526516
0.767835 77.0668 20.4254 0.000976962 -0.85016 0.526523
0.914896 77.0737 20.4364 0.000968906 -0.850166 0.526513
