1.71747 5.60411 21.3759 0.00098544 -0.850165 0.526515
1.74258 5.06337 20.5027 0.000985156 -0.850167 0.526512
2.51047 4.83514 20.1327 0.000988567 -0.850167 0.526511
3.6156 4.83599 20.132 0.000986009 -0.85017 0.526507
4.7273 4.8454 20.1451 0.000987155 -0.85017 0.526507
5.82971 4.85923 20.1654 0.000992018 -0.85017 0.526508
6.88967 4.84555 20.1413 0.000989634 -0.85017 0.526508
8.08074 4.85348 20.1519 0.000991064 -0.850173 0.526503
9.23737 4.85519 20.1525 0.000988303 -0.850172 0.526504
10.3209 4.86282 20.1628 0.00098895 -0.850171 0.526506
11.3401 4.86511 20.1645 0.000989538 -0.850172 0.526505
12.3988 4.86922 20.1692 0.000986792 -0.850172 0.526504
13.533 4.8634 20.1577 0.000988426 -0.850172 0.526504
14.543 4.87735 20.1783 0.000989353 -0.850173 0.526502
15.5607 4.85678 20.1432 0.000987395 -0.850173 0.526502
16.6867 4.87015 20.1626 0.000990674 -0.850171 0.526505
17.705 4.86068 20.1454 0.000986328 -0.850175 0.5265
18.7536 4.85859 20.1401 0.000990045 -0.850172 0.526503
19.8016 4.86976 20.1562 0.000989347 -0.850172 0.526504
20.9174 4.86703 20.1497 0.00098698 -0.850174 0.526501
21.9283 4.87417 20.1593 0.000988635 -0.850173 0.526503
23.0082 4.87878 20.1647 0.000990136 -0.850173 0.526503
24.0085 4.86811 20.1456 0.000989406 -0.850173 0.526503
25.0297 4.88456 20.1703 0.000989714 -0.850174 0.526501
26.0978 4.87717 20.1563 0.000988538 -0.850174 0.526501
27.2447 4.89665 20.1856 0.000988122 -0.850172 0.526504
28.3047 4.88409 20.1633 0.000988886 -0.850174 0.526502
29.3923 4.89793 20.1836 0.000988673 -0.850173 0.526502
30.478 4.89226 20.1724 0.000987367 -0.850172 0.526504
31.5778 4.89437 20.1738 0.000988054 -0.850175 0.5265
32.8057 4.87774 20.1446 0.00098962 -0.850173 0.526502
33.9258 4.89428 20.1692 0.000988098 -0.850174 0.5265
34.9608 4.87966 20.1437 0.000987919 -0.850173 0.526503
35.9614 4.89255 20.1626 0.000986586 -0.850174 0.526501
37.0062 4.89403 20.163 0.000989199 -0.850172 0.526504
38.0552 4.89743 20.1666 0.000987302 -0.850173 0.526502
39.0731 4.88984 20.1524 0.000990904 -0.850175 0.5265
40.1663 4.88263 20.1387 0.000987656 -0.850173 0.526503
41.339 4.90655 20.1751 0.000990813 -0.850175 0.526499
42.3533 4.90213 20.1661 0.000988101 -0.850175 0.526499
43.3794 4.89099 20.1462 0.000988198 -0.850173 0.526502
44.4032 4.88832 20.1399 0.00098912 -0.850174 0.526501
45.4274 4.89951 20.1561 0.000989155 -0.850173 0.526503
46.5212 4.88294 20.1273 0.000985426 -0.850176 0.526497
47.5541 4.89297 20.1415 0.000993647 -0.850172 0.526503
48.2397 5.12818 20.52 0.000994493 -0.85017 0.526508
48.2417 5.66553 21.3877 0.000991034 -0.850169 0.526509
48.2559 6.22709 22.2945 0.000995064 -0.850169 0.526509
47.7129 6.59465 22.889 0.000988657 -0.850167 0.526512
46.6446 6.5746 22.8586 0.000990141 -0.850167 0.526512
45.595 6.57476 22.8608 0.00098994 -0.850167 0.526512
44.5452 6.56564 22.8481 0.000989029 -0.850168 0.526511
43.4565 6.55249 22.8289 0.00099068 -0.850168 0.52651
42.3351 6.56369 22.8491 0.00098841 -0.850167 0.526512
41.3017 6.56154 22.8476 0.000987713 -0.850167 0.526512
40.228 6.54648 22.8253 0.000992328 -0.850168 0.52651
39.0661 6.54374 22.823 0.000986857 -0.850167 0.526512
38.0453 6.54069 22.82 0.000988778 -0.850167 0.526512
36.8736 6.54155 22.8236 0.000988835 -0.850168 0.526511
35.7908 6.55659 22.8499 0.000988506 -0.850168 0.52651
34.6492 6.53929 22.8241 0.000986689 -0.850168 0.526511
33.4467 6.54885 22.8418 0.00098846 -0.850166 0.526513
32.4186 6.5486 22.8434 0.000989144 -0.850169 0.526509
31.4023 6.5327 22.8196 0.000987723 -0.850167 0.526513
30.3541 6.53973 22.8329 0.000989638 -0.850168 0.52651
29.3418 6.5425 22.8393 0.000989732 -0.850169 0.526509
28.305 6.5379 22.8338 0.000989203 -0.850168 0.526511
27.1978 6.5264 22.8173 0.00098882 -0.850167 0.526512
26.1548 6.5278 22.8215 0.000990322 -0.850169 0.52651
25.0921 6.51723 22.8065 0.00098764 -0.850169 0.526509
24.0427 6.51805 22.8098 0.000989528 -0.85017 0.526507
23.0339 6.51816 22.8118 0.000989481 -0.850169 0.526508
22.0301 6.49245 22.7722 0.000987074 -0.85017 0.526507
20.9179 6.49926 22.7853 0.000987141 -0.850171 0.526506
19.8917 6.50622 22.7985 0.000988984 -0.850169 0.526509
18.8459 6.51018 22.8068 0.00098848 -0.850171 0.526505
17.688 6.49702 22.7877 0.000989129 -0.85017 0.526507
16.6697 6.49502 22.7864 0.000989196 -0.850171 0.526506
15.5372 6.48931 22.7793 0.000990466 -0.85017 0.526508
14.4397 6.50471 22.8063 0.000990174 -0.850169 0.52651
13.3952 6.5013 22.8027 0.00098835 -0.850169 0.526509
12.3572 6.5023 22.8063 0.000987364 -0.850169 0.526509
11.2331 6.49139 22.7908 0.000988337 -0.850171 0.526506
10.101 6.48879 22.7887 0.000984827 -0.85017 0.526507
8.93806 6.48753 22.7888 0.000987268 -0.850169 0.526508
7.89895 6.48385 22.7848 0.000986743 -0.850171 0.526506
6.85997 6.4771 22.7759 0.000987754 -0.850168 0.52651
5.70891 6.48344 22.7883 0.000985374 -0.850167 0.526513
4.62309 6.48701 22.7961 0.000982637 -0.850166 0.526514
3.51938 6.48393 22.7932 0.000984542 -0.850167 0.526513
2.51145 6.48597 22.7983 0.000981317 -0.850167 0.526511
1.7625 6.23172 22.3892 0.000983503 -0.850164 0.526517
1.71784 5.72952 21.5784 0.000986856 -0.850166 0.526514
0.634739 5.72258 21.5692 0.000983469 -0.850165 0.526515
0.662187 5.12359 20.6019 0.00098462 -0.850166 0.526514
0.65679 4.54294 19.6644 0.000985219 -0.850166 0.526513
1.29953 4.26766 19.2187 0.000987616 -0.85017 0.526507
2.30615 4.26491 19.2123 0.000987964 -0.85017 0.526507
3.48775 4.27 19.2183 0.000988308 -0.85017 0.526507
4.49582 4.278 19.2294 0.000986655 -0.850171 0.526506
5.67252 4.28754 19.2426 0.000986381 -0.850171 0.526506
6.71667 4.27645 19.2227 0.000988299 -0.85017 0.526507
7.73752 4.28199 19.2297 0.000990595 -0.850169 0.526508
8.9716 4.29075 19.2415 0.000987974 -0.85017 0.526507
10.0977 4.29147 19.2406 0.000988183 -0.850169 0.526509
11.1731 4.29401 19.2427 0.00098944 -0.85017 0.526507
12.2141 4.29109 19.236 0.000987641 -0.850169 0.526509
13.2138 4.27946 19.2154 0.000988525 -0.850169 0.526509
14.2159 4.29732 19.2423 0.000990042 -0.850171 0.526506
15.3925 4.28564 19.2212 0.000989472 -0.850169 0.526509
16.6685 4.29927 19.2408 0.000987504 -0.85017 0.526507
17.8426 4.28732 19.2193 0.000989251 -0.850169 0.526509
18.9865 4.28154 19.2079 0.000989274 -0.85017 0.526507
20.081 4.29677 19.2304 0.00099108 -0.850169 0.526509
21.1324 4.29904 19.2321 0.000986094 -0.850173 0.526503
22.2371 4.30128 19.2336 0.000989538 -0.850169 0.526509
23.3422 4.2944 19.2204 0.000988487 -0.850171 0.526506
24.482 4.29317 19.2163 0.00098853 -0.850172 0.526505
25.5026 4.30004 19.2255 0.000989951 -0.850169 0.526509
26.5572 4.29849 19.221 0.000990089 -0.850171 0.526506
27.5582 4.30781 19.2342 0.000989704 -0.85017 0.526507
28.6456 4.31569 19.2449 0.00098857 -0.85017 0.526507
29.7374 4.30592 19.227 0.000988989 -0.850172 0.526504
30.8121 4.31473 19.2393 0.000990025 -0.850173 0.526503
31.9793 4.31351 19.2351 0.000988753 -0.850172 0.526504
33.1649 4.3042 19.2178 0.000988803 -0.85017 0.526507
34.2878 4.3161 19.2349 0.000991008 -0.850172 0.526504
35.297 4.30429 19.214 0.000985369 -0.850173 0.526503
36.4049 4.30714 19.2165 0.000987324 -0.850172 0.526504
37.553 4.32489 19.243 0.000991502 -0.850173 0.526502
38.5614 4.31136 19.2193 0.000988258 -0.850173 0.526503
39.605 4.3157 19.2243 0.000988329 -0.850175 0.526499
40.6865 4.31818 19.2263 0.000986347 -0.850174 0.5265
41.8347 4.33211 19.2466 0.000990402 -0.850173 0.526502
42.932 4.32262 19.2292 0.000988412 -0.850176 0.526497
44.0993 4.31502 19.2148 0.000987468 -0.850173 0.526502
45.1026 4.33333 19.2425 0.00098724 -0.850173 0.526502
46.1414 4.32811 19.2321 0.000990284 -0.850174 0.526502
47.234 4.32778 19.2295 0.000987435 -0.850174 0.526501
48.3654 4.3296 19.2303 0.000991581 -0.850175 0.5265
49.32 4.48296 19.4761 0.000995448 -0.85017 0.526507
49.3375 5.02353 20.349 0.000994472 -0.850171 0.526506
49.3345 5.59925 21.2786 0.000995849 -0.85017 0.526507
49.3473 6.13806 22.1486 0.00099356 -0.850169 0.526508
49.3646 6.67185 23.0105 0.000995196 -0.85017 0.526508
49.081 7.14018 23.7673 0.000989996 -0.850168 0.526511
47.9098 7.15013 23.7856 0.000986433 -0.850168 0.526511
46.8542 7.13583 23.7644 0.000990497 -0.850168 0.526511
45.8137 7.13882 23.7712 0.000990521 -0.850166 0.526514
44.706 7.1382 23.7723 0.000989315 -0.850169 0.52651
43.6126 7.12134 23.7471 0.000988354 -0.850168 0.526511
42.5939 7.11783 23.7434 0.000990233 -0.850168 0.526511
41.4626 7.12918 23.7638 0.000986937 -0.850168 0.526511
40.3072 7.1209 23.7526 0.000990372 -0.850168 0.52651
39.1467 7.12252 23.7574 0.000989123 -0.850169 0.526509
38.0956 7.11183 23.7421 0.000989606 -0.850166 0.526514
36.9388 7.11986 23.7573 0.000988211 -0.850168 0.526511
35.8615 7.1282 23.7728 0.000988885 -0.850167 0.526512
34.796 7.11049 23.7462 0.00098765 -0.850168 0.526511
33.7382 7.11678 23.7583 0.000988684 -0.850167 0.526512
32.645 7.11676 23.7603 0.000988918 -0.850167 0.526512
31.5578 7.11197 23.7547 0.000989665 -0.850168 0.526511
30.428 7.10159 23.74 0.000988353 -0.850167 0.526512
29.3216 7.10339 23.745 0.000990021 -0.850168 0.526511
28.2616 7.10333 23.7469 0.000988238 -0.850167 0.526512
27.2289 7.09955 23.7427 0.000988984 -0.850167 0.526513
26.1953 7.09555 23.7382 0.000990909 -0.850166 0.526513
25.1918 7.08732 23.7268 0.000988393 -0.850167 0.526512
24.1154 7.09347 23.7388 0.000990338 -0.850167 0.526513
23.0429 7.09469 23.7427 0.000987873 -0.850167 0.526512
22.0249 7.07406 23.7114 0.000989108 -0.850167 0.526512
20.9205 7.07975 23.7226 0.000991265 -0.850168 0.526511
19.7053 7.07399 23.7156 0.000990072 -0.850168 0.526511
18.6236 7.07612 23.7211 0.000990055 -0.850168 0.526511
17.5206 7.06862 23.711 0.000987369 -0.850167 0.526512
16.4189 7.06141 23.7014 0.000987515 -0.85017 0.526508
15.4026 7.06364 23.707 0.000987986 -0.850169 0.526509
14.3881 7.06719 23.7146 0.000987546 -0.850169 0.526509
13.2327 7.061 23.7068 0.00098722 -0.85017 0.526507
12.0997 7.0659 23.7168 0.000987489 -0.850169 0.526508
10.9647 7.05436 23.7003 0.000987669 -0.850168 0.52651
9.83764 7.05243 23.6993 0.000986023 -0.85017 0.526507
8.70681 7.0608 23.715 0.00098634 -0.850169 0.526509
7.64736 7.05016 23.6998 0.000984348 -0.850169 0.526509
6.58184 7.04649 23.6958 0.000985617 -0.850168 0.526511
5.51944 7.05027 23.7039 0.000982263 -0.850167 0.526512
4.41275 7.05008 23.7057 0.000981209 -0.850166 0.526513
3.23966 7.043 23.6964 0.000984157 -0.850166 0.526514
2.16053 7.04547 23.7024 0.000983164 -0.850166 0.526514
1.055 7.04461 23.7031 0.000983728 -0.850167 0.526512
0.660597 6.62057 23.0191 0.000987414 -0.850167 0.526513
0.644781 6.0745 22.1374 0.000983777 -0.850167 0.526512
0.638963 5.81632 21.7205 0.000982901 -0.850166 0.526514
2.32848 5.6907 21.5145 0.000982257 -0.850166 0.526515
3.49945 5.69168 21.5139 0.000986549 -0.850169 0.52651
4.54876 5.69256 21.5134 0.000985696 -0.850168 0.526511
5.63689 5.69347 21.5128 0.000989457 -0.85017 0.526508
6.68544 5.69435 21.5123 0.000988167 -0.850171 0.526506
7.7409 5.69524 21.5117 0.000989144 -0.85017 0.526507
8.88828 5.6962 21.5111 0.000988126 -0.850171 0.526506
10.0817 5.6972 21.5105 0.000987844 -0.85017 0.526508
11.0826 5.69804 21.51 0.000987016 -0.850171 0.526506
12.1568 5.69895 21.5094 0.000988108 -0.85017 0.526507
13.2121 5.69983 21.5089 0.000988805 -0.850169 0.526509
14.3198 5.70076 21.5083 0.000987057 -0.850168 0.52651
15.3278 5.70161 21.5078 0.000988185 -0.85017 0.526507
16.4463 5.70255 21.5072 0.000991231 -0.850171 0.526506
17.4879 5.70343 21.5067 0.000989835 -0.85017 0.526507
18.5005 5.70428 21.5061 0.000988881 -0.850169 0.526509
19.5846 5.70519 21.5056 0.000988528 -0.85017 0.526507
20.596 5.70604 21.505 0.000988199 -0.85017 0.526507
21.6143 5.70689 21.5045 0.000987744 -0.850172 0.526505
22.7143 5.70782 21.5039 0.000988601 -0.85017 0.526507
23.9301 5.70884 21.5033 0.000986035 -0.850171 0.526506
25.0241 5.70976 21.5027 0.000987042 -0.850171 0.526506
26.2198 5.71077 21.5021 0.00098889 -0.850169 0.526508
27.2337 5.71162 21.5016 0.000988704 -0.850171 0.526506
28.3503 5.71256 21.501 0.000989368 -0.850171 0.526506
29.3878 5.71343 21.5005 0.000987313 -0.850171 0.526505
30.508 5.71437 21.4999 0.000988152 -0.850171 0.526506
31.651 5.71533 21.4993 0.000988373 -0.85017 0.526508
32.6726 5.71619 21.4988 0.000988387 -0.850168 0.526511
33.6842 5.71704 21.4982 0.000987597 -0.85017 0.526507
34.7932 5.71797 21.4977 0.000988165 -0.850169 0.526509
35.8221 5.71884 21.4971 0.000988599 -0.85017 0.526507
36.8546 5.7197 21.4966 0.000989236 -0.850169 0.526508
37.8803 5.72057 21.4961 0.000990401 -0.850168 0.52651
38.9852 5.72149 21.4955 0.000990413 -0.850168 0.52651
39.9948 5.72234 21.495 0.000987514 -0.850169 0.526508
41.0505 5.72323 21.4944 0.000986823 -0.85017 0.526508
42.1431 5.72415 21.4938 0.000990869 -0.850169 0.52651
43.1487 5.725 21.4933 0.000992482 -0.850168 0.526511
44.151 5.72584 21.4928 0.000990141 -0.850168 0.52651
45.1524 5.72668 21.4923 0.000987994 -0.850168 0.526511
46.223 5.72758 21.4917 0.000988117 -0.850166 0.526514
47.2822 5.72847 21.4912 0.000991888 -0.850166 0.526513
47.6849 5.72881 21.4909 0.00099521 -0.850169 0.526509
47.586 6.22701 22.2956 0.000988965 -0.850168 0.52651
46.5122 6.22611 22.2961 0.000989397 -0.850167 0.526512
45.4849 6.22524 22.2967 0.000988638 -0.850168 0.526511
44.388 6.22432 22.2973 0.000987248 -0.850168 0.526511
43.2562 6.22337 22.2978 0.000987228 -0.850167 0.526512
42.1708 6.22246 22.2984 0.000988736 -0.850167 0.526513
41.053 6.22152 22.299 0.000990706 -0.850166 0.526513
40.031 6.22066 22.2995 0.000989799 -0.850167 0.526512
39.0029 6.21979 22.3001 0.000991247 -0.850167 0.526513
37.963 6.21892 22.3006 0.000987242 -0.85017 0.526508
36.9283 6.21805 22.3011 0.000988954 -0.850167 0.526512
35.9072 6.21719 22.3017 0.000989666 -0.850168 0.52651
34.8335 6.21629 22.3022 0.000988746 -0.850168 0.526511
33.8013 6.21542 22.3028 0.000989098 -0.850168 0.52651
32.6663 6.21446 22.3034 0.000988197 -0.850169 0.52651
31.6177 6.21358 22.3039 0.000986762 -0.850169 0.526509
30.5477 6.21268 22.3045 0.000990552 -0.850169 0.526509
29.5197 6.21182 22.305 0.000989086 -0.850169 0.526509
28.3845 6.21086 22.3056 0.000988354 -0.850168 0.52651
27.2837 6.20994 22.3062 0.000988059 -0.850169 0.526509
26.2413 6.20906 22.3067 0.000987323 -0.850168 0.52651
25.0899 6.2081 22.3073 0.000990961 -0.850171 0.526505
23.8948 6.20709 22.3079 0.000988137 -0.850169 0.526508
22.8707 6.20623 22.3085 0.000985954 -0.85017 0.526508
21.9332 6.20544 22.3089 0.000984981 -0.850169 0.526508
21.108 6.20475 22.3094 0.000990386 -0.850171 0.526506
19.9794 6.2038 22.31 0.000989951 -0.85017 0.526508
18.8142 6.20282 22.3106 0.000987079 -0.85017 0.526508
17.728 6.20191 22.3111 0.000989404 -0.85017 0.526508
16.7002 6.20105 22.3117 0.000988834 -0.850169 0.526508
15.5398 6.20007 22.3123 0.000988559 -0.850169 0.526509
14.3939 6.19911 22.3129 0.000988521 -0.85017 0.526508
13.3506 6.19823 22.3134 0.000986457 -0.850172 0.526505
12.305 6.19735 22.314 0.000988987 -0.85017 0.526508
11.2436 6.19646 22.3145 0.000988431 -0.85017 0.526507
10.1546 6.19554 22.3151 0.000989542 -0.85017 0.526507
8.96503 6.19454 22.3157 0.000988846 -0.850171 0.526506
8.60026 6.19424 22.3159 0.000988121 -0.850169 0.52651
8.06366 6.19379 22.3162 0.000988192 -0.850171 0.526506
6.91613 6.19282 22.3168 0.000988285 -0.850169 0.52651
6.63367 6.19259 22.3169 0.000985384 -0.850169 0.526509
6.60405 6.19256 22.3169 0.000989576 -0.850168 0.52651
6.16349 6.19219 22.3171 0.000985757 -0.850168 0.52651
5.03991 6.19125 22.3177 0.000982231 -0.850167 0.526512
3.93688 6.19033 22.3183 0.000982301 -0.850167 0.526512
2.89722 6.18946 22.3188 0.000983283 -0.850166 0.526513
2.49653 6.18912 22.319 0.000983482 -0.850166 0.526513
2.50889 5.19256 20.7099 0.000983388 -0.850168 0.526511
3.54973 5.19344 20.7093 0.000984434 -0.85017 0.526508
4.64447 5.19435 20.7088 0.000989107 -0.85017 0.526508
5.70146 5.19524 20.7082 0.000988407 -0.850173 0.526503
6.72345 5.1961 20.7077 0.000985304 -0.850172 0.526504
7.78274 5.19699 20.7071 0.00099041 -0.850171 0.526506
8.89447 5.19793 20.7065 0.000988487 -0.850171 0.526506
10.038 5.19889 20.706 0.000987503 -0.850171 0.526506
11.0883 5.19977 20.7054 0.000988224 -0.850171 0.526506
12.0951 5.20062 20.7049 0.000989096 -0.850172 0.526505
13.2442 5.20158 20.7043 0.0009896 -0.850171 0.526506
14.3094 5.20248 20.7037 0.000987393 -0.850171 0.526505
15.4662 5.20345 20.7031 0.000990221 -0.85017 0.526507
16.5973 5.2044 20.7025 0.000988722 -0.850171 0.526506
17.6238 5.20526 20.702 0.000987362 -0.850171 0.526505
18.672 5.20614 20.7015 0.000987348 -0.850171 0.526505
19.6756 5.20699 20.7009 0.000988903 -0.850172 0.526504
20.7755 5.20791 20.7004 0.000988464 -0.850172 0.526504
21.8328 5.2088 20.6998 0.000988089 -0.850171 0.526505
22.8597 5.20966 20.6993 0.000987921 -0.850171 0.526506
23.9282 5.21056 20.6987 0.000989923 -0.850171 0.526506
25.0658 5.21152 20.6981 0.000987211 -0.850171 0.526505
26.2144 5.21248 20.6975 0.00098814 -0.850172 0.526504
27.2693 5.21337 20.697 0.000989946 -0.850171 0.526505
28.2786 5.21422 20.6965 0.000987604 -0.850173 0.526502
29.4122 5.21517 20.6959 0.000988235 -0.850172 0.526504
30.6071 5.21617 20.6952 0.000988489 -0.850172 0.526504
31.6223 5.21703 20.6947 0.000986447 -0.850171 0.526506
32.6846 5.21792 20.6942 0.000987136 -0.85017 0.526507
33.7128 5.21878 20.6936 0.000989833 -0.850171 0.526506
34.8223 5.21972 20.6931 0.000991468 -0.850174 0.526501
35.8459 5.22058 20.6925 0.000990661 -0.850172 0.526504
36.8772 5.22144 20.692 0.000986804 -0.850172 0.526505
37.929 5.22233 20.6914 0.000988627 -0.850171 0.526506
39.0079 5.22323 20.6909 0.000989216 -0.850171 0.526506
40.0827 5.22414 20.6903 0.000987937 -0.85017 0.526507
41.1802 5.22506 20.6897 0.000988648 -0.850172 0.526504
42.3265 5.22602 20.6891 0.000988771 -0.85017 0.526507
43.3328 5.22687 20.6886 0.000988415 -0.85017 0.526507
44.3356 5.22771 20.6881 0.000987371 -0.850169 0.526508
45.4197 5.22862 20.6875 0.000987344 -0.850171 0.526506
46.4692 5.2295 20.687 0.000990537 -0.850169 0.52651
47.4769 5.23035 20.6865 0.000994718 -0.850172 0.526504
47.4963 5.23037 20.6865 0.000993295 -0.850171 0.526506
